,price_close,price_high,price_low,price_open,time_close,time_open,time_period_end,time_period_start,trades_count,volume_traded
0,523.46915568,525.54526993,511.05683478,511.82973374,2018-08-20T22:52:01.3170000Z,2018-08-20T22:16:47.7870000Z,2018-08-20T23:00:00.0000000Z,2018-08-20T22:00:00.0000000Z,58,27.43808587
1,516.53587545,519.1,508.23307001,519.1,2018-08-20T23:52:00.9870000Z,2018-08-20T23:00:13.7100000Z,2018-08-21T00:00:00.0000000Z,2018-08-20T23:00:00.0000000Z,149,339.88927996
2,519.1,523.32407502,512.0,512.0,2018-08-21T00:48:47.2030000Z,2018-08-21T00:02:16.9470000Z,2018-08-21T01:00:00.0000000Z,2018-08-21T00:00:00.0000000Z,35,32.42057039
3,523.45768986,523.45870999,522.40950628,522.40950628,2018-08-21T01:42:14.4670000Z,2018-08-21T01:15:06.7800000Z,2018-08-21T02:00:00.0000000Z,2018-08-21T01:00:00.0000000Z,17,33.73998253
4,518.0,521.12471825,518.0,520.0,2018-08-21T02:57:12.1400000Z,2018-08-21T02:03:19.5800000Z,2018-08-21T03:00:00.0000000Z,2018-08-21T02:00:00.0000000Z,89,104.7751351
5,520.41258999,524.0,520.41258999,523.00501271,2018-08-21T03:57:49.1800000Z,2018-08-21T03:27:01.3830000Z,2018-08-21T04:00:00.0000000Z,2018-08-21T03:00:00.0000000Z,16,36.15829791
6,518.0,520.41258999,518.0,520.41258999,2018-08-21T04:56:06.4700000Z,2018-08-21T04:03:04.3200000Z,2018-08-21T05:00:00.0000000Z,2018-08-21T04:00:00.0000000Z,7,2.11744778
7,520.41258999,520.41258999,515.999,518.0,2018-08-21T05:52:47.2730000Z,2018-08-21T05:01:34.4200000Z,2018-08-21T06:00:00.0000000Z,2018-08-21T05:00:00.0000000Z,23,12.13192791
8,528.25166933,528.25166933,520.412589,520.41258999,2018-08-21T06:56:03.3430000Z,2018-08-21T06:01:43.4500000Z,2018-08-21T07:00:00.0000000Z,2018-08-21T06:00:00.0000000Z,30,26.7388947
9,531.11723999,533.8,528.25166933,528.25166933,2018-08-21T07:57:56.2770000Z,2018-08-21T07:12:02.3330000Z,2018-08-21T08:00:00.0000000Z,2018-08-21T07:00:00.0000000Z,32,8.26565693
10,536.0,537.0,527.5,527.5,2018-08-21T08:59:08.3330000Z,2018-08-21T08:01:34.8170000Z,2018-08-21T09:00:00.0000000Z,2018-08-21T08:00:00.0000000Z,27,7.87958373
11,537.08596,542.56824848,537.0,537.0,2018-08-21T09:44:28.2330000Z,2018-08-21T09:00:01.5700000Z,2018-08-21T10:00:00.0000000Z,2018-08-21T09:00:00.0000000Z,15,4.05776464
12,538.99997999,538.99997999,533.0,533.0,2018-08-21T10:52:02.8400000Z,2018-08-21T10:02:46.8670000Z,2018-08-21T11:00:00.0000000Z,2018-08-21T10:00:00.0000000Z,12,3.59019004
13,537.92688904,539.0,537.92688904,539.0,2018-08-21T11:44:04.9670000Z,2018-08-21T11:00:02.3430000Z,2018-08-21T12:00:00.0000000Z,2018-08-21T11:00:00.0000000Z,6,0.02042656
14,537.35799991,537.41639528,535.96907217,537.14574521,2018-08-21T12:36:01.2770000Z,2018-08-21T12:04:01.3430000Z,2018-08-21T13:00:00.0000000Z,2018-08-21T12:00:00.0000000Z,12,1.8902129699999999
15,531.06971824,538.94432726,524.18719926,538.94432726,2018-08-21T13:52:06.7930000Z,2018-08-21T13:00:03.3770000Z,2018-08-21T14:00:00.0000000Z,2018-08-21T13:00:00.0000000Z,27,7.90537291
16,530.27591999,530.27591999,519.19458186,524.13151796,2018-08-21T14:52:30.1930000Z,2018-08-21T14:00:40.2500000Z,2018-08-21T15:00:00.0000000Z,2018-08-21T14:00:00.0000000Z,17,3.21458372
17,528.86943672,528.86943672,520.29399003,522.0,2018-08-21T15:40:00.9470000Z,2018-08-21T15:12:23.5670000Z,2018-08-21T16:00:00.0000000Z,2018-08-21T15:00:00.0000000Z,10,1.4092115
18,530.28066096,530.28066096,519.26002262,528.72247982,2018-08-21T16:58:32.1130000Z,2018-08-21T16:00:12.4630000Z,2018-08-21T17:00:00.0000000Z,2018-08-21T16:00:00.0000000Z,14,0.3841466
19,528.50005392,530.99400879,526.68061206,530.27642687,2018-08-21T17:56:00.9700000Z,2018-08-21T17:00:03.9770000Z,2018-08-21T18:00:00.0000000Z,2018-08-21T17:00:00.0000000Z,10,2.5047806599999998
20,531.50446055,531.50446055,522.24414141,522.24414141,2018-08-21T18:56:01.1770000Z,2018-08-21T18:15:47.3700000Z,2018-08-21T19:00:00.0000000Z,2018-08-21T18:00:00.0000000Z,10,0.44406298
21,532.59519052,532.59519052,531.504,531.504,2018-08-21T19:44:01.5500000Z,2018-08-21T19:13:21.8100000Z,2018-08-21T20:00:00.0000000Z,2018-08-21T19:00:00.0000000Z,3,1.5885530700000001
22,525.15135107,531.33097999,520.22751001,531.33097999,2018-08-21T20:52:47.7300000Z,2018-08-21T20:04:01.2370000Z,2018-08-21T21:00:00.0000000Z,2018-08-21T20:00:00.0000000Z,19,2.15587334
23,534.35092,537.0,530.58766036,530.58766036,2018-08-21T21:58:26.2630000Z,2018-08-21T21:19:08.4700000Z,2018-08-21T22:00:00.0000000Z,2018-08-21T21:00:00.0000000Z,12,2.44894234
24,536.384,536.384,533.23335063,533.23335063,2018-08-21T22:56:28.5900000Z,2018-08-21T22:38:13.0470000Z,2018-08-21T23:00:00.0000000Z,2018-08-21T22:00:00.0000000Z,4,0.10297543
25,539.15796998,539.15840998,535.31293251,536.384,2018-08-21T23:46:29.0000000Z,2018-08-21T23:00:57.8170000Z,2018-08-22T00:00:00.0000000Z,2018-08-21T23:00:00.0000000Z,20,3.28656914
26,530.0,534.79982227,530.0,534.79982227,2018-08-22T00:58:18.3800000Z,2018-08-22T00:15:50.5930000Z,2018-08-22T01:00:00.0000000Z,2018-08-22T00:00:00.0000000Z,10,1.75450187
27,568.52380847,570.79719699,529.0,529.0,2018-08-22T01:59:36.4500000Z,2018-08-22T01:00:36.0100000Z,2018-08-22T02:00:00.0000000Z,2018-08-22T01:00:00.0000000Z,307,280.99443335
28,557.35002002,571.0,556.53897667,568.52380844,2018-08-22T02:57:18.7500000Z,2018-08-22T02:00:25.6200000Z,2018-08-22T03:00:00.0000000Z,2018-08-22T02:00:00.0000000Z,36,34.34510761
29,557.80687,557.80687,556.53580238,557.80686502,2018-08-22T03:51:12.7470000Z,2018-08-22T03:15:36.0830000Z,2018-08-22T04:00:00.0000000Z,2018-08-22T03:00:00.0000000Z,4,5.55787325
30,557.29647013,562.45927998,557.29647013,557.80687,2018-08-22T04:48:59.0400000Z,2018-08-22T04:02:37.4170000Z,2018-08-22T05:00:00.0000000Z,2018-08-22T04:00:00.0000000Z,8,1.76266311
31,554.48784539,554.48784539,548.00001916,552.16728,2018-08-22T05:50:27.2500000Z,2018-08-22T05:18:06.2670000Z,2018-08-22T06:00:00.0000000Z,2018-08-22T05:00:00.0000000Z,21,10.54851511
32,552.0,553.92331904,550.4,553.92331904,2018-08-22T06:58:42.1900000Z,2018-08-22T06:15:43.8100000Z,2018-08-22T07:00:00.0000000Z,2018-08-22T06:00:00.0000000Z,7,9.77681758
33,550.0,553.92363983,550.0,552.54372998,2018-08-22T07:59:50.3730000Z,2018-08-22T07:01:10.9770000Z,2018-08-22T08:00:00.0000000Z,2018-08-22T07:00:00.0000000Z,47,203.24440405
34,548.79805999,548.79940052,543.00892074,547.98963169,2018-08-22T08:52:01.3230000Z,2018-08-22T08:08:02.5800000Z,2018-08-22T09:00:00.0000000Z,2018-08-22T08:00:00.0000000Z,14,3.42272274
35,551.16172528,552.683251,547.0,547.0,2018-08-22T09:56:01.1900000Z,2018-08-22T09:04:57.5900000Z,2018-08-22T10:00:00.0000000Z,2018-08-22T09:00:00.0000000Z,20,6.74348831
36,548.99964484,549.31091635,548.99964484,549.31091635,2018-08-22T10:04:00.8330000Z,2018-08-22T10:00:19.5900000Z,2018-08-22T11:00:00.0000000Z,2018-08-22T10:00:00.0000000Z,3,0.12095747
37,545.94440003,548.11565499,544.0,548.11565499,2018-08-22T11:35:33.8730000Z,2018-08-22T11:04:01.3200000Z,2018-08-22T12:00:00.0000000Z,2018-08-22T11:00:00.0000000Z,8,9.77992563
38,549.0,553.0,548.59231997,548.59231997,2018-08-22T12:58:35.9830000Z,2018-08-22T12:00:26.9330000Z,2018-08-22T13:00:00.0000000Z,2018-08-22T12:00:00.0000000Z,17,1.79779624
39,548.82287998,550.99949998,545.94400001,550.99937502,2018-08-22T13:54:42.7170000Z,2018-08-22T13:00:29.8470000Z,2018-08-22T14:00:00.0000000Z,2018-08-22T13:00:00.0000000Z,24,1.9001042
40,547.64458725,548.82291998,542.37442314,548.82287998,2018-08-22T14:52:35.1700000Z,2018-08-22T14:01:28.9800000Z,2018-08-22T15:00:00.0000000Z,2018-08-22T14:00:00.0000000Z,17,6.04288131
41,532.90000708,548.38365999,532.90000702,547.69865999,2018-08-22T15:59:58.9770000Z,2018-08-22T15:02:36.6970000Z,2018-08-22T16:00:00.0000000Z,2018-08-22T15:00:00.0000000Z,39,74.12546121
42,529.83200249,533.65400999,522.67914142,532.90000708,2018-08-22T16:56:34.3030000Z,2018-08-22T16:00:02.1970000Z,2018-08-22T17:00:00.0000000Z,2018-08-22T16:00:00.0000000Z,80,43.26289346
43,523.04142761,529.83189999,523.04142761,529.83189999,2018-08-22T17:59:27.6170000Z,2018-08-22T17:12:20.8670000Z,2018-08-22T18:00:00.0000000Z,2018-08-22T17:00:00.0000000Z,11,7.9112066
44,521.0,524.29557999,521.0,523.04142761,2018-08-22T18:59:54.5670000Z,2018-08-22T18:00:35.9770000Z,2018-08-22T19:00:00.0000000Z,2018-08-22T18:00:00.0000000Z,38,14.39079682
45,518.0,521.0,516.66149466,521.0,2018-08-22T19:59:47.1370000Z,2018-08-22T19:00:00.3630000Z,2018-08-22T20:00:00.0000000Z,2018-08-22T19:00:00.0000000Z,73,19.77425704
46,511.97388002,517.99999999,510.4754627,517.99999999,2018-08-22T20:53:31.4000000Z,2018-08-22T20:04:06.3670000Z,2018-08-22T21:00:00.0000000Z,2018-08-22T20:00:00.0000000Z,32,39.72111001
47,520.99,520.99,511.97388002,511.97388002,2018-08-22T21:55:54.2730000Z,2018-08-22T21:09:11.4000000Z,2018-08-22T22:00:00.0000000Z,2018-08-22T21:00:00.0000000Z,17,7.37274562
48,520.25490999,524.797,510.0,516.24,2018-08-22T22:57:29.1400000Z,2018-08-22T22:06:32.8100000Z,2018-08-22T23:00:00.0000000Z,2018-08-22T22:00:00.0000000Z,48,53.55590947
49,520.59570061,521.35408623,515.0,517.10002528,2018-08-22T23:39:49.7000000Z,2018-08-22T23:09:02.2900000Z,2018-08-23T00:00:00.0000000Z,2018-08-22T23:00:00.0000000Z,47,121.02336
50,521.18080289,522.0,520.79994529,520.79994529,2018-08-23T00:58:22.9330000Z,2018-08-23T00:05:22.0830000Z,2018-08-23T01:00:00.0000000Z,2018-08-23T00:00:00.0000000Z,7,1.6771525299999999
51,525.16064999,525.24283498,523.5,524.45822782,2018-08-23T01:48:56.3600000Z,2018-08-23T01:05:38.2770000Z,2018-08-23T02:00:00.0000000Z,2018-08-23T01:00:00.0000000Z,11,19.72504738
52,520.57893323,525.69236999,520.57893323,524.80096498,2018-08-23T02:57:19.0930000Z,2018-08-23T02:00:05.7900000Z,2018-08-23T03:00:00.0000000Z,2018-08-23T02:00:00.0000000Z,4,5.69277281
53,517.0,520.46757642,515.0,520.46757642,2018-08-23T03:44:51.7130000Z,2018-08-23T03:12:25.5470000Z,2018-08-23T04:00:00.0000000Z,2018-08-23T03:00:00.0000000Z,74,255.83984945
54,518.99945998,520.09016998,515.00020016,520.09016998,2018-08-23T04:52:30.4170000Z,2018-08-23T04:11:42.1030000Z,2018-08-23T05:00:00.0000000Z,2018-08-23T04:00:00.0000000Z,10,0.88121173
55,520.50665217,520.50665217,515.41264573,519.94984555,2018-08-23T05:37:05.1500000Z,2018-08-23T05:06:19.2630000Z,2018-08-23T06:00:00.0000000Z,2018-08-23T05:00:00.0000000Z,11,3.5009562499999998
56,525.52210232,525.52210232,519.92492531,523.84781574,2018-08-23T06:36:05.1100000Z,2018-08-23T06:16:02.9230000Z,2018-08-23T07:00:00.0000000Z,2018-08-23T06:00:00.0000000Z,3,0.03867313
57,523.09349246,523.09349246,517.16449493,521.50680869,2018-08-23T07:52:00.9570000Z,2018-08-23T07:32:01.1300000Z,2018-08-23T08:00:00.0000000Z,2018-08-23T07:00:00.0000000Z,3,0.04512099
58,515.92885842,521.90865999,515.88462555,521.90865999,2018-08-23T09:28:07.2700000Z,2018-08-23T09:08:01.7830000Z,2018-08-23T10:00:00.0000000Z,2018-08-23T09:00:00.0000000Z,14,2.68487375
59,520.43331418,521.10992365,520.43331418,521.10992365,2018-08-23T10:56:00.8670000Z,2018-08-23T10:04:01.1330000Z,2018-08-23T11:00:00.0000000Z,2018-08-23T10:00:00.0000000Z,3,0.00832112
60,519.95717091,522.36770083,519.95717091,520.44640856,2018-08-23T11:44:01.6070000Z,2018-08-23T11:13:39.7700000Z,2018-08-23T12:00:00.0000000Z,2018-08-23T11:00:00.0000000Z,6,0.72631827
61,517.00251774,517.00251774,512.86502483,515.0,2018-08-23T12:54:36.9870000Z,2018-08-23T12:01:42.5500000Z,2018-08-23T13:00:00.0000000Z,2018-08-23T12:00:00.0000000Z,20,3.32208323
62,518.93588851,522.49993998,517.78761871,522.49993998,2018-08-23T13:54:51.3400000Z,2018-08-23T13:00:07.2630000Z,2018-08-23T14:00:00.0000000Z,2018-08-23T13:00:00.0000000Z,11,0.05082993
63,525.0,525.786,518.809458,518.809458,2018-08-23T14:52:01.9230000Z,2018-08-23T14:05:19.0930000Z,2018-08-23T15:00:00.0000000Z,2018-08-23T14:00:00.0000000Z,19,9.25852741
64,525.01135995,525.07164999,522.70725997,525.07164998,2018-08-23T15:19:23.7830000Z,2018-08-23T15:04:42.5000000Z,2018-08-23T16:00:00.0000000Z,2018-08-23T15:00:00.0000000Z,5,2.13311276
65,527.0,531.16530198,523.95,523.95,2018-08-23T16:53:07.4830000Z,2018-08-23T16:13:19.5800000Z,2018-08-23T17:00:00.0000000Z,2018-08-23T16:00:00.0000000Z,29,12.66505717
66,530.43199999,531.15882841,529.89153499,531.15790371,2018-08-23T17:40:03.1870000Z,2018-08-23T17:13:32.6230000Z,2018-08-23T18:00:00.0000000Z,2018-08-23T17:00:00.0000000Z,19,39.34552817
67,523.18748988,527.05999999,521.74060494,527.04999999,2018-08-23T18:44:54.9930000Z,2018-08-23T18:24:29.5270000Z,2018-08-23T19:00:00.0000000Z,2018-08-23T18:00:00.0000000Z,14,4.02288721
68,520.2955737,520.2955737,515.51098758,515.86162908,2018-08-23T19:52:00.8800000Z,2018-08-23T19:32:31.8830000Z,2018-08-23T20:00:00.0000000Z,2018-08-23T19:00:00.0000000Z,7,0.43287294
69,520.2955737,520.2955737,520.29271481,520.29271481,2018-08-23T20:21:34.0970000Z,2018-08-23T20:05:07.5500000Z,2018-08-23T21:00:00.0000000Z,2018-08-23T20:00:00.0000000Z,2,0.1148999
70,529.0214986,529.12541999,520.95127998,520.95127998,2018-08-23T21:56:51.7670000Z,2018-08-23T21:00:03.6430000Z,2018-08-23T22:00:00.0000000Z,2018-08-23T21:00:00.0000000Z,31,63.82962241
71,531.74044998,534.83273111,527.25359254,530.432,2018-08-23T22:51:23.7870000Z,2018-08-23T22:07:24.4700000Z,2018-08-23T23:00:00.0000000Z,2018-08-23T22:00:00.0000000Z,23,33.74640641
72,533.15193836,533.68309999,531.74,531.74,2018-08-23T23:53:23.3230000Z,2018-08-23T23:16:01.2330000Z,2018-08-24T00:00:00.0000000Z,2018-08-23T23:00:00.0000000Z,7,1.26119055
73,526.37108386,533.0,526.37108386,533.0,2018-08-24T00:57:53.4870000Z,2018-08-24T00:03:20.8200000Z,2018-08-24T01:00:00.0000000Z,2018-08-24T00:00:00.0000000Z,5,1.59171756
74,528.99976998,528.99976998,528.99976998,528.99976998,2018-08-24T01:56:00.8100000Z,2018-08-24T01:56:00.8100000Z,2018-08-24T02:00:00.0000000Z,2018-08-24T01:00:00.0000000Z,1,0.00330812
75,529.5,529.5,529.0,529.0,2018-08-24T02:51:18.3000000Z,2018-08-24T02:50:37.0300000Z,2018-08-24T03:00:00.0000000Z,2018-08-24T02:00:00.0000000Z,3,0.28196215
76,530.50762546,530.76595632,528.0,528.0,2018-08-24T03:53:01.4400000Z,2018-08-24T03:00:28.7100000Z,2018-08-24T04:00:00.0000000Z,2018-08-24T03:00:00.0000000Z,3,1.9139936400000002
77,528.98782042,530.50524999,526.5,530.50524999,2018-08-24T04:56:03.7800000Z,2018-08-24T04:04:03.0000000Z,2018-08-24T05:00:00.0000000Z,2018-08-24T04:00:00.0000000Z,9,0.22761798
78,530.21186321,530.21186321,528.98778107,528.98778107,2018-08-24T05:41:58.9330000Z,2018-08-24T05:33:46.1970000Z,2018-08-24T06:00:00.0000000Z,2018-08-24T05:00:00.0000000Z,4,0.77489956
79,530.49926614,530.49973774,525.49152003,525.49152429,2018-08-24T06:40:02.8130000Z,2018-08-24T06:26:06.2670000Z,2018-08-24T07:00:00.0000000Z,2018-08-24T06:00:00.0000000Z,4,0.95317194
80,533.62247999,534.83271538,527.27437004,527.27437004,2018-08-24T07:53:11.6300000Z,2018-08-24T07:12:43.5500000Z,2018-08-24T08:00:00.0000000Z,2018-08-24T07:00:00.0000000Z,13,5.28437169
81,526.00023005,532.0,526.00023005,530.05772344,2018-08-24T08:59:47.1600000Z,2018-08-24T08:01:37.2200000Z,2018-08-24T09:00:00.0000000Z,2018-08-24T08:00:00.0000000Z,13,6.88143249
82,532.36426905,532.36426905,526.63633926,530.884,2018-08-24T09:57:19.1670000Z,2018-08-24T09:28:06.8030000Z,2018-08-24T10:00:00.0000000Z,2018-08-24T09:00:00.0000000Z,11,3.0913318
83,533.41443094,534.46909998,533.41435365,534.46909998,2018-08-24T10:56:48.9300000Z,2018-08-24T10:10:56.7200000Z,2018-08-24T11:00:00.0000000Z,2018-08-24T10:00:00.0000000Z,9,3.41169556
84,535.97571999,538.966519,533.41443094,533.41443094,2018-08-24T11:56:03.0900000Z,2018-08-24T11:00:03.6570000Z,2018-08-24T12:00:00.0000000Z,2018-08-24T11:00:00.0000000Z,19,2.02184259
85,531.14118405,534.34025978,525.13732002,534.34025978,2018-08-24T12:52:06.3630000Z,2018-08-24T12:04:06.3170000Z,2018-08-24T13:00:00.0000000Z,2018-08-24T12:00:00.0000000Z,13,2.86260448
86,533.1238942,535.5257468,528.62729001,535.5257468,2018-08-24T13:55:54.3500000Z,2018-08-24T13:00:22.9130000Z,2018-08-24T14:00:00.0000000Z,2018-08-24T13:00:00.0000000Z,15,39.09560349
87,523.121211,533.12384476,522.0,533.12384476,2018-08-24T14:59:07.2300000Z,2018-08-24T14:00:09.2500000Z,2018-08-24T15:00:00.0000000Z,2018-08-24T14:00:00.0000000Z,21,7.79027963
88,523.85315951,525.14426235,521.54180949,521.54180949,2018-08-24T15:56:01.4700000Z,2018-08-24T15:23:26.8700000Z,2018-08-24T16:00:00.0000000Z,2018-08-24T15:00:00.0000000Z,8,60.38147883
89,525.08193609,527.31386,523.85315951,523.85315951,2018-08-24T16:57:51.1600000Z,2018-08-24T16:18:21.7530000Z,2018-08-24T17:00:00.0000000Z,2018-08-24T16:00:00.0000000Z,11,0.37904909999999997
90,530.84691609,531.89169497,526.0,526.77241899,2018-08-24T17:52:02.3930000Z,2018-08-24T17:02:37.3430000Z,2018-08-24T18:00:00.0000000Z,2018-08-24T17:00:00.0000000Z,15,2.25339374
91,531.89169819,531.89169819,528.81258356,528.81258356,2018-08-24T18:54:34.2870000Z,2018-08-24T18:02:45.3070000Z,2018-08-24T19:00:00.0000000Z,2018-08-24T18:00:00.0000000Z,5,0.43469508
92,532.4439227,532.4439227,529.35323385,532.0,2018-08-24T19:56:46.2570000Z,2018-08-24T19:28:12.9100000Z,2018-08-24T20:00:00.0000000Z,2018-08-24T19:00:00.0000000Z,5,1.5859300699999999
93,527.222185,532.44394141,527.222185,528.91566001,2018-08-24T20:34:46.2670000Z,2018-08-24T20:11:20.3670000Z,2018-08-24T21:00:00.0000000Z,2018-08-24T20:00:00.0000000Z,4,0.21912818
94,532.54097055,535.29121,532.54095002,535.29121,2018-08-24T21:57:09.4470000Z,2018-08-24T21:38:09.2200000Z,2018-08-24T22:00:00.0000000Z,2018-08-24T21:00:00.0000000Z,7,2.9315213
95,531.93125001,538.96498377,531.7387808,532.56863005,2018-08-24T22:52:29.0600000Z,2018-08-24T22:02:09.6000000Z,2018-08-24T23:00:00.0000000Z,2018-08-24T22:00:00.0000000Z,51,156.96837382
96,536.15114225,536.32299849,529.40001002,529.40001002,2018-08-24T23:50:04.0370000Z,2018-08-24T23:07:31.0930000Z,2018-08-25T00:00:00.0000000Z,2018-08-24T23:00:00.0000000Z,10,11.53396265
97,533.45237002,536.69581634,530.43833167,535.67355999,2018-08-25T00:53:10.2430000Z,2018-08-25T00:04:23.7730000Z,2018-08-25T01:00:00.0000000Z,2018-08-25T00:00:00.0000000Z,12,5.27963688
98,538.9,538.9,536.69580891,536.69581634,2018-08-25T01:49:21.9970000Z,2018-08-25T01:00:10.3530000Z,2018-08-25T02:00:00.0000000Z,2018-08-25T01:00:00.0000000Z,14,4.16366766
99,540.7178132,543.8284855,536.696,536.696,2018-08-25T02:40:40.6200000Z,2018-08-25T02:02:28.6100000Z,2018-08-25T03:00:00.0000000Z,2018-08-25T02:00:00.0000000Z,23,9.33666855
100,531.60067088,540.70309998,531.60067088,537.0,2018-08-25T03:55:45.1730000Z,2018-08-25T03:09:49.3600000Z,2018-08-25T04:00:00.0000000Z,2018-08-25T03:00:00.0000000Z,38,103.45047099
101,536.08273999,536.08273999,536.08273999,536.08273999,2018-08-25T04:10:09.8300000Z,2018-08-25T04:10:03.7200000Z,2018-08-25T05:00:00.0000000Z,2018-08-25T04:00:00.0000000Z,2,0.0056602
102,536.99994996,536.99996999,536.99993999,536.99993999,2018-08-25T05:53:22.6100000Z,2018-08-25T05:30:03.3400000Z,2018-08-25T06:00:00.0000000Z,2018-08-25T05:00:00.0000000Z,5,0.34475428
103,531.023637,533.19241688,531.023637,533.19241688,2018-08-25T06:56:33.6300000Z,2018-08-25T06:31:49.9730000Z,2018-08-25T07:00:00.0000000Z,2018-08-25T06:00:00.0000000Z,12,3.95478612
104,531.56674581,531.73464687,527.02543135,528.17500002,2018-08-25T07:47:14.7270000Z,2018-08-25T07:01:39.1230000Z,2018-08-25T08:00:00.0000000Z,2018-08-25T07:00:00.0000000Z,13,3.05431357
105,533.5021733,533.5021733,528.55772792,531.52994595,2018-08-25T08:57:25.5770000Z,2018-08-25T08:00:11.1500000Z,2018-08-25T09:00:00.0000000Z,2018-08-25T08:00:00.0000000Z,7,0.47188011
106,530.55569001,533.29952999,530.55569001,532.0,2018-08-25T09:50:58.4170000Z,2018-08-25T09:21:09.4130000Z,2018-08-25T10:00:00.0000000Z,2018-08-25T09:00:00.0000000Z,14,0.9956341400000001
107,529.25222002,533.13363998,528.23090001,532.57129624,2018-08-25T10:58:52.7330000Z,2018-08-25T10:20:17.9730000Z,2018-08-25T11:00:00.0000000Z,2018-08-25T10:00:00.0000000Z,14,1.71124412
108,532.54449454,532.54449454,529.691,529.691,2018-08-25T11:52:29.7500000Z,2018-08-25T11:30:02.9800000Z,2018-08-25T12:00:00.0000000Z,2018-08-25T11:00:00.0000000Z,4,2.02400717
109,529.25167109,532.81101998,529.25167109,532.81101998,2018-08-25T12:55:24.4830000Z,2018-08-25T12:10:08.7130000Z,2018-08-25T13:00:00.0000000Z,2018-08-25T12:00:00.0000000Z,8,0.06807045
110,531.71099998,531.75855999,529.25167109,529.25167109,2018-08-25T13:38:22.6630000Z,2018-08-25T13:07:35.4330000Z,2018-08-25T14:00:00.0000000Z,2018-08-25T13:00:00.0000000Z,8,2.42776641
111,530.5,530.5,530.49999999,530.49999999,2018-08-25T14:34:31.9670000Z,2018-08-25T14:25:45.2930000Z,2018-08-25T15:00:00.0000000Z,2018-08-25T14:00:00.0000000Z,8,5.00719691
112,537.0,538.0,532.81101998,532.81101998,2018-08-25T15:51:18.2070000Z,2018-08-25T15:00:08.9130000Z,2018-08-25T16:00:00.0000000Z,2018-08-25T15:00:00.0000000Z,35,5.4268267
113,531.00041139,534.3159492,531.00041139,533.13364,2018-08-25T16:51:00.2230000Z,2018-08-25T16:05:32.7230000Z,2018-08-25T17:00:00.0000000Z,2018-08-25T16:00:00.0000000Z,6,0.19172514000000002
114,534.11472593,534.11472593,533.95449151,534.11470855,2018-08-25T17:30:19.1600000Z,2018-08-25T17:11:56.7600000Z,2018-08-25T18:00:00.0000000Z,2018-08-25T17:00:00.0000000Z,11,0.24462801
115,538.0,538.0,534.0,536.25118483,2018-08-25T18:59:31.8530000Z,2018-08-25T18:16:55.8730000Z,2018-08-25T19:00:00.0000000Z,2018-08-25T18:00:00.0000000Z,19,16.38155608
116,537.5,537.5,537.5,537.5,2018-08-25T19:53:41.6200000Z,2018-08-25T19:46:23.5530000Z,2018-08-25T20:00:00.0000000Z,2018-08-25T19:00:00.0000000Z,2,0.059905110000000004
117,537.5,537.5,537.5,537.5,2018-08-25T20:10:06.6000000Z,2018-08-25T20:07:24.9670000Z,2018-08-25T21:00:00.0000000Z,2018-08-25T20:00:00.0000000Z,3,0.34802325
118,534.0,537.5,534.0,537.5,2018-08-25T21:50:20.7870000Z,2018-08-25T21:24:36.6500000Z,2018-08-25T22:00:00.0000000Z,2018-08-25T21:00:00.0000000Z,3,0.08420082
119,538.0,538.0,534.50256267,537.5,2018-08-25T23:56:10.4900000Z,2018-08-25T23:16:43.1470000Z,2018-08-26T00:00:00.0000000Z,2018-08-25T23:00:00.0000000Z,10,2.57879366
120,533.0,536.61063194,533.0,536.61063194,2018-08-26T00:29:31.2200000Z,2018-08-26T00:10:13.9100000Z,2018-08-26T01:00:00.0000000Z,2018-08-26T00:00:00.0000000Z,3,0.0956137
121,530.25284999,535.0,529.25167109,535.0,2018-08-26T01:40:01.7900000Z,2018-08-26T01:00:08.5400000Z,2018-08-26T02:00:00.0000000Z,2018-08-26T01:00:00.0000000Z,7,0.49719151
122,521.01090464,526.3,520.95689608,526.3,2018-08-26T02:56:41.5130000Z,2018-08-26T02:16:15.5430000Z,2018-08-26T03:00:00.0000000Z,2018-08-26T02:00:00.0000000Z,74,248.3116528
123,520.54166543,520.96671746,516.0,520.95689608,2018-08-26T03:49:09.2600000Z,2018-08-26T03:00:06.1730000Z,2018-08-26T04:00:00.0000000Z,2018-08-26T03:00:00.0000000Z,93,90.44380557
124,514.82241001,520.0,514.47538825,518.28528152,2018-08-26T04:45:43.1400000Z,2018-08-26T04:10:19.4130000Z,2018-08-26T05:00:00.0000000Z,2018-08-26T04:00:00.0000000Z,19,19.30895345
125,517.8279699,517.8279699,517.8279699,517.8279699,2018-08-26T06:31:28.0030000Z,2018-08-26T06:31:28.0030000Z,2018-08-26T07:00:00.0000000Z,2018-08-26T06:00:00.0000000Z,1,0.00982473
126,522.61147544,522.82060491,517.8279699,517.8279699,2018-08-26T07:50:01.7900000Z,2018-08-26T07:10:46.1900000Z,2018-08-26T08:00:00.0000000Z,2018-08-26T07:00:00.0000000Z,5,0.19928838000000001
127,522.82060703,524.91574996,522.82060703,522.82060703,2018-08-26T08:17:48.9000000Z,2018-08-26T08:08:16.5170000Z,2018-08-26T09:00:00.0000000Z,2018-08-26T08:00:00.0000000Z,7,1.13256772
128,522.82060703,522.82060703,520.35757,522.39554624,2018-08-26T09:51:31.3430000Z,2018-08-26T09:00:07.1100000Z,2018-08-26T10:00:00.0000000Z,2018-08-26T09:00:00.0000000Z,8,7.92664684
129,522.82060703,522.82060703,521.31309003,521.31309009,2018-08-26T10:20:31.0670000Z,2018-08-26T10:08:56.5370000Z,2018-08-26T11:00:00.0000000Z,2018-08-26T10:00:00.0000000Z,4,9.71412078
130,525.12707247,525.12707247,524.67831856,524.67831856,2018-08-26T11:42:03.4570000Z,2018-08-26T11:14:27.0030000Z,2018-08-26T12:00:00.0000000Z,2018-08-26T11:00:00.0000000Z,9,1.94246887
131,524.67831856,526.0,524.67831856,526.0,2018-08-26T12:41:25.0930000Z,2018-08-26T12:10:01.9870000Z,2018-08-26T13:00:00.0000000Z,2018-08-26T12:00:00.0000000Z,2,0.00334677
132,525.99987995,525.99995998,525.58253999,525.58265977,2018-08-26T13:04:53.6770000Z,2018-08-26T13:00:22.4030000Z,2018-08-26T14:00:00.0000000Z,2018-08-26T13:00:00.0000000Z,36,0.1427388
133,523.56444078,528.0,523.56444078,526.0,2018-08-26T14:41:28.5830000Z,2018-08-26T14:01:09.7270000Z,2018-08-26T15:00:00.0000000Z,2018-08-26T14:00:00.0000000Z,5,7.28124813
134,523.56445312,525.48848991,523.56445312,525.48848991,2018-08-26T15:51:56.3470000Z,2018-08-26T15:47:42.7430000Z,2018-08-26T16:00:00.0000000Z,2018-08-26T15:00:00.0000000Z,3,2.47826351
135,520.0000001,523.87414993,518.49686899,518.49686899,2018-08-26T16:56:04.8300000Z,2018-08-26T16:00:11.0530000Z,2018-08-26T17:00:00.0000000Z,2018-08-26T16:00:00.0000000Z,21,38.23928641
136,521.16022134,522.969288,516.10686263,521.55461999,2018-08-26T17:59:12.0070000Z,2018-08-26T17:26:51.2600000Z,2018-08-26T18:00:00.0000000Z,2018-08-26T17:00:00.0000000Z,18,1.6852676899999999
137,519.41832002,524.71492127,519.41832002,523.27330999,2018-08-26T18:48:02.3670000Z,2018-08-26T18:27:35.8200000Z,2018-08-26T19:00:00.0000000Z,2018-08-26T18:00:00.0000000Z,3,0.5323806999999999
138,519.09443651,526.68068026,518.34735001,523.19999036,2018-08-26T19:48:03.9400000Z,2018-08-26T19:05:45.2270000Z,2018-08-26T20:00:00.0000000Z,2018-08-26T19:00:00.0000000Z,8,5.38787044
139,518.03606142,525.38081305,518.03606142,523.61464999,2018-08-26T20:56:19.6300000Z,2018-08-26T20:00:12.9670000Z,2018-08-26T21:00:00.0000000Z,2018-08-26T20:00:00.0000000Z,9,10.2342674
140,523.02367044,523.02367044,517.9978409,517.9978409,2018-08-26T21:58:54.2000000Z,2018-08-26T21:43:51.4300000Z,2018-08-26T22:00:00.0000000Z,2018-08-26T21:00:00.0000000Z,2,3.9270592
141,522.17495999,522.69825999,518.00600799,518.00600799,2018-08-26T22:31:19.4600000Z,2018-08-26T22:00:52.2030000Z,2018-08-26T23:00:00.0000000Z,2018-08-26T22:00:00.0000000Z,4,1.7304077800000002
142,522.0,522.0,519.53493456,522.0,2018-08-26T23:46:49.8300000Z,2018-08-26T23:10:01.4600000Z,2018-08-27T00:00:00.0000000Z,2018-08-26T23:00:00.0000000Z,5,1.007479
143,524.2538796,524.25387965,520.39092184,524.25387965,2018-08-27T00:47:08.2800000Z,2018-08-27T00:11:22.2300000Z,2018-08-27T01:00:00.0000000Z,2018-08-27T00:00:00.0000000Z,7,1.4516644300000001
144,524.25387961,524.25387961,524.2538796,524.2538796,2018-08-27T01:26:05.0470000Z,2018-08-27T01:09:28.9900000Z,2018-08-27T02:00:00.0000000Z,2018-08-27T01:00:00.0000000Z,6,0.18111543
145,523.67482999,523.67486999,523.27931,523.40315681,2018-08-27T02:41:09.0630000Z,2018-08-27T02:03:02.9430000Z,2018-08-27T03:00:00.0000000Z,2018-08-27T02:00:00.0000000Z,7,10.55962906
146,523.17155999,523.17155999,523.17155999,523.17155999,2018-08-27T03:11:51.5230000Z,2018-08-27T03:11:51.5230000Z,2018-08-27T04:00:00.0000000Z,2018-08-27T03:00:00.0000000Z,1,0.38
147,532.81513,539.3,523.63217999,523.63217999,2018-08-27T04:56:43.9500000Z,2018-08-27T04:13:36.3700000Z,2018-08-27T05:00:00.0000000Z,2018-08-27T04:00:00.0000000Z,50,69.83936248
148,530.999,535.39497277,528.21155434,532.81504999,2018-08-27T05:58:15.9530000Z,2018-08-27T05:00:02.8630000Z,2018-08-27T06:00:00.0000000Z,2018-08-27T05:00:00.0000000Z,72,18.81265678
149,530.0,531.0,529.80046348,530.999,2018-08-27T06:58:06.9270000Z,2018-08-27T06:00:07.7870000Z,2018-08-27T07:00:00.0000000Z,2018-08-27T06:00:00.0000000Z,20,110.41234017
150,529.80046348,530.99999994,529.80046348,530.99999994,2018-08-27T07:38:55.7800000Z,2018-08-27T07:27:41.5530000Z,2018-08-27T08:00:00.0000000Z,2018-08-27T07:00:00.0000000Z,3,4.95358953
151,526.80046,530.37648784,526.80046,530.37648784,2018-08-27T08:44:13.0900000Z,2018-08-27T08:10:01.9500000Z,2018-08-27T09:00:00.0000000Z,2018-08-27T08:00:00.0000000Z,7,2.96083088
152,528.57002498,529.53238905,526.80018279,529.53238905,2018-08-27T09:55:51.7230000Z,2018-08-27T09:00:03.8300000Z,2018-08-27T10:00:00.0000000Z,2018-08-27T09:00:00.0000000Z,13,9.439407899999999
153,530.20831359,530.20831359,528.56724923,528.56724923,2018-08-27T10:55:00.4200000Z,2018-08-27T10:03:40.7230000Z,2018-08-27T11:00:00.0000000Z,2018-08-27T10:00:00.0000000Z,3,1.48603128
154,529.695,530.19906595,526.801,530.19906595,2018-08-27T11:52:44.4570000Z,2018-08-27T11:16:02.6900000Z,2018-08-27T12:00:00.0000000Z,2018-08-27T11:00:00.0000000Z,8,0.84526228
155,527.56116415,531.0,526.0,527.1,2018-08-27T12:56:48.4630000Z,2018-08-27T12:01:26.1970000Z,2018-08-27T13:00:00.0000000Z,2018-08-27T12:00:00.0000000Z,12,30.18516491
156,528.61708999,528.62909998,525.00000001,527.12001999,2018-08-27T13:55:32.5330000Z,2018-08-27T13:00:18.9400000Z,2018-08-27T14:00:00.0000000Z,2018-08-27T13:00:00.0000000Z,9,8.0539521
157,530.0,530.0,528.0,528.0,2018-08-27T14:58:50.9000000Z,2018-08-27T14:01:33.1100000Z,2018-08-27T15:00:00.0000000Z,2018-08-27T14:00:00.0000000Z,17,30.06257568
158,530.40369,531.19534999,526.77587251,526.77587251,2018-08-27T15:57:16.8070000Z,2018-08-27T15:08:14.0530000Z,2018-08-27T16:00:00.0000000Z,2018-08-27T15:00:00.0000000Z,12,9.908945169999999
159,531.9999891,532.0,526.98212705,531.0,2018-08-27T16:50:02.0330000Z,2018-08-27T16:00:17.3130000Z,2018-08-27T17:00:00.0000000Z,2018-08-27T16:00:00.0000000Z,16,7.97012556
160,534.34860999,536.16728459,531.9999987,531.9999987,2018-08-27T17:50:01.3170000Z,2018-08-27T17:05:36.3070000Z,2018-08-27T18:00:00.0000000Z,2018-08-27T17:00:00.0000000Z,46,99.56908988
161,532.2,536.05616525,532.2,536.05616525,2018-08-27T18:55:51.3930000Z,2018-08-27T18:04:24.8200000Z,2018-08-27T19:00:00.0000000Z,2018-08-27T18:00:00.0000000Z,2,0.0268723
162,530.00790723,535.62151154,530.0,535.62151154,2018-08-27T19:54:27.0900000Z,2018-08-27T19:10:03.1600000Z,2018-08-27T20:00:00.0000000Z,2018-08-27T19:00:00.0000000Z,8,0.69112689
163,532.19310998,532.19310998,532.19310997,532.19310998,2018-08-27T20:31:42.3330000Z,2018-08-27T20:06:59.5900000Z,2018-08-27T21:00:00.0000000Z,2018-08-27T20:00:00.0000000Z,5,0.22931451
164,528.48735663,532.19294999,528.48735663,530.60130606,2018-08-27T21:39:39.3070000Z,2018-08-27T21:06:22.9800000Z,2018-08-27T22:00:00.0000000Z,2018-08-27T21:00:00.0000000Z,19,4.66749506
165,533.35288001,536.0,531.20850997,531.25908998,2018-08-27T22:59:03.0400000Z,2018-08-27T22:03:11.3300000Z,2018-08-27T23:00:00.0000000Z,2018-08-27T22:00:00.0000000Z,16,39.81752654
166,546.03315251,553.0,534.87552001,536.16728459,2018-08-27T23:58:04.1400000Z,2018-08-27T23:00:16.1030000Z,2018-08-28T00:00:00.0000000Z,2018-08-27T23:00:00.0000000Z,137,172.16971189
167,549.78912594,549.78912594,541.60127005,549.78912594,2018-08-28T00:58:46.7670000Z,2018-08-28T00:00:39.5700000Z,2018-08-28T01:00:00.0000000Z,2018-08-28T00:00:00.0000000Z,76,90.136912
168,544.95938002,553.22240207,544.95938002,550.49995646,2018-08-28T01:59:46.2000000Z,2018-08-28T01:03:18.1070000Z,2018-08-28T02:00:00.0000000Z,2018-08-28T01:00:00.0000000Z,18,8.31189327
169,540.00005001,544.95938002,540.0000001,544.95938002,2018-08-28T02:59:33.8030000Z,2018-08-28T02:07:19.8270000Z,2018-08-28T03:00:00.0000000Z,2018-08-28T02:00:00.0000000Z,26,16.2611626
170,545.0,545.63870558,542.59039502,543.0,2018-08-28T03:56:48.1200000Z,2018-08-28T03:00:28.9930000Z,2018-08-28T04:00:00.0000000Z,2018-08-28T03:00:00.0000000Z,13,7.02912909
171,542.79899,545.0,541.35616002,545.0,2018-08-28T04:45:45.2330000Z,2018-08-28T04:00:48.9570000Z,2018-08-28T05:00:00.0000000Z,2018-08-28T04:00:00.0000000Z,13,20.19857167
172,543.21766436,547.77962999,543.21766436,545.0,2018-08-28T05:27:24.0930000Z,2018-08-28T05:07:44.9670000Z,2018-08-28T06:00:00.0000000Z,2018-08-28T05:00:00.0000000Z,3,0.63688133
173,550.76224998,552.16252364,543.43667001,543.43667001,2018-08-28T06:57:33.0500000Z,2018-08-28T06:03:43.4430000Z,2018-08-28T07:00:00.0000000Z,2018-08-28T06:00:00.0000000Z,21,4.04247647
174,548.69127962,552.873,547.24827506,549.60903998,2018-08-28T07:47:09.7170000Z,2018-08-28T07:06:47.7000000Z,2018-08-28T08:00:00.0000000Z,2018-08-28T07:00:00.0000000Z,22,41.22627867
175,549.36530499,553.0,544.40016163,551.43664929,2018-08-28T08:50:07.9530000Z,2018-08-28T08:10:03.0970000Z,2018-08-28T09:00:00.0000000Z,2018-08-28T08:00:00.0000000Z,35,58.83667184
176,548.0,548.78242343,544.40072036,548.78242342,2018-08-28T09:39:42.6230000Z,2018-08-28T09:12:13.1800000Z,2018-08-28T10:00:00.0000000Z,2018-08-28T09:00:00.0000000Z,11,3.5755481700000002
177,545.54001689,549.19136038,544.40016887,549.19136038,2018-08-28T10:40:40.9070000Z,2018-08-28T10:00:09.7330000Z,2018-08-28T11:00:00.0000000Z,2018-08-28T10:00:00.0000000Z,8,10.38998013
178,551.5,555.0,549.10040997,549.10040997,2018-08-28T11:59:32.8000000Z,2018-08-28T11:09:24.6700000Z,2018-08-28T12:00:00.0000000Z,2018-08-28T11:00:00.0000000Z,48,52.91897733
179,550.59000001,554.0,548.00000449,553.62729748,2018-08-28T12:59:41.1100000Z,2018-08-28T12:00:48.0200000Z,2018-08-28T13:00:00.0000000Z,2018-08-28T12:00:00.0000000Z,26,26.59060244
180,559.00261499,560.2542,553.0,553.0,2018-08-28T13:44:44.6530000Z,2018-08-28T13:00:15.6930000Z,2018-08-28T14:00:00.0000000Z,2018-08-28T13:00:00.0000000Z,67,94.12818446
181,552.19839365,560.25429841,551.44893012,554.65580447,2018-08-28T14:53:17.6100000Z,2018-08-28T14:00:39.2530000Z,2018-08-28T15:00:00.0000000Z,2018-08-28T14:00:00.0000000Z,45,40.25962498
182,554.0,555.10426997,551.00000002,552.95323467,2018-08-28T15:50:06.1730000Z,2018-08-28T15:04:58.6530000Z,2018-08-28T16:00:00.0000000Z,2018-08-28T15:00:00.0000000Z,17,9.44953781
183,549.91564579,554.0,546.10987255,553.99999999,2018-08-28T16:50:30.8870000Z,2018-08-28T16:10:03.5530000Z,2018-08-28T17:00:00.0000000Z,2018-08-28T16:00:00.0000000Z,30,25.02116936
184,553.76503999,553.76503999,547.91564579,549.91564576,2018-08-28T17:56:37.4270000Z,2018-08-28T17:00:11.8100000Z,2018-08-28T18:00:00.0000000Z,2018-08-28T17:00:00.0000000Z,48,299.83113693
185,555.10426997,555.10426997,550.10064006,553.64727997,2018-08-28T18:40:32.2270000Z,2018-08-28T18:14:50.9630000Z,2018-08-28T19:00:00.0000000Z,2018-08-28T18:00:00.0000000Z,16,12.08726732
186,570.0,572.82951196,557.78317743,560.25429842,2018-08-28T19:58:12.9800000Z,2018-08-28T19:00:03.6900000Z,2018-08-28T20:00:00.0000000Z,2018-08-28T19:00:00.0000000Z,60,37.95365607
187,565.26219015,575.0,565.26219009,570.0,2018-08-28T20:59:15.6400000Z,2018-08-28T20:04:16.4170000Z,2018-08-28T21:00:00.0000000Z,2018-08-28T20:00:00.0000000Z,34,7.90090814
188,568.53827997,571.07859998,563.63732029,565.26219015,2018-08-28T21:58:55.8700000Z,2018-08-28T21:01:23.4730000Z,2018-08-28T22:00:00.0000000Z,2018-08-28T21:00:00.0000000Z,21,15.74671253
189,565.0,565.0,560.91660531,564.40001003,2018-08-28T22:45:59.6730000Z,2018-08-28T22:09:19.3330000Z,2018-08-28T23:00:00.0000000Z,2018-08-28T22:00:00.0000000Z,14,3.23664758
190,562.80000168,569.5,562.80000168,565.5,2018-08-28T23:52:51.9600000Z,2018-08-28T23:02:33.2470000Z,2018-08-29T00:00:00.0000000Z,2018-08-28T23:00:00.0000000Z,24,31.00605131
191,563.75267561,567.3321,563.3021,567.3321,2018-08-29T00:59:19.8700000Z,2018-08-29T00:00:19.7270000Z,2018-08-29T01:00:00.0000000Z,2018-08-29T00:00:00.0000000Z,7,2.49797429
192,564.05267561,568.66091998,563.75267561,565.02867985,2018-08-29T01:57:45.8130000Z,2018-08-29T01:00:56.6530000Z,2018-08-29T02:00:00.0000000Z,2018-08-29T01:00:00.0000000Z,87,268.52552923
193,555.0,564.5,552.00265001,564.5,2018-08-29T02:59:05.3330000Z,2018-08-29T02:05:45.1930000Z,2018-08-29T03:00:00.0000000Z,2018-08-29T02:00:00.0000000Z,46,59.07834899
194,553.73623655,554.36736001,551.36736001,552.00271002,2018-08-29T03:55:43.3370000Z,2018-08-29T03:00:14.5700000Z,2018-08-29T04:00:00.0000000Z,2018-08-29T03:00:00.0000000Z,28,29.31390855
195,554.23952001,559.92386268,554.23952001,554.36736001,2018-08-29T04:58:01.5800000Z,2018-08-29T04:00:53.5530000Z,2018-08-29T05:00:00.0000000Z,2018-08-29T04:00:00.0000000Z,56,80.96038671
196,558.30978708,558.30978708,552.39163001,554.23952001,2018-08-29T05:54:07.0770000Z,2018-08-29T05:04:57.9230000Z,2018-08-29T06:00:00.0000000Z,2018-08-29T05:00:00.0000000Z,18,39.99290863
197,558.39426784,559.02378859,554.63131001,559.02378859,2018-08-29T06:55:47.5470000Z,2018-08-29T06:06:23.6800000Z,2018-08-29T07:00:00.0000000Z,2018-08-29T06:00:00.0000000Z,11,20.56352817
198,554.26467752,558.29920914,553.41208828,556.39428146,2018-08-29T07:50:31.3200000Z,2018-08-29T07:00:08.9930000Z,2018-08-29T08:00:00.0000000Z,2018-08-29T07:00:00.0000000Z,13,1.17011782
199,558.49999999,559.99981998,553.63761897,553.63761897,2018-08-29T08:53:16.6300000Z,2018-08-29T08:00:17.3430000Z,2018-08-29T09:00:00.0000000Z,2018-08-29T08:00:00.0000000Z,20,7.11268382
200,565.0,565.0,556.02012001,559.2034114,2018-08-29T09:56:05.7000000Z,2018-08-29T09:00:14.1000000Z,2018-08-29T10:00:00.0000000Z,2018-08-29T09:00:00.0000000Z,31,6.9280579
201,565.09943,568.99,559.60657571,565.24230001,2018-08-29T10:50:01.9900000Z,2018-08-29T10:07:17.7100000Z,2018-08-29T11:00:00.0000000Z,2018-08-29T10:00:00.0000000Z,20,18.07158875
202,566.18298998,566.18298998,559.46848922,565.04982999,2018-08-29T11:58:52.3370000Z,2018-08-29T11:01:30.7000000Z,2018-08-29T12:00:00.0000000Z,2018-08-29T11:00:00.0000000Z,15,2.48417203
203,568.62794987,569.18375102,565.61680701,567.99997998,2018-08-29T12:56:01.0500000Z,2018-08-29T12:10:01.4570000Z,2018-08-29T13:00:00.0000000Z,2018-08-29T12:00:00.0000000Z,19,10.80079387
204,566.28192172,568.38701996,565.61680701,568.38701996,2018-08-29T13:53:54.0700000Z,2018-08-29T13:00:22.3230000Z,2018-08-29T14:00:00.0000000Z,2018-08-29T13:00:00.0000000Z,47,6.36148594
205,559.46846319,567.60679998,559.46846319,567.60679998,2018-08-29T14:46:45.0670000Z,2018-08-29T14:01:40.6070000Z,2018-08-29T15:00:00.0000000Z,2018-08-29T14:00:00.0000000Z,37,44.63658798
206,546.83028001,563.59427483,546.76972162,563.59427483,2018-08-29T15:59:52.1830000Z,2018-08-29T15:01:03.8670000Z,2018-08-29T16:00:00.0000000Z,2018-08-29T15:00:00.0000000Z,65,30.12276409
207,551.28100013,554.99999999,546.0,546.76972162,2018-08-29T16:59:03.6930000Z,2018-08-29T16:01:25.2170000Z,2018-08-29T17:00:00.0000000Z,2018-08-29T16:00:00.0000000Z,31,31.58308653
208,556.71721528,556.71721529,554.0,554.0,2018-08-29T17:41:09.4830000Z,2018-08-29T17:01:34.3900000Z,2018-08-29T18:00:00.0000000Z,2018-08-29T17:00:00.0000000Z,27,47.49951532
209,553.26209999,554.21515252,549.51441686,554.21515252,2018-08-29T18:59:01.1400000Z,2018-08-29T18:07:10.4300000Z,2018-08-29T19:00:00.0000000Z,2018-08-29T18:00:00.0000000Z,21,26.84342173
210,556.3444399,556.71676171,554.62145989,554.62145989,2018-08-29T19:50:02.9300000Z,2018-08-29T19:20:07.6130000Z,2018-08-29T20:00:00.0000000Z,2018-08-29T19:00:00.0000000Z,6,0.09203136
211,556.717,556.717,552.42169933,552.42169933,2018-08-29T20:59:51.6370000Z,2018-08-29T20:08:19.2970000Z,2018-08-29T21:00:00.0000000Z,2018-08-29T20:00:00.0000000Z,15,50.17323159
212,560.99999999,561.0,556.717,556.717,2018-08-29T21:59:25.8400000Z,2018-08-29T21:06:35.8070000Z,2018-08-29T22:00:00.0000000Z,2018-08-29T21:00:00.0000000Z,14,7.16843925
213,559.99835278,559.99844998,555.5,558.5,2018-08-29T22:59:07.6930000Z,2018-08-29T22:05:01.6500000Z,2018-08-29T23:00:00.0000000Z,2018-08-29T22:00:00.0000000Z,21,9.85604231
214,556.99992999,557.0,553.87509533,556.0,2018-08-29T23:52:58.1000000Z,2018-08-29T23:13:16.5600000Z,2018-08-30T00:00:00.0000000Z,2018-08-29T23:00:00.0000000Z,11,4.94002897
215,556.0,556.99949617,554.35740771,556.99949617,2018-08-30T00:50:01.9270000Z,2018-08-30T00:00:08.5070000Z,2018-08-30T01:00:00.0000000Z,2018-08-30T00:00:00.0000000Z,11,4.87637836
216,556.99943464,556.99948,554.44167885,554.44167885,2018-08-30T01:39:42.4300000Z,2018-08-30T01:15:43.8270000Z,2018-08-30T02:00:00.0000000Z,2018-08-30T01:00:00.0000000Z,9,2.15284315
217,548.99364108,557.33482495,547.0,556.29948,2018-08-30T02:50:24.7270000Z,2018-08-30T02:00:42.6000000Z,2018-08-30T03:00:00.0000000Z,2018-08-30T02:00:00.0000000Z,163,536.5318685
218,552.04778997,552.04778997,549.99364108,550.0,2018-08-30T03:40:02.5300000Z,2018-08-30T03:09:15.3800000Z,2018-08-30T04:00:00.0000000Z,2018-08-30T03:00:00.0000000Z,71,135.39438841
219,550.456,550.456,548.0,550.45595999,2018-08-30T04:55:43.9830000Z,2018-08-30T04:39:18.3470000Z,2018-08-30T05:00:00.0000000Z,2018-08-30T04:00:00.0000000Z,6,0.4692686
220,546.2,549.905544,546.2,549.905544,2018-08-30T05:58:38.4300000Z,2018-08-30T05:12:48.3370000Z,2018-08-30T06:00:00.0000000Z,2018-08-30T05:00:00.0000000Z,28,47.00912793
221,549.0,549.67099998,539.8213675,548.27064974,2018-08-30T06:50:58.2470000Z,2018-08-30T06:00:02.8370000Z,2018-08-30T07:00:00.0000000Z,2018-08-30T06:00:00.0000000Z,62,63.80621579
222,548.29,551.71414529,548.29,549.0,2018-08-30T07:39:57.8200000Z,2018-08-30T07:05:45.0630000Z,2018-08-30T08:00:00.0000000Z,2018-08-30T07:00:00.0000000Z,6,33.10546332
223,538.62745602,544.0,538.62745602,544.0,2018-08-30T08:58:40.2770000Z,2018-08-30T08:14:04.8300000Z,2018-08-30T09:00:00.0000000Z,2018-08-30T08:00:00.0000000Z,27,27.04009895
224,530.46768001,540.55174304,530.10597386,540.55174304,2018-08-30T09:53:13.4070000Z,2018-08-30T09:00:25.5330000Z,2018-08-30T10:00:00.0000000Z,2018-08-30T09:00:00.0000000Z,91,82.35258089
225,530.87548474,535.5,530.10597387,535.5,2018-08-30T10:55:09.4970000Z,2018-08-30T10:06:40.7670000Z,2018-08-30T11:00:00.0000000Z,2018-08-30T10:00:00.0000000Z,19,15.79410253
226,527.5,536.60719997,527.5,536.37960152,2018-08-30T11:59:53.1300000Z,2018-08-30T11:00:04.8830000Z,2018-08-30T12:00:00.0000000Z,2018-08-30T11:00:00.0000000Z,57,61.02100251
227,531.98473999,531.98473999,527.0,527.80000001,2018-08-30T12:50:21.6000000Z,2018-08-30T12:03:04.7300000Z,2018-08-30T13:00:00.0000000Z,2018-08-30T12:00:00.0000000Z,29,56.28191303
228,526.26042001,530.01391458,526.00001001,529.80186998,2018-08-30T13:22:45.0500000Z,2018-08-30T13:00:24.7830000Z,2018-08-30T14:00:00.0000000Z,2018-08-30T13:00:00.0000000Z,22,17.90402608
229,533.0,536.52792749,530.0,532.11963625,2018-08-30T14:59:43.0570000Z,2018-08-30T14:00:05.6000000Z,2018-08-30T15:00:00.0000000Z,2018-08-30T14:00:00.0000000Z,33,15.44424774
230,532.0,535.70628702,532.0,533.95,2018-08-30T15:57:32.5170000Z,2018-08-30T15:01:47.5300000Z,2018-08-30T16:00:00.0000000Z,2018-08-30T15:00:00.0000000Z,13,16.16431848
231,528.0,532.0,527.00000285,532.0,2018-08-30T16:50:03.8400000Z,2018-08-30T16:06:53.7400000Z,2018-08-30T17:00:00.0000000Z,2018-08-30T16:00:00.0000000Z,34,47.93644105
232,531.64949999,531.64949999,528.0,531.44824974,2018-08-30T17:43:51.2600000Z,2018-08-30T17:00:02.8000000Z,2018-08-30T18:00:00.0000000Z,2018-08-30T17:00:00.0000000Z,8,7.52745309
233,526.0,530.74582737,526.0,529.0,2018-08-30T18:40:51.7030000Z,2018-08-30T18:10:56.1200000Z,2018-08-30T19:00:00.0000000Z,2018-08-30T18:00:00.0000000Z,30,63.04456321
234,531.83032556,531.93293356,529.0,529.0,2018-08-30T19:57:04.6130000Z,2018-08-30T19:00:15.3270000Z,2018-08-30T20:00:00.0000000Z,2018-08-30T19:00:00.0000000Z,7,4.57811943
235,538.33959231,541.50361251,526.1,526.1,2018-08-30T20:58:22.3600000Z,2018-08-30T20:03:18.7200000Z,2018-08-30T21:00:00.0000000Z,2018-08-30T20:00:00.0000000Z,40,24.92047242
236,543.44525041,543.54627992,536.69719818,538.78012499,2018-08-30T21:50:02.5400000Z,2018-08-30T21:10:05.3570000Z,2018-08-30T22:00:00.0000000Z,2018-08-30T21:00:00.0000000Z,14,10.48149298
237,535.0,543.31741127,535.0,543.31741127,2018-08-30T22:42:34.5670000Z,2018-08-30T22:00:10.4100000Z,2018-08-30T23:00:00.0000000Z,2018-08-30T22:00:00.0000000Z,22,35.67292852
238,541.0,541.28699156,535.35881038,539.54819638,2018-08-30T23:56:50.4870000Z,2018-08-30T23:00:07.7470000Z,2018-08-31T00:00:00.0000000Z,2018-08-30T23:00:00.0000000Z,13,15.93243578
239,538.50443229,540.99985218,535.3588102,540.99985218,2018-08-31T00:45:15.2630000Z,2018-08-31T00:00:06.9300000Z,2018-08-31T01:00:00.0000000Z,2018-08-31T00:00:00.0000000Z,15,1.84708428
240,536.1715299,538.13817975,533.46284101,535.3588102,2018-08-31T01:54:46.8070000Z,2018-08-31T01:01:35.0200000Z,2018-08-31T02:00:00.0000000Z,2018-08-31T01:00:00.0000000Z,18,7.02952503
241,536.53631232,537.68265991,532.26325007,537.68265991,2018-08-31T02:32:27.9500000Z,2018-08-31T02:03:11.9470000Z,2018-08-31T03:00:00.0000000Z,2018-08-31T02:00:00.0000000Z,9,10.64943432
242,540.9996877,540.9996877,536.53631231,536.53631231,2018-08-31T03:58:58.0900000Z,2018-08-31T03:06:21.0400000Z,2018-08-31T04:00:00.0000000Z,2018-08-31T03:00:00.0000000Z,17,15.9984462
243,538.88900001,540.99979437,538.88900001,540.99979429,2018-08-31T04:58:03.4430000Z,2018-08-31T04:10:37.7270000Z,2018-08-31T05:00:00.0000000Z,2018-08-31T04:00:00.0000000Z,7,0.33727215
244,542.59472987,544.0,542.59472987,544.0,2018-08-31T05:40:05.0030000Z,2018-08-31T05:20:01.5700000Z,2018-08-31T06:00:00.0000000Z,2018-08-31T05:00:00.0000000Z,4,0.28433162
245,541.52953999,542.36281551,540.0,540.0,2018-08-31T06:50:05.4500000Z,2018-08-31T06:26:44.1000000Z,2018-08-31T07:00:00.0000000Z,2018-08-31T06:00:00.0000000Z,5,0.67658525
246,537.00000001,543.38526983,537.00000001,541.52962682,2018-08-31T07:59:52.6270000Z,2018-08-31T07:02:40.3070000Z,2018-08-31T08:00:00.0000000Z,2018-08-31T07:00:00.0000000Z,26,14.82316035
247,537.1,540.13350489,537.00000001,537.00000001,2018-08-31T08:49:45.7900000Z,2018-08-31T08:04:26.0130000Z,2018-08-31T09:00:00.0000000Z,2018-08-31T08:00:00.0000000Z,16,4.61900205
248,539.04739998,539.41148999,536.127,537.1,2018-08-31T09:50:02.8300000Z,2018-08-31T09:00:14.9900000Z,2018-08-31T10:00:00.0000000Z,2018-08-31T09:00:00.0000000Z,13,3.39780783
249,537.00000333,541.42654481,536.127,539.04723999,2018-08-31T10:48:40.1300000Z,2018-08-31T10:00:07.3370000Z,2018-08-31T11:00:00.0000000Z,2018-08-31T10:00:00.0000000Z,18,139.76238603
250,543.9999997,543.99999972,537.00008001,540.73557999,2018-08-31T11:40:09.0900000Z,2018-08-31T11:06:37.8330000Z,2018-08-31T12:00:00.0000000Z,2018-08-31T11:00:00.0000000Z,9,2.33183696
251,534.08730971,543.0,533.84765801,543.0,2018-08-31T12:49:20.3000000Z,2018-08-31T12:02:01.5200000Z,2018-08-31T13:00:00.0000000Z,2018-08-31T12:00:00.0000000Z,25,15.97012063
252,538.0,538.0,537.0,537.99999644,2018-08-31T13:53:28.4930000Z,2018-08-31T13:01:53.8470000Z,2018-08-31T14:00:00.0000000Z,2018-08-31T13:00:00.0000000Z,13,5.77145618
253,537.99981323,542.11363667,535.48505001,538.0,2018-08-31T14:59:24.8970000Z,2018-08-31T14:00:59.6700000Z,2018-08-31T15:00:00.0000000Z,2018-08-31T14:00:00.0000000Z,15,3.1003095
254,536.0,539.23847284,534.99999999,537.0,2018-08-31T15:58:33.6430000Z,2018-08-31T15:00:17.6030000Z,2018-08-31T16:00:00.0000000Z,2018-08-31T15:00:00.0000000Z,31,31.56444171
255,541.0,541.0,534.34159647,534.34159647,2018-08-31T16:50:10.3670000Z,2018-08-31T16:05:20.6300000Z,2018-08-31T17:00:00.0000000Z,2018-08-31T16:00:00.0000000Z,32,29.13906847
256,544.8,547.266832,541.0,541.0,2018-08-31T17:59:39.2730000Z,2018-08-31T17:28:43.9630000Z,2018-08-31T18:00:00.0000000Z,2018-08-31T17:00:00.0000000Z,27,5.41777629
257,545.7840026,547.26703856,542.0,544.00000001,2018-08-31T18:46:29.0200000Z,2018-08-31T18:03:08.6600000Z,2018-08-31T19:00:00.0000000Z,2018-08-31T18:00:00.0000000Z,19,6.14353864
258,545.0,546.92765989,541.02777579,546.33493991,2018-08-31T19:56:35.8370000Z,2018-08-31T19:00:04.5200000Z,2018-08-31T20:00:00.0000000Z,2018-08-31T19:00:00.0000000Z,10,4.23723777
259,543.40433515,546.5761497,542.46,545.0,2018-08-31T20:55:28.1870000Z,2018-08-31T20:00:04.9100000Z,2018-08-31T21:00:00.0000000Z,2018-08-31T20:00:00.0000000Z,25,20.62219254
260,543.0,545.0,541.0,545.0,2018-08-31T21:55:24.5430000Z,2018-08-31T21:10:03.6770000Z,2018-08-31T22:00:00.0000000Z,2018-08-31T21:00:00.0000000Z,18,30.10182685
261,542.99,543.0,541.0,541.0,2018-08-31T22:42:24.8170000Z,2018-08-31T22:11:08.4730000Z,2018-08-31T23:00:00.0000000Z,2018-08-31T22:00:00.0000000Z,7,1.06258996
262,545.30761751,547.0,540.00000002,541.00006002,2018-08-31T23:50:05.4530000Z,2018-08-31T23:02:02.5070000Z,2018-09-01T00:00:00.0000000Z,2018-08-31T23:00:00.0000000Z,34,35.00794272
263,544.0,546.24237917,544.0,544.95222308,2018-09-01T00:53:09.7100000Z,2018-09-01T00:00:24.3870000Z,2018-09-01T01:00:00.0000000Z,2018-09-01T00:00:00.0000000Z,28,47.96374925
264,548.26071993,548.44345422,545.00000001,545.00000001,2018-09-01T01:43:07.1600000Z,2018-09-01T01:11:30.2570000Z,2018-09-01T02:00:00.0000000Z,2018-09-01T01:00:00.0000000Z,19,18.31926607
265,546.92165291,551.75099721,546.00020002,547.96923995,2018-09-01T02:58:59.2900000Z,2018-09-01T02:20:02.0670000Z,2018-09-01T03:00:00.0000000Z,2018-09-01T02:00:00.0000000Z,15,1.6465932300000001
266,555.0,555.0,552.0,552.0,2018-09-01T03:57:18.9700000Z,2018-09-01T03:20:01.9530000Z,2018-09-01T04:00:00.0000000Z,2018-09-01T03:00:00.0000000Z,20,37.3778704
267,553.0000006,555.876786,553.0,555.212,2018-09-01T04:39:50.0630000Z,2018-09-01T04:00:05.6800000Z,2018-09-01T05:00:00.0000000Z,2018-09-01T04:00:00.0000000Z,24,9.62784984
268,553.0000006,553.0000006,547.98081674,550.43633947,2018-09-01T05:50:02.1500000Z,2018-09-01T05:01:11.6500000Z,2018-09-01T06:00:00.0000000Z,2018-09-01T05:00:00.0000000Z,12,31.12707077
269,556.99999872,556.99999872,550.06322002,550.06322002,2018-09-01T06:59:21.0130000Z,2018-09-01T06:07:00.0970000Z,2018-09-01T07:00:00.0000000Z,2018-09-01T06:00:00.0000000Z,9,6.71893307
270,553.10605887,556.99999998,552.09588758,556.44299785,2018-09-01T07:48:28.5270000Z,2018-09-01T07:04:04.4630000Z,2018-09-01T08:00:00.0000000Z,2018-09-01T07:00:00.0000000Z,16,15.67383181
271,555.78,556.87,552.87587356,552.87587356,2018-09-01T08:53:26.6170000Z,2018-09-01T08:11:31.9570000Z,2018-09-01T09:00:00.0000000Z,2018-09-01T08:00:00.0000000Z,25,11.83022351
272,562.0,562.0,556.85122372,556.85122372,2018-09-01T09:50:01.9000000Z,2018-09-01T09:00:02.6800000Z,2018-09-01T10:00:00.0000000Z,2018-09-01T09:00:00.0000000Z,44,22.88996197
273,565.60065002,572.0,562.0,562.0,2018-09-01T10:59:24.0000000Z,2018-09-01T10:10:01.7330000Z,2018-09-01T11:00:00.0000000Z,2018-09-01T10:00:00.0000000Z,51,15.45587875
274,561.262,571.68274521,560.30196706,568.169224,2018-09-01T11:59:28.1670000Z,2018-09-01T11:01:00.3930000Z,2018-09-01T12:00:00.0000000Z,2018-09-01T11:00:00.0000000Z,30,7.95206098
275,559.9634474,567.7332645,558.00001,561.262,2018-09-01T12:58:29.8630000Z,2018-09-01T12:06:56.7930000Z,2018-09-01T13:00:00.0000000Z,2018-09-01T12:00:00.0000000Z,19,25.40699964
276,568.0,568.0,562.0,564.78143527,2018-09-01T13:57:48.5270000Z,2018-09-01T13:00:23.2730000Z,2018-09-01T14:00:00.0000000Z,2018-09-01T13:00:00.0000000Z,81,43.34206551
277,609.0,609.0,568.0,568.0,2018-09-01T14:56:49.5200000Z,2018-09-01T14:00:06.3770000Z,2018-09-01T15:00:00.0000000Z,2018-09-01T14:00:00.0000000Z,359,552.12471042
278,612.0,619.0,604.57937001,610.48456879,2018-09-01T15:56:48.2830000Z,2018-09-01T15:00:25.3300000Z,2018-09-01T16:00:00.0000000Z,2018-09-01T15:00:00.0000000Z,124,65.77793798
279,623.03799001,633.97991009,612.0,612.0,2018-09-01T16:58:35.6770000Z,2018-09-01T16:02:51.2330000Z,2018-09-01T17:00:00.0000000Z,2018-09-01T16:00:00.0000000Z,144,100.05129495
280,625.73324585,625.73324585,616.83324989,623.038,2018-09-01T17:59:36.6100000Z,2018-09-01T17:01:06.1030000Z,2018-09-01T18:00:00.0000000Z,2018-09-01T17:00:00.0000000Z,74,370.83787457
281,619.17852407,626.49995259,616.64962,626.49995259,2018-09-01T18:59:37.5600000Z,2018-09-01T18:06:12.3930000Z,2018-09-01T19:00:00.0000000Z,2018-09-01T18:00:00.0000000Z,31,13.75459942
282,629.99999995,629.99999995,623.99999998,624.87791622,2018-09-01T19:56:30.7170000Z,2018-09-01T19:00:02.5300000Z,2018-09-01T20:00:00.0000000Z,2018-09-01T19:00:00.0000000Z,27,33.49096585
283,623.58275526,630.0,617.36745358,630.0,2018-09-01T20:50:32.8370000Z,2018-09-01T20:00:09.2270000Z,2018-09-01T21:00:00.0000000Z,2018-09-01T20:00:00.0000000Z,52,34.18788369
284,619.56,623.41552626,618.34847868,623.41552626,2018-09-01T21:45:53.4930000Z,2018-09-01T21:01:20.5530000Z,2018-09-01T22:00:00.0000000Z,2018-09-01T21:00:00.0000000Z,7,2.5778310600000003
285,613.87008584,618.34847868,609.20000045,618.34847868,2018-09-01T22:46:11.0700000Z,2018-09-01T22:14:08.9570000Z,2018-09-01T23:00:00.0000000Z,2018-09-01T22:00:00.0000000Z,31,64.63138261
286,617.0,617.0,613.99999,613.99999,2018-09-01T23:40:05.8970000Z,2018-09-01T23:22:19.1470000Z,2018-09-02T00:00:00.0000000Z,2018-09-01T23:00:00.0000000Z,6,25.93738245
287,610.87491574,620.84716767,601.58000001,619.55999999,2018-09-02T00:58:13.6100000Z,2018-09-02T00:00:37.1970000Z,2018-09-02T01:00:00.0000000Z,2018-09-02T00:00:00.0000000Z,66,28.73136464
288,601.58,611.96355881,601.0,605.0,2018-09-02T01:51:55.5000000Z,2018-09-02T01:00:30.0070000Z,2018-09-02T02:00:00.0000000Z,2018-09-02T01:00:00.0000000Z,33,21.99295691
289,626.96028516,626.96028516,601.68445002,609.20642041,2018-09-02T02:59:49.8000000Z,2018-09-02T02:01:30.2100000Z,2018-09-02T03:00:00.0000000Z,2018-09-02T02:00:00.0000000Z,43,30.26186041
290,645.45377003,657.058,626.96029001,629.06802553,2018-09-02T03:59:50.3100000Z,2018-09-02T03:00:04.3970000Z,2018-09-02T04:00:00.0000000Z,2018-09-02T03:00:00.0000000Z,179,170.71753197
291,644.32447324,659.95175987,644.32447324,651.3464774,2018-09-02T04:59:47.4300000Z,2018-09-02T04:01:39.9870000Z,2018-09-02T05:00:00.0000000Z,2018-09-02T04:00:00.0000000Z,73,77.40684803
292,653.0,653.0,644.00010001,644.33095249,2018-09-02T05:58:25.3170000Z,2018-09-02T05:00:24.1370000Z,2018-09-02T06:00:00.0000000Z,2018-09-02T05:00:00.0000000Z,36,58.77577793
293,648.8889,656.15651342,648.8889,653.0,2018-09-02T06:33:40.4530000Z,2018-09-02T06:04:48.1300000Z,2018-09-02T07:00:00.0000000Z,2018-09-02T06:00:00.0000000Z,20,25.01015828
294,647.25,652.0,644.61262001,644.6126212,2018-09-02T07:59:46.2330000Z,2018-09-02T07:02:12.4330000Z,2018-09-02T08:00:00.0000000Z,2018-09-02T07:00:00.0000000Z,50,231.63304181
295,642.50001584,654.31096198,642.5000158,651.50569997,2018-09-02T08:58:31.2130000Z,2018-09-02T08:04:02.2930000Z,2018-09-02T09:00:00.0000000Z,2018-09-02T08:00:00.0000000Z,40,47.95155578
296,638.71693002,650.0,636.9094476,647.0,2018-09-02T09:58:53.1130000Z,2018-09-02T09:01:12.7500000Z,2018-09-02T10:00:00.0000000Z,2018-09-02T09:00:00.0000000Z,72,102.44342422
297,632.34,644.41730458,624.54522034,644.41730458,2018-09-02T10:54:30.8030000Z,2018-09-02T10:05:11.9270000Z,2018-09-02T11:00:00.0000000Z,2018-09-02T10:00:00.0000000Z,79,51.63626616
298,625.17545787,633.18095246,618.24133001,631.00107525,2018-09-02T11:53:29.0500000Z,2018-09-02T11:03:39.7800000Z,2018-09-02T12:00:00.0000000Z,2018-09-02T11:00:00.0000000Z,81,98.33234415
299,633.50095999,637.11547999,626.54535213,626.54535213,2018-09-02T12:53:05.4800000Z,2018-09-02T12:03:13.8070000Z,2018-09-02T13:00:00.0000000Z,2018-09-02T12:00:00.0000000Z,27,9.53163177
300,618.87039284,635.82228386,618.87039284,635.82228386,2018-09-02T13:59:41.7270000Z,2018-09-02T13:00:31.6570000Z,2018-09-02T14:00:00.0000000Z,2018-09-02T13:00:00.0000000Z,69,68.88411196
301,628.43623,632.36719993,618.17403001,618.17403001,2018-09-02T14:59:54.1170000Z,2018-09-02T14:02:08.2630000Z,2018-09-02T15:00:00.0000000Z,2018-09-02T14:00:00.0000000Z,55,43.11903205
302,629.94395122,634.46299262,628.63891001,629.93611395,2018-09-02T15:57:38.2600000Z,2018-09-02T15:00:39.2900000Z,2018-09-02T16:00:00.0000000Z,2018-09-02T15:00:00.0000000Z,44,8.87800931
303,649.0,654.56918999,625.16640278,629.94395122,2018-09-02T16:58:36.8570000Z,2018-09-02T16:00:01.6270000Z,2018-09-02T17:00:00.0000000Z,2018-09-02T16:00:00.0000000Z,108,57.18592067
304,642.30239375,657.21939994,642.30226772,649.0,2018-09-02T17:58:41.0230000Z,2018-09-02T17:00:03.2800000Z,2018-09-02T18:00:00.0000000Z,2018-09-02T17:00:00.0000000Z,60,52.09232503
305,640.64971009,649.99981995,631.00018001,647.0,2018-09-02T18:52:47.1430000Z,2018-09-02T18:00:08.2770000Z,2018-09-02T19:00:00.0000000Z,2018-09-02T18:00:00.0000000Z,39,29.368261060000002
306,638.90395621,647.08838218,638.90395621,641.0,2018-09-02T19:47:00.4070000Z,2018-09-02T19:05:09.6770000Z,2018-09-02T20:00:00.0000000Z,2018-09-02T19:00:00.0000000Z,11,5.26858735
307,635.0,638.90395621,630.60149785,638.90395621,2018-09-02T20:52:23.8700000Z,2018-09-02T20:11:39.3400000Z,2018-09-02T21:00:00.0000000Z,2018-09-02T20:00:00.0000000Z,27,81.91731657
308,644.95931224,645.0,636.0,636.0,2018-09-02T21:47:54.6830000Z,2018-09-02T21:02:38.0800000Z,2018-09-02T22:00:00.0000000Z,2018-09-02T21:00:00.0000000Z,22,41.50470745
309,643.98903888,643.98911818,638.00005682,638.00005682,2018-09-02T22:52:09.1770000Z,2018-09-02T22:01:19.9800000Z,2018-09-02T23:00:00.0000000Z,2018-09-02T22:00:00.0000000Z,8,15.28097536
310,654.678,654.678,640.22472001,644.0,2018-09-02T23:52:56.7830000Z,2018-09-02T23:08:39.2930000Z,2018-09-03T00:00:00.0000000Z,2018-09-02T23:00:00.0000000Z,48,65.518669
311,639.82405889,654.92375316,639.82405889,654.91995813,2018-09-03T00:53:28.7830000Z,2018-09-03T00:00:47.3200000Z,2018-09-03T01:00:00.0000000Z,2018-09-03T00:00:00.0000000Z,45,20.74848497
312,640.41745591,640.41749889,631.0,638.65653794,2018-09-03T01:57:19.4000000Z,2018-09-03T01:11:53.1900000Z,2018-09-03T02:00:00.0000000Z,2018-09-03T01:00:00.0000000Z,35,27.64728985
313,640.0,644.32669999,631.00000001,634.56428719,2018-09-03T02:59:29.8400000Z,2018-09-03T02:03:12.8830000Z,2018-09-03T03:00:00.0000000Z,2018-09-03T02:00:00.0000000Z,27,13.0281357
314,635.0,642.91832095,635.0,640.0,2018-09-03T03:55:14.3400000Z,2018-09-03T03:00:55.4830000Z,2018-09-03T04:00:00.0000000Z,2018-09-03T03:00:00.0000000Z,27,21.4416248
315,628.50400435,635.0,621.74587001,635.0,2018-09-03T04:56:01.6670000Z,2018-09-03T04:01:02.9500000Z,2018-09-03T05:00:00.0000000Z,2018-09-03T04:00:00.0000000Z,55,31.88248541
316,628.03148667,637.82394889,624.35577031,624.35577031,2018-09-03T05:48:20.6600000Z,2018-09-03T05:10:15.8900000Z,2018-09-03T06:00:00.0000000Z,2018-09-03T05:00:00.0000000Z,39,106.00863877
317,632.16021745,635.78991,626.88879999,626.889,2018-09-03T06:59:58.1400000Z,2018-09-03T06:25:20.4270000Z,2018-09-03T07:00:00.0000000Z,2018-09-03T06:00:00.0000000Z,13,6.00181916
318,630.20074005,637.01515586,627.22451241,637.01515586,2018-09-03T07:59:49.1500000Z,2018-09-03T07:04:29.8400000Z,2018-09-03T08:00:00.0000000Z,2018-09-03T07:00:00.0000000Z,35,38.64493442
319,633.51495669,633.51495669,631.16875007,631.16875007,2018-09-03T08:53:24.5100000Z,2018-09-03T08:07:59.1270000Z,2018-09-03T09:00:00.0000000Z,2018-09-03T08:00:00.0000000Z,2,0.78258143
320,630.0,635.0,627.00000272,635.0,2018-09-03T09:20:43.8600000Z,2018-09-03T09:01:49.3100000Z,2018-09-03T10:00:00.0000000Z,2018-09-03T09:00:00.0000000Z,8,11.13973797
321,630.84318513,630.84318513,628.0,628.87405384,2018-09-03T10:51:49.8830000Z,2018-09-03T10:00:04.8030000Z,2018-09-03T11:00:00.0000000Z,2018-09-03T10:00:00.0000000Z,14,28.27280287
322,624.35583514,628.82190995,624.35583514,627.71608629,2018-09-03T11:58:43.2570000Z,2018-09-03T11:02:43.5830000Z,2018-09-03T12:00:00.0000000Z,2018-09-03T11:00:00.0000000Z,9,2.72704683
323,627.82537246,632.0,624.35583514,625.0,2018-09-03T12:53:28.1630000Z,2018-09-03T12:00:09.7930000Z,2018-09-03T13:00:00.0000000Z,2018-09-03T12:00:00.0000000Z,12,2.63669437
324,634.01828064,637.5829526,630.75108093,631.8999999,2018-09-03T13:52:51.4070000Z,2018-09-03T13:00:29.4000000Z,2018-09-03T14:00:00.0000000Z,2018-09-03T13:00:00.0000000Z,70,45.88779493
325,634.80978998,635.39998,627.10331675,635.39998,2018-09-03T14:54:29.5170000Z,2018-09-03T14:02:09.3530000Z,2018-09-03T15:00:00.0000000Z,2018-09-03T14:00:00.0000000Z,35,26.43948368
326,627.5,633.69018692,627.5,633.69018692,2018-09-03T15:47:47.4470000Z,2018-09-03T15:00:17.3900000Z,2018-09-03T16:00:00.0000000Z,2018-09-03T15:00:00.0000000Z,17,10.32690402
327,624.44023808,627.103,624.44023808,627.103,2018-09-03T16:55:52.7900000Z,2018-09-03T16:06:25.2300000Z,2018-09-03T17:00:00.0000000Z,2018-09-03T16:00:00.0000000Z,15,8.28962355
328,625.4,625.4,624.00000001,624.44023845,2018-09-03T17:43:50.4000000Z,2018-09-03T17:03:17.4370000Z,2018-09-03T18:00:00.0000000Z,2018-09-03T17:00:00.0000000Z,15,14.60018695
329,630.90795118,630.90795118,630.90795118,630.90795118,2018-09-03T18:40:14.4630000Z,2018-09-03T18:39:54.1030000Z,2018-09-03T19:00:00.0000000Z,2018-09-03T18:00:00.0000000Z,2,0.33902863
330,636.90789999,636.90795118,630.27704323,630.27704323,2018-09-03T19:57:25.5530000Z,2018-09-03T19:05:25.3430000Z,2018-09-03T20:00:00.0000000Z,2018-09-03T19:00:00.0000000Z,54,112.57762087
331,634.49937555,634.5,626.99571902,633.0,2018-09-03T20:59:54.4300000Z,2018-09-03T20:06:01.6830000Z,2018-09-03T21:00:00.0000000Z,2018-09-03T20:00:00.0000000Z,17,11.51560789
332,634.5,634.5,631.00000001,634.49994738,2018-09-03T21:56:19.5100000Z,2018-09-03T21:11:58.9770000Z,2018-09-03T22:00:00.0000000Z,2018-09-03T21:00:00.0000000Z,9,1.9076298500000002
333,631.62394998,638.9079,629.00027018,636.90789959,2018-09-03T22:59:40.7670000Z,2018-09-03T22:03:20.0270000Z,2018-09-03T23:00:00.0000000Z,2018-09-03T22:00:00.0000000Z,26,21.5065396
334,629.00003098,629.00003098,629.00003098,629.00003098,2018-09-03T23:30:03.8430000Z,2018-09-03T23:02:19.6200000Z,2018-09-04T00:00:00.0000000Z,2018-09-03T23:00:00.0000000Z,5,2.70555562
335,632.36447999,632.36447999,627.96332871,629.57823999,2018-09-04T00:51:39.6930000Z,2018-09-04T00:00:19.1570000Z,2018-09-04T01:00:00.0000000Z,2018-09-04T00:00:00.0000000Z,31,4.354608
336,631.00024637,638.907,631.00024637,632.85601997,2018-09-04T01:51:39.8300000Z,2018-09-04T01:00:23.0730000Z,2018-09-04T02:00:00.0000000Z,2018-09-04T01:00:00.0000000Z,19,5.65345922
337,632.29867585,638.69908998,632.29867585,637.30973115,2018-09-04T02:59:52.8500000Z,2018-09-04T02:00:29.4200000Z,2018-09-04T03:00:00.0000000Z,2018-09-04T02:00:00.0000000Z,27,1.6468281500000002
338,629.5633663,635.03795999,629.5633663,635.03795999,2018-09-04T03:36:42.5200000Z,2018-09-04T03:00:16.9600000Z,2018-09-04T04:00:00.0000000Z,2018-09-04T03:00:00.0000000Z,6,1.69064217
339,625.28815594,632.90205998,625.28815594,632.90205998,2018-09-04T04:51:59.3530000Z,2018-09-04T04:00:16.1300000Z,2018-09-04T05:00:00.0000000Z,2018-09-04T04:00:00.0000000Z,30,5.14755173
340,631.69756605,631.69756605,631.69756605,631.69756605,2018-09-04T06:20:02.4100000Z,2018-09-04T06:20:02.4100000Z,2018-09-04T07:00:00.0000000Z,2018-09-04T06:00:00.0000000Z,1,0.00243108
341,631.69756605,631.69756605,631.46419996,631.46441998,2018-09-04T07:27:41.1600000Z,2018-09-04T07:08:25.9400000Z,2018-09-04T08:00:00.0000000Z,2018-09-04T07:00:00.0000000Z,6,4.6790723100000005
342,631.69456603,633.71995996,631.69456603,631.69756605,2018-09-04T08:55:35.6200000Z,2018-09-04T08:01:15.1500000Z,2018-09-04T09:00:00.0000000Z,2018-09-04T08:00:00.0000000Z,31,25.8253523
343,626.86772524,631.69454999,626.86772524,631.69454999,2018-09-04T09:37:01.4600000Z,2018-09-04T09:00:03.9770000Z,2018-09-04T10:00:00.0000000Z,2018-09-04T09:00:00.0000000Z,10,6.12471021
344,631.5,631.69756605,630.20327998,630.20327998,2018-09-04T10:57:49.9900000Z,2018-09-04T10:00:10.7700000Z,2018-09-04T11:00:00.0000000Z,2018-09-04T10:00:00.0000000Z,20,20.87939204
345,631.402,635.03787998,631.0,631.6,2018-09-04T11:59:48.8300000Z,2018-09-04T11:04:36.9870000Z,2018-09-04T12:00:00.0000000Z,2018-09-04T11:00:00.0000000Z,47,33.40257613
346,642.29981001,650.0,631.402,631.402,2018-09-04T12:38:34.1000000Z,2018-09-04T12:00:07.8430000Z,2018-09-04T13:00:00.0000000Z,2018-09-04T12:00:00.0000000Z,118,235.47014244
347,644.193,646.41832,643.00296012,643.00296012,2018-09-04T13:58:58.8970000Z,2018-09-04T13:00:41.7030000Z,2018-09-04T14:00:00.0000000Z,2018-09-04T13:00:00.0000000Z,18,30.53150657
348,645.99999999,648.5645796,643.00407002,646.57287999,2018-09-04T14:54:48.9500000Z,2018-09-04T14:00:09.1330000Z,2018-09-04T15:00:00.0000000Z,2018-09-04T14:00:00.0000000Z,82,74.62389859
349,642.01909866,644.57957798,636.74444001,642.3,2018-09-04T15:59:36.3870000Z,2018-09-04T15:00:45.1670000Z,2018-09-04T16:00:00.0000000Z,2018-09-04T15:00:00.0000000Z,13,4.08527825
350,640.12701266,642.01713525,636.00060548,638.00005,2018-09-04T16:41:37.0600000Z,2018-09-04T16:00:15.5000000Z,2018-09-04T17:00:00.0000000Z,2018-09-04T16:00:00.0000000Z,21,43.90088255
351,641.34389512,642.00828995,637.26864189,642.00828995,2018-09-04T17:58:22.1630000Z,2018-09-04T17:00:12.0170000Z,2018-09-04T18:00:00.0000000Z,2018-09-04T17:00:00.0000000Z,26,130.41616272
352,629.47,640.20547998,628.0,637.26868673,2018-09-04T18:58:58.3030000Z,2018-09-04T18:01:24.6400000Z,2018-09-04T19:00:00.0000000Z,2018-09-04T18:00:00.0000000Z,80,156.19649337
353,624.08317174,631.25108278,624.08317174,629.47,2018-09-04T19:58:13.6100000Z,2018-09-04T19:01:01.2000000Z,2018-09-04T20:00:00.0000000Z,2018-09-04T19:00:00.0000000Z,31,49.26585792
354,631.25108277,631.25108277,622.00005001,625.0,2018-09-04T20:54:37.4900000Z,2018-09-04T20:00:11.7100000Z,2018-09-04T21:00:00.0000000Z,2018-09-04T20:00:00.0000000Z,27,112.93449875
355,628.86906998,631.25065914,628.86906998,631.25057444,2018-09-04T21:51:50.5870000Z,2018-09-04T21:03:06.0400000Z,2018-09-04T22:00:00.0000000Z,2018-09-04T21:00:00.0000000Z,11,4.53489674
356,625.61165211,630.25600247,624.0,628.22005051,2018-09-04T22:31:30.2170000Z,2018-09-04T22:00:00.3100000Z,2018-09-04T23:00:00.0000000Z,2018-09-04T22:00:00.0000000Z,9,5.55613466
357,625.00000005,629.67523998,625.0,627.0,2018-09-04T23:57:44.3730000Z,2018-09-04T23:02:46.3270000Z,2018-09-05T00:00:00.0000000Z,2018-09-04T23:00:00.0000000Z,22,7.57109305
358,634.49821624,634.49821624,625.00000005,629.23406997,2018-09-05T00:59:44.2500000Z,2018-09-05T00:00:44.6470000Z,2018-09-05T01:00:00.0000000Z,2018-09-05T00:00:00.0000000Z,24,33.14231871
359,634.5,634.5,633.73304739,633.73306273,2018-09-05T01:30:08.6700000Z,2018-09-05T01:10:02.4670000Z,2018-09-05T02:00:00.0000000Z,2018-09-05T01:00:00.0000000Z,5,11.51382672
360,628.2901988,634.34727999,628.2901988,634.34727999,2018-09-05T02:59:49.1700000Z,2018-09-05T02:00:12.8370000Z,2018-09-05T03:00:00.0000000Z,2018-09-05T02:00:00.0000000Z,11,0.64464874
361,629.43559412,630.71098116,625.0708309,630.71098116,2018-09-05T03:50:03.0300000Z,2018-09-05T03:00:04.0770000Z,2018-09-05T04:00:00.0000000Z,2018-09-05T03:00:00.0000000Z,11,3.62112532
362,628.80619718,629.43563281,628.80619718,629.43553344,2018-09-05T04:52:38.3000000Z,2018-09-05T04:02:12.3530000Z,2018-09-05T05:00:00.0000000Z,2018-09-05T04:00:00.0000000Z,19,22.81246789
363,629.436,629.436,628.80619718,628.80619718,2018-09-05T05:50:05.2870000Z,2018-09-05T05:01:32.7600000Z,2018-09-05T06:00:00.0000000Z,2018-09-05T05:00:00.0000000Z,5,2.36122124
364,630.43563281,630.43563281,629.436,629.436,2018-09-05T06:51:03.3830000Z,2018-09-05T06:44:34.6300000Z,2018-09-05T07:00:00.0000000Z,2018-09-05T06:00:00.0000000Z,16,17.11352645
365,631.12911686,633.02115506,625.84106299,630.43563281,2018-09-05T07:54:33.6100000Z,2018-09-05T07:07:05.7800000Z,2018-09-05T08:00:00.0000000Z,2018-09-05T07:00:00.0000000Z,15,6.78902287
366,629.62210412,631.39629999,629.62210412,629.93900648,2018-09-05T08:46:10.8770000Z,2018-09-05T08:00:22.7830000Z,2018-09-05T09:00:00.0000000Z,2018-09-05T08:00:00.0000000Z,6,0.32646159
367,594.77222105,630.80055161,591.0,629.93587668,2018-09-05T09:59:40.3630000Z,2018-09-05T09:00:09.9300000Z,2018-09-05T10:00:00.0000000Z,2018-09-05T09:00:00.0000000Z,180,169.78708975
368,561.243,597.0,550.0,594.29957746,2018-09-05T10:59:41.2400000Z,2018-09-05T10:00:00.7530000Z,2018-09-05T11:00:00.0000000Z,2018-09-05T10:00:00.0000000Z,401,667.95944235
369,564.66949992,566.521,553.73650549,561.243,2018-09-05T11:58:14.8270000Z,2018-09-05T11:00:09.7230000Z,2018-09-05T12:00:00.0000000Z,2018-09-05T11:00:00.0000000Z,133,152.26783874
370,556.001,568.784,556.0,560.28620602,2018-09-05T12:59:54.4630000Z,2018-09-05T12:00:24.8470000Z,2018-09-05T13:00:00.0000000Z,2018-09-05T12:00:00.0000000Z,94,59.0652513
371,568.99999996,568.99999996,556.001,556.001,2018-09-05T13:58:56.0900000Z,2018-09-05T13:00:07.6000000Z,2018-09-05T14:00:00.0000000Z,2018-09-05T13:00:00.0000000Z,87,81.52745248
372,558.95567218,569.99999997,558.3009615,569.0,2018-09-05T14:55:51.9300000Z,2018-09-05T14:00:16.4700000Z,2018-09-05T15:00:00.0000000Z,2018-09-05T14:00:00.0000000Z,54,29.06542121
373,553.90971923,564.99970662,551.76,562.00092475,2018-09-05T15:55:49.1200000Z,2018-09-05T15:00:13.6630000Z,2018-09-05T16:00:00.0000000Z,2018-09-05T15:00:00.0000000Z,100,82.640713
374,535.0,562.17734685,533.30000002,560.0,2018-09-05T16:58:58.5000000Z,2018-09-05T16:04:02.4900000Z,2018-09-05T17:00:00.0000000Z,2018-09-05T16:00:00.0000000Z,158,99.10386378
375,536.64500608,536.64500639,525.01107502,533.30000002,2018-09-05T17:57:49.6700000Z,2018-09-05T17:03:43.5400000Z,2018-09-05T18:00:00.0000000Z,2018-09-05T17:00:00.0000000Z,157,305.71296845
376,538.09681443,538.09681443,532.007,536.20768196,2018-09-05T18:58:52.9700000Z,2018-09-05T18:00:43.4400000Z,2018-09-05T19:00:00.0000000Z,2018-09-05T18:00:00.0000000Z,45,37.84905567
377,538.49884524,542.86129424,532.44071483,532.63375417,2018-09-05T19:50:13.1130000Z,2018-09-05T19:03:52.6200000Z,2018-09-05T20:00:00.0000000Z,2018-09-05T19:00:00.0000000Z,58,59.22896686
378,544.801,548.63933015,537.0,537.0,2018-09-05T20:59:52.4830000Z,2018-09-05T20:00:30.0600000Z,2018-09-05T21:00:00.0000000Z,2018-09-05T20:00:00.0000000Z,85,67.32512603
379,543.395873,546.85066159,543.395873,544.801,2018-09-05T21:45:27.7170000Z,2018-09-05T21:00:02.5470000Z,2018-09-05T22:00:00.0000000Z,2018-09-05T21:00:00.0000000Z,32,0.47784291
380,540.86862859,547.99979357,537.61645369,542.742305,2018-09-05T22:51:31.6200000Z,2018-09-05T22:00:12.9130000Z,2018-09-05T23:00:00.0000000Z,2018-09-05T22:00:00.0000000Z,33,64.46163528
381,523.00188623,543.22267103,523.00188623,540.959,2018-09-05T23:59:26.0370000Z,2018-09-05T23:05:44.5200000Z,2018-09-06T00:00:00.0000000Z,2018-09-05T23:00:00.0000000Z,135,65.05472601
382,514.49885517,530.11783643,488.00000001,530.11783643,2018-09-06T00:59:11.0700000Z,2018-09-06T00:00:43.1500000Z,2018-09-06T01:00:00.0000000Z,2018-09-06T00:00:00.0000000Z,249,557.21804109
383,508.99988938,514.87643463,505.0,514.49885488,2018-09-06T01:58:33.1900000Z,2018-09-06T01:00:10.6070000Z,2018-09-06T02:00:00.0000000Z,2018-09-06T01:00:00.0000000Z,107,26.67201169
384,503.33500006,515.07499283,503.33500006,508.99988938,2018-09-06T02:52:21.6170000Z,2018-09-06T02:02:19.8100000Z,2018-09-06T03:00:00.0000000Z,2018-09-06T02:00:00.0000000Z,50,44.81773115
385,512.29786221,512.29786221,506.29786221,509.00000002,2018-09-06T03:33:30.4770000Z,2018-09-06T03:17:00.7500000Z,2018-09-06T04:00:00.0000000Z,2018-09-06T03:00:00.0000000Z,5,0.91200378
386,510.49995874,514.66186705,506.68000005,510.0,2018-09-06T04:47:13.3030000Z,2018-09-06T04:01:42.8400000Z,2018-09-06T05:00:00.0000000Z,2018-09-06T04:00:00.0000000Z,25,53.2767052
387,497.17674471,512.69964134,491.0,506.68,2018-09-06T05:58:40.5500000Z,2018-09-06T05:03:27.6830000Z,2018-09-06T06:00:00.0000000Z,2018-09-06T05:00:00.0000000Z,78,69.46222607
388,502.0,505.3471998,494.12119775,497.184525,2018-09-06T06:58:51.7670000Z,2018-09-06T06:01:40.5900000Z,2018-09-06T07:00:00.0000000Z,2018-09-06T06:00:00.0000000Z,54,66.48046834
389,502.0,507.34581469,502.0,502.00833319,2018-09-06T07:59:51.7300000Z,2018-09-06T07:01:29.1300000Z,2018-09-06T08:00:00.0000000Z,2018-09-06T07:00:00.0000000Z,45,60.56013952
390,499.78842263,503.0,494.42076471,502.8,2018-09-06T08:41:00.8800000Z,2018-09-06T08:08:41.8800000Z,2018-09-06T09:00:00.0000000Z,2018-09-06T08:00:00.0000000Z,42,86.63168698
391,496.14978745,503.62369511,487.00277457,499.7568732,2018-09-06T09:54:21.6330000Z,2018-09-06T09:00:30.6370000Z,2018-09-06T10:00:00.0000000Z,2018-09-06T09:00:00.0000000Z,31,54.02491544
392,496.36168241,496.36168241,492.00000047,494.06565947,2018-09-06T10:57:45.0800000Z,2018-09-06T10:35:41.1130000Z,2018-09-06T11:00:00.0000000Z,2018-09-06T10:00:00.0000000Z,6,9.80572299
393,500.0,500.0,497.4946945,497.4946945,2018-09-06T11:57:18.9000000Z,2018-09-06T11:12:02.1600000Z,2018-09-06T12:00:00.0000000Z,2018-09-06T11:00:00.0000000Z,10,5.12049197
394,500.69999988,502.60302373,497.00000058,500.0,2018-09-06T12:59:38.3800000Z,2018-09-06T12:07:37.6930000Z,2018-09-06T13:00:00.0000000Z,2018-09-06T12:00:00.0000000Z,24,20.8958541
395,520.0,520.0,497.00000039,500.6731823,2018-09-06T13:58:06.8770000Z,2018-09-06T13:06:04.3970000Z,2018-09-06T14:00:00.0000000Z,2018-09-06T13:00:00.0000000Z,33,16.16531657
396,510.0,520.40392489,510.0,520.40392489,2018-09-06T14:47:47.5400000Z,2018-09-06T14:01:00.9930000Z,2018-09-06T15:00:00.0000000Z,2018-09-06T14:00:00.0000000Z,34,44.82417244
397,509.26633864,510.91638569,505.76402108,510.0,2018-09-06T15:28:23.7370000Z,2018-09-06T15:06:14.4470000Z,2018-09-06T16:00:00.0000000Z,2018-09-06T15:00:00.0000000Z,5,4.3890454
398,515.4620247,515.4620247,510.26221438,510.26221438,2018-09-06T16:45:22.2730000Z,2018-09-06T16:11:53.7000000Z,2018-09-06T17:00:00.0000000Z,2018-09-06T16:00:00.0000000Z,6,24.561
399,507.0,513.0,507.0,513.0,2018-09-06T17:59:29.5700000Z,2018-09-06T17:01:31.7800000Z,2018-09-06T18:00:00.0000000Z,2018-09-06T17:00:00.0000000Z,14,7.20500967
400,506.41646768,511.92877362,500.91179489,503.12972201,2018-09-06T18:52:48.9700000Z,2018-09-06T18:00:01.2730000Z,2018-09-06T19:00:00.0000000Z,2018-09-06T18:00:00.0000000Z,7,1.17954391
401,514.59636678,514.59636678,507.0,507.0,2018-09-06T19:45:31.8070000Z,2018-09-06T19:02:38.2330000Z,2018-09-06T20:00:00.0000000Z,2018-09-06T19:00:00.0000000Z,6,5.9310687699999995
402,506.15711165,507.0,506.15711165,507.0,2018-09-06T20:45:22.5400000Z,2018-09-06T20:35:13.1970000Z,2018-09-06T21:00:00.0000000Z,2018-09-06T20:00:00.0000000Z,5,1.0733042
403,510.89525553,510.89525553,510.89525553,510.89525553,2018-09-06T21:06:07.6870000Z,2018-09-06T21:06:07.6870000Z,2018-09-06T22:00:00.0000000Z,2018-09-06T21:00:00.0000000Z,1,1.5922256300000002
404,510.89525592,510.89525592,507.00002741,509.82599999,2018-09-06T22:55:48.9770000Z,2018-09-06T22:11:31.1470000Z,2018-09-06T23:00:00.0000000Z,2018-09-06T22:00:00.0000000Z,5,2.00467238
405,515.15004592,520.47381416,509.4482668,509.4482668,2018-09-06T23:36:14.8100000Z,2018-09-06T23:01:12.9230000Z,2018-09-07T00:00:00.0000000Z,2018-09-06T23:00:00.0000000Z,15,12.30714592
406,519.97054728,519.97054728,515.15000502,516.86000992,2018-09-07T00:36:29.3700000Z,2018-09-07T00:08:28.8600000Z,2018-09-07T01:00:00.0000000Z,2018-09-07T00:00:00.0000000Z,17,88.0332898
407,526.20845678,526.20845678,518.0994856,518.0994856,2018-09-07T01:53:50.6130000Z,2018-09-07T01:24:21.7530000Z,2018-09-07T02:00:00.0000000Z,2018-09-07T01:00:00.0000000Z,18,16.11203783
408,519.00000017,529.35,519.00000015,528.24292825,2018-09-07T02:59:11.8230000Z,2018-09-07T02:05:32.5000000Z,2018-09-07T03:00:00.0000000Z,2018-09-07T02:00:00.0000000Z,40,101.76985361
409,521.404387,524.49999999,520.69404387,524.49999999,2018-09-07T03:51:27.7630000Z,2018-09-07T03:43:44.4270000Z,2018-09-07T04:00:00.0000000Z,2018-09-07T03:00:00.0000000Z,3,1.04804458
410,517.14723099,520.69404385,517.14723099,520.69404385,2018-09-07T04:32:26.3400000Z,2018-09-07T04:05:23.0000000Z,2018-09-07T05:00:00.0000000Z,2018-09-07T04:00:00.0000000Z,10,9.78772281
411,519.4902898,523.0,519.4902898,520.0,2018-09-07T05:37:58.1670000Z,2018-09-07T05:11:04.9030000Z,2018-09-07T06:00:00.0000000Z,2018-09-07T05:00:00.0000000Z,8,1.80381334
412,517.0,519.999996,513.20255767,519.0,2018-09-07T06:59:12.5730000Z,2018-09-07T06:17:38.5700000Z,2018-09-07T07:00:00.0000000Z,2018-09-07T06:00:00.0000000Z,15,8.22470937
413,515.38730135,517.5,515.0,517.5,2018-09-07T07:53:35.6200000Z,2018-09-07T07:02:53.3000000Z,2018-09-07T08:00:00.0000000Z,2018-09-07T07:00:00.0000000Z,6,4.13256915
414,512.0,515.0,506.79803358,515.0,2018-09-07T08:59:05.7830000Z,2018-09-07T08:02:40.6870000Z,2018-09-07T09:00:00.0000000Z,2018-09-07T08:00:00.0000000Z,35,82.36638041
415,512.0,512.0,507.409042,511.9,2018-09-07T09:49:18.3630000Z,2018-09-07T09:06:20.6430000Z,2018-09-07T10:00:00.0000000Z,2018-09-07T09:00:00.0000000Z,30,129.81348952
416,500.0,509.89002979,496.5,508.32181142,2018-09-07T10:57:08.2070000Z,2018-09-07T10:08:56.3130000Z,2018-09-07T11:00:00.0000000Z,2018-09-07T10:00:00.0000000Z,66,85.6114657
417,500.47427066,504.23224576,500.0,501.20371,2018-09-07T11:53:57.6400000Z,2018-09-07T11:00:02.3700000Z,2018-09-07T12:00:00.0000000Z,2018-09-07T11:00:00.0000000Z,26,13.03456253
418,506.55296641,509.84162385,503.07925035,503.07925035,2018-09-07T12:58:42.3170000Z,2018-09-07T12:15:00.9830000Z,2018-09-07T13:00:00.0000000Z,2018-09-07T12:00:00.0000000Z,16,65.99890152
419,504.00001129,506.54926377,501.95647322,505.99,2018-09-07T13:57:23.2330000Z,2018-09-07T13:00:05.2900000Z,2018-09-07T14:00:00.0000000Z,2018-09-07T13:00:00.0000000Z,7,2.96908897
420,507.0,509.0,502.66669931,504.0000113,2018-09-07T14:43:18.2670000Z,2018-09-07T14:01:27.2400000Z,2018-09-07T15:00:00.0000000Z,2018-09-07T14:00:00.0000000Z,11,7.89581352
421,497.22,505.70998969,497.22,505.50318999,2018-09-07T15:58:06.6930000Z,2018-09-07T15:29:12.4800000Z,2018-09-07T16:00:00.0000000Z,2018-09-07T15:00:00.0000000Z,20,13.03709127
422,503.82207721,510.59087396,496.5,496.5,2018-09-07T16:36:33.0730000Z,2018-09-07T16:00:02.9170000Z,2018-09-07T17:00:00.0000000Z,2018-09-07T16:00:00.0000000Z,18,7.34696231
423,496.5,505.67451422,496.5,500.0,2018-09-07T17:49:27.8230000Z,2018-09-07T17:30:19.9000000Z,2018-09-07T18:00:00.0000000Z,2018-09-07T17:00:00.0000000Z,19,14.3536305
424,493.47650727,496.98089068,490.89589293,495.76,2018-09-07T18:56:34.4170000Z,2018-09-07T18:11:00.1070000Z,2018-09-07T19:00:00.0000000Z,2018-09-07T18:00:00.0000000Z,31,17.693251150000002
425,494.32782348,499.76121387,494.32782348,499.76121387,2018-09-07T19:44:07.8800000Z,2018-09-07T19:00:11.5500000Z,2018-09-07T20:00:00.0000000Z,2018-09-07T19:00:00.0000000Z,6,7.08215405
426,499.23557749,499.23557749,499.23557749,499.23557749,2018-09-07T20:32:25.2530000Z,2018-09-07T20:32:25.2530000Z,2018-09-07T21:00:00.0000000Z,2018-09-07T20:00:00.0000000Z,1,0.2595955
427,498.00000002,500.0,498.00000002,500.0,2018-09-07T21:58:56.7570000Z,2018-09-07T21:25:13.1230000Z,2018-09-07T22:00:00.0000000Z,2018-09-07T21:00:00.0000000Z,6,6.01643894
428,496.36722087,498.35599982,495.63317031,498.0048,2018-09-07T22:54:49.1100000Z,2018-09-07T22:00:47.7300000Z,2018-09-07T23:00:00.0000000Z,2018-09-07T22:00:00.0000000Z,13,11.39022165
429,498.74960612,498.74960612,496.557485,496.557485,2018-09-07T23:07:51.9100000Z,2018-09-07T23:03:22.5230000Z,2018-09-08T00:00:00.0000000Z,2018-09-07T23:00:00.0000000Z,8,5.79679003
430,498.28046187,505.12954006,498.28046187,502.99789457,2018-09-08T00:51:45.6430000Z,2018-09-08T00:50:18.9500000Z,2018-09-08T01:00:00.0000000Z,2018-09-08T00:00:00.0000000Z,16,107.24662724
431,503.88202689,505.19223137,500.61873442,501.11919893,2018-09-08T01:45:55.2370000Z,2018-09-08T01:05:50.6330000Z,2018-09-08T02:00:00.0000000Z,2018-09-08T01:00:00.0000000Z,22,40.56087966
432,501.00000251,502.80000251,501.00000251,501.14732239,2018-09-08T03:52:58.8230000Z,2018-09-08T03:03:50.3830000Z,2018-09-08T04:00:00.0000000Z,2018-09-08T03:00:00.0000000Z,8,5.24168394
433,500.7,500.7,500.7,500.7,2018-09-08T04:16:11.1930000Z,2018-09-08T04:15:50.7870000Z,2018-09-08T05:00:00.0000000Z,2018-09-08T04:00:00.0000000Z,7,11.00721235
434,504.55708481,504.55708481,503.28856413,503.288643,2018-09-08T05:57:53.2500000Z,2018-09-08T05:24:24.8870000Z,2018-09-08T06:00:00.0000000Z,2018-09-08T05:00:00.0000000Z,5,2.11462575
435,504.55705314,504.55705314,504.55705314,504.55705314,2018-09-08T06:00:15.4900000Z,2018-09-08T06:00:15.4900000Z,2018-09-08T07:00:00.0000000Z,2018-09-08T06:00:00.0000000Z,2,2.61250237
436,504.55705314,504.55705314,504.55705314,504.55705314,2018-09-08T07:19:55.7870000Z,2018-09-08T07:19:55.7870000Z,2018-09-08T08:00:00.0000000Z,2018-09-08T07:00:00.0000000Z,1,0.11113876
437,508.35026982,508.54757965,504.55705314,504.55705314,2018-09-08T08:52:08.0400000Z,2018-09-08T08:23:25.5530000Z,2018-09-08T09:00:00.0000000Z,2018-09-08T08:00:00.0000000Z,20,92.13132443
438,502.34603166,502.34603464,502.34603166,502.34603464,2018-09-08T10:13:20.9800000Z,2018-09-08T10:13:20.9800000Z,2018-09-08T11:00:00.0000000Z,2018-09-08T10:00:00.0000000Z,3,43.59012096
439,501.25263142,501.84404434,501.25263138,501.84404434,2018-09-08T11:16:45.7400000Z,2018-09-08T11:15:33.6270000Z,2018-09-08T12:00:00.0000000Z,2018-09-08T11:00:00.0000000Z,6,44.053946
440,496.15821545,503.88078878,496.03015023,503.88078877,2018-09-08T12:35:22.9900000Z,2018-09-08T12:02:22.3330000Z,2018-09-08T13:00:00.0000000Z,2018-09-08T12:00:00.0000000Z,9,10.16346524
441,496.5,498.95884976,496.5,498.95884967,2018-09-08T13:59:44.1870000Z,2018-09-08T13:24:34.2600000Z,2018-09-08T14:00:00.0000000Z,2018-09-08T13:00:00.0000000Z,10,13.11482101
442,498.90996231,499.11059391,496.38137501,496.38137501,2018-09-08T14:45:34.9530000Z,2018-09-08T14:00:33.6730000Z,2018-09-08T15:00:00.0000000Z,2018-09-08T14:00:00.0000000Z,5,15.07214283
443,496.90953505,496.90953505,494.82277496,496.90953505,2018-09-08T15:59:22.9100000Z,2018-09-08T15:26:17.0900000Z,2018-09-08T16:00:00.0000000Z,2018-09-08T15:00:00.0000000Z,3,1.7720300199999999
444,487.00000003,498.90996151,487.00000003,498.90996147,2018-09-08T16:59:36.9800000Z,2018-09-08T16:26:02.8800000Z,2018-09-08T17:00:00.0000000Z,2018-09-08T16:00:00.0000000Z,57,282.10186214
445,476.08872858,494.22433304,470.19169959,487.00000312,2018-09-08T17:59:36.1130000Z,2018-09-08T17:00:05.4670000Z,2018-09-08T18:00:00.0000000Z,2018-09-08T17:00:00.0000000Z,179,417.04205257
446,474.97414371,476.08876214,466.00000006,475.0,2018-09-08T18:59:52.3300000Z,2018-09-08T18:01:33.2900000Z,2018-09-08T19:00:00.0000000Z,2018-09-08T18:00:00.0000000Z,57,189.58373124
447,470.0,476.86357381,470.0,474.97414371,2018-09-08T19:54:12.7030000Z,2018-09-08T19:00:05.3930000Z,2018-09-08T20:00:00.0000000Z,2018-09-08T19:00:00.0000000Z,26,32.87803472
448,466.0,470.0,463.33890681,470.0,2018-09-08T20:45:01.6300000Z,2018-09-08T20:04:09.5270000Z,2018-09-08T21:00:00.0000000Z,2018-09-08T20:00:00.0000000Z,18,0.94634333
449,470.0,471.71890075,464.8317411,470.0,2018-09-08T21:59:45.9170000Z,2018-09-08T21:00:23.7130000Z,2018-09-08T22:00:00.0000000Z,2018-09-08T21:00:00.0000000Z,14,15.23849487
450,474.28188294,474.28188294,466.0365194,470.0,2018-09-08T22:36:10.1500000Z,2018-09-08T22:00:30.0100000Z,2018-09-08T23:00:00.0000000Z,2018-09-08T22:00:00.0000000Z,34,115.94315143
451,471.0,471.0,469.06866554,469.06866699,2018-09-08T23:39:21.6430000Z,2018-09-08T23:17:19.5030000Z,2018-09-09T00:00:00.0000000Z,2018-09-08T23:00:00.0000000Z,4,4.33611939
452,471.06678075,471.06678075,471.06678075,471.06678075,2018-09-09T00:42:14.5000000Z,2018-09-09T00:37:33.2670000Z,2018-09-09T01:00:00.0000000Z,2018-09-09T00:00:00.0000000Z,3,0.15784701
453,473.07966624,473.969087,468.21531561,473.969087,2018-09-09T01:34:35.8530000Z,2018-09-09T01:01:42.8170000Z,2018-09-09T02:00:00.0000000Z,2018-09-09T01:00:00.0000000Z,11,8.01
454,463.13886656,470.0,463.13886656,470.0,2018-09-09T02:57:04.2700000Z,2018-09-09T02:02:13.0970000Z,2018-09-09T03:00:00.0000000Z,2018-09-09T02:00:00.0000000Z,36,30.6268137
455,462.0000685,467.88646508,462.00001997,467.88553908,2018-09-09T03:18:17.7900000Z,2018-09-09T03:08:08.0300000Z,2018-09-09T04:00:00.0000000Z,2018-09-09T03:00:00.0000000Z,9,20.96926699
456,468.665782,468.682429,465.0,465.0,2018-09-09T04:48:43.4970000Z,2018-09-09T04:16:20.4530000Z,2018-09-09T05:00:00.0000000Z,2018-09-09T04:00:00.0000000Z,11,5.39067898
457,468.532,468.54363054,468.532,468.54363054,2018-09-09T05:56:59.7570000Z,2018-09-09T05:12:52.1770000Z,2018-09-09T06:00:00.0000000Z,2018-09-09T05:00:00.0000000Z,5,16.86900962
458,468.63209999,472.47329756,466.44189606,466.44189606,2018-09-09T06:55:19.9200000Z,2018-09-09T06:01:37.0470000Z,2018-09-09T07:00:00.0000000Z,2018-09-09T06:00:00.0000000Z,4,0.15821601
459,468.63209999,468.63209999,468.63209999,468.63209999,2018-09-09T07:01:23.8430000Z,2018-09-09T07:01:03.7500000Z,2018-09-09T08:00:00.0000000Z,2018-09-09T07:00:00.0000000Z,4,2.325
460,471.36455291,471.37940277,471.36454521,471.37940277,2018-09-09T08:34:15.6270000Z,2018-09-09T08:04:32.6630000Z,2018-09-09T09:00:00.0000000Z,2018-09-09T08:00:00.0000000Z,4,1.64044644
461,488.99065774,488.99444989,471.25539096,471.25539169,2018-09-09T09:49:31.5530000Z,2018-09-09T09:29:47.1100000Z,2018-09-09T10:00:00.0000000Z,2018-09-09T09:00:00.0000000Z,30,33.08092011
462,477.90580307,487.59958521,477.17271667,487.59958521,2018-09-09T10:38:15.0200000Z,2018-09-09T10:04:25.4200000Z,2018-09-09T11:00:00.0000000Z,2018-09-09T10:00:00.0000000Z,13,26.17487072
463,479.73157797,483.41979383,479.73157797,482.68523997,2018-09-09T11:58:55.1800000Z,2018-09-09T11:01:02.1570000Z,2018-09-09T12:00:00.0000000Z,2018-09-09T11:00:00.0000000Z,7,10.97445827
464,493.16207492,493.16207492,484.0020964,484.0020964,2018-09-09T12:58:40.0700000Z,2018-09-09T12:24:48.6070000Z,2018-09-09T13:00:00.0000000Z,2018-09-09T12:00:00.0000000Z,12,2.905223
465,493.72539189,494.0,488.0,490.0,2018-09-09T13:46:21.2170000Z,2018-09-09T13:01:04.8400000Z,2018-09-09T14:00:00.0000000Z,2018-09-09T13:00:00.0000000Z,20,24.92805433
466,488.0,494.0,488.0,493.72539189,2018-09-09T14:38:32.2730000Z,2018-09-09T14:16:37.0100000Z,2018-09-09T15:00:00.0000000Z,2018-09-09T14:00:00.0000000Z,31,43.16659901
467,487.0,487.0,487.0,487.0,2018-09-09T15:48:41.3730000Z,2018-09-09T15:04:55.0930000Z,2018-09-09T16:00:00.0000000Z,2018-09-09T15:00:00.0000000Z,5,1.2010722
468,480.08025682,487.0,480.08025682,487.0,2018-09-09T16:50:37.8130000Z,2018-09-09T16:33:45.7600000Z,2018-09-09T17:00:00.0000000Z,2018-09-09T16:00:00.0000000Z,13,23.96558522
469,479.14996267,485.0,479.04361339,485.0,2018-09-09T17:54:44.9000000Z,2018-09-09T17:00:02.6670000Z,2018-09-09T18:00:00.0000000Z,2018-09-09T17:00:00.0000000Z,9,32.36334582
470,487.6116949,487.8807239,483.6133055,485.0,2018-09-09T18:49:36.5570000Z,2018-09-09T18:12:13.1000000Z,2018-09-09T19:00:00.0000000Z,2018-09-09T18:00:00.0000000Z,4,2.27100832
471,488.80508398,488.80508398,481.8955405,481.8955405,2018-09-09T19:31:46.5230000Z,2018-09-09T19:16:19.0630000Z,2018-09-09T20:00:00.0000000Z,2018-09-09T19:00:00.0000000Z,2,0.6081499300000001
472,490.3,490.3,489.6476608,489.6476608,2018-09-09T20:25:17.2030000Z,2018-09-09T20:00:02.4800000Z,2018-09-09T21:00:00.0000000Z,2018-09-09T20:00:00.0000000Z,13,34.30838731
473,475.21720161,484.53228184,475.21720161,484.53228184,2018-09-09T22:27:57.0170000Z,2018-09-09T22:02:19.1400000Z,2018-09-09T23:00:00.0000000Z,2018-09-09T22:00:00.0000000Z,28,46.856375
474,475.3,480.18840998,475.3,480.18840998,2018-09-09T23:56:22.0400000Z,2018-09-09T23:00:02.8970000Z,2018-09-10T00:00:00.0000000Z,2018-09-09T23:00:00.0000000Z,6,2.11377924
475,481.77388042,484.27598146,481.77388041,484.27598145,2018-09-10T00:25:36.8430000Z,2018-09-10T00:04:27.1830000Z,2018-09-10T01:00:00.0000000Z,2018-09-10T00:00:00.0000000Z,7,29.11903393
476,488.98789209,488.98789209,484.42940744,484.42940744,2018-09-10T01:54:23.5700000Z,2018-09-10T01:35:22.4630000Z,2018-09-10T02:00:00.0000000Z,2018-09-10T01:00:00.0000000Z,8,3.73489986
477,486.34289905,486.34289905,483.92962226,483.92962226,2018-09-10T02:41:19.5200000Z,2018-09-10T02:02:48.1730000Z,2018-09-10T03:00:00.0000000Z,2018-09-10T02:00:00.0000000Z,2,2.01256853
478,486.3,486.34671036,482.650406,486.34671036,2018-09-10T03:59:42.4070000Z,2018-09-10T03:09:34.8600000Z,2018-09-10T04:00:00.0000000Z,2018-09-10T03:00:00.0000000Z,11,7.11547754
479,480.4665652,483.0,480.4665652,483.0,2018-09-10T04:58:32.2770000Z,2018-09-10T04:00:51.8170000Z,2018-09-10T05:00:00.0000000Z,2018-09-10T04:00:00.0000000Z,17,17.23961036
480,486.97625143,486.97625143,486.97625142,486.97625142,2018-09-10T06:59:06.0200000Z,2018-09-10T06:59:06.0200000Z,2018-09-10T07:00:00.0000000Z,2018-09-10T06:00:00.0000000Z,3,10.84612943
481,481.0,485.65514375,480.75949766,485.65514375,2018-09-10T07:58:48.0800000Z,2018-09-10T07:45:34.8600000Z,2018-09-10T08:00:00.0000000Z,2018-09-10T07:00:00.0000000Z,9,4.41463827
482,482.61961974,483.95564997,480.00000001,483.95564997,2018-09-10T08:50:27.5900000Z,2018-09-10T08:06:58.7270000Z,2018-09-10T09:00:00.0000000Z,2018-09-10T08:00:00.0000000Z,5,4.99339579
483,476.22208403,476.22208403,476.22208403,476.22208403,2018-09-10T09:38:19.7570000Z,2018-09-10T09:38:19.7570000Z,2018-09-10T10:00:00.0000000Z,2018-09-10T09:00:00.0000000Z,1,0.10138012
484,478.25755037,481.22456768,478.0,481.22456768,2018-09-10T10:51:29.3630000Z,2018-09-10T10:00:01.6070000Z,2018-09-10T11:00:00.0000000Z,2018-09-10T10:00:00.0000000Z,7,1.57072382
485,476.80625152,476.80625153,474.90873695,476.39729399,2018-09-10T11:53:43.9430000Z,2018-09-10T11:01:11.0770000Z,2018-09-10T12:00:00.0000000Z,2018-09-10T11:00:00.0000000Z,63,357.98266161
486,478.07350067,479.81052019,474.9,474.93059265,2018-09-10T12:53:24.1070000Z,2018-09-10T12:07:32.9470000Z,2018-09-10T13:00:00.0000000Z,2018-09-10T12:00:00.0000000Z,29,25.27957108
487,472.0,474.64669428,466.60004285,474.64669428,2018-09-10T13:39:10.7570000Z,2018-09-10T13:00:35.4500000Z,2018-09-10T14:00:00.0000000Z,2018-09-10T13:00:00.0000000Z,26,42.38633427
488,473.61957058,477.56006706,473.61957058,477.35639041,2018-09-10T14:58:12.6470000Z,2018-09-10T14:32:41.3000000Z,2018-09-10T15:00:00.0000000Z,2018-09-10T14:00:00.0000000Z,4,4.45386986
489,476.85797857,477.24964238,476.85797612,477.24964238,2018-09-10T15:48:31.4200000Z,2018-09-10T15:00:01.3230000Z,2018-09-10T16:00:00.0000000Z,2018-09-10T15:00:00.0000000Z,3,0.88799718
490,464.00649781,474.69310242,464.00001257,474.69310242,2018-09-10T16:55:03.3230000Z,2018-09-10T16:11:12.3170000Z,2018-09-10T17:00:00.0000000Z,2018-09-10T16:00:00.0000000Z,42,67.3431971
491,465.92910996,469.31356862,462.00000416,467.0,2018-09-10T17:53:05.4400000Z,2018-09-10T17:08:57.5730000Z,2018-09-10T18:00:00.0000000Z,2018-09-10T17:00:00.0000000Z,29,48.31853231
492,463.61731377,463.61731377,462.33347091,462.33347094,2018-09-10T18:43:25.3930000Z,2018-09-10T18:08:42.6670000Z,2018-09-10T19:00:00.0000000Z,2018-09-10T18:00:00.0000000Z,6,5.64414172
493,469.46311806,469.46316365,467.064351,467.064351,2018-09-10T19:34:37.3330000Z,2018-09-10T19:31:33.7500000Z,2018-09-10T20:00:00.0000000Z,2018-09-10T19:00:00.0000000Z,5,1.03534636
494,467.0,467.0,462.0,465.27,2018-09-10T20:59:45.1000000Z,2018-09-10T20:13:53.2570000Z,2018-09-10T21:00:00.0000000Z,2018-09-10T20:00:00.0000000Z,27,20.14933152
495,463.02034367,467.0,463.02034367,467.0,2018-09-10T21:33:31.0270000Z,2018-09-10T21:00:01.3530000Z,2018-09-10T22:00:00.0000000Z,2018-09-10T21:00:00.0000000Z,18,49.43052483
496,462.73720995,463.00000001,458.17448846,463.00000001,2018-09-10T22:44:44.3900000Z,2018-09-10T22:03:12.7270000Z,2018-09-10T23:00:00.0000000Z,2018-09-10T22:00:00.0000000Z,46,64.42217305
497,467.85940052,467.85940052,463.7,464.36333158,2018-09-10T23:58:58.7200000Z,2018-09-10T23:04:35.8930000Z,2018-09-11T00:00:00.0000000Z,2018-09-10T23:00:00.0000000Z,3,0.051635
498,470.0,470.0,469.3325086,469.99998965,2018-09-11T00:52:17.4170000Z,2018-09-11T00:02:38.2270000Z,2018-09-11T01:00:00.0000000Z,2018-09-11T00:00:00.0000000Z,7,10.31083719
499,471.48680248,471.48680248,467.69622213,470.0,2018-09-11T01:59:52.4170000Z,2018-09-11T01:18:40.1330000Z,2018-09-11T02:00:00.0000000Z,2018-09-11T01:00:00.0000000Z,6,2.90814366
500,473.25134471,476.13604983,471.48680248,471.48680248,2018-09-11T02:36:56.6430000Z,2018-09-11T02:00:00.4030000Z,2018-09-11T03:00:00.0000000Z,2018-09-11T02:00:00.0000000Z,6,1.7018903600000002
501,472.76182959,476.915,472.76182959,476.9149926,2018-09-11T03:48:34.8570000Z,2018-09-11T03:40:07.6170000Z,2018-09-11T04:00:00.0000000Z,2018-09-11T03:00:00.0000000Z,9,0.99596425
502,469.0,472.08523124,469.0,471.0,2018-09-11T04:58:40.1370000Z,2018-09-11T04:02:34.8430000Z,2018-09-11T05:00:00.0000000Z,2018-09-11T04:00:00.0000000Z,6,4.92867263
503,469.58047366,470.0,465.0,469.0,2018-09-11T05:40:13.0870000Z,2018-09-11T05:01:33.0970000Z,2018-09-11T06:00:00.0000000Z,2018-09-11T05:00:00.0000000Z,140,412.05148499
504,471.69546653,471.69546653,469.56695501,470.44623622,2018-09-11T06:53:21.5630000Z,2018-09-11T06:02:27.1370000Z,2018-09-11T07:00:00.0000000Z,2018-09-11T06:00:00.0000000Z,7,20.0227935
505,467.05835659,470.59999999,467.05835659,470.59999999,2018-09-11T07:59:11.2700000Z,2018-09-11T07:32:36.9600000Z,2018-09-11T08:00:00.0000000Z,2018-09-11T07:00:00.0000000Z,7,1.49983927
506,468.17500092,470.6,468.17500092,470.6,2018-09-11T08:59:36.1570000Z,2018-09-11T08:14:42.1100000Z,2018-09-11T09:00:00.0000000Z,2018-09-11T08:00:00.0000000Z,4,1.98577666
507,472.95492526,472.95492526,471.80660101,471.80660101,2018-09-11T09:53:52.3730000Z,2018-09-11T09:00:20.1100000Z,2018-09-11T10:00:00.0000000Z,2018-09-11T09:00:00.0000000Z,3,7.16969107
508,470.11300237,470.17132091,468.0,469.0,2018-09-11T10:59:44.5200000Z,2018-09-11T10:20:41.6430000Z,2018-09-11T11:00:00.0000000Z,2018-09-11T10:00:00.0000000Z,4,2.02182691
509,463.91,470.11022262,460.60002371,470.11022262,2018-09-11T11:59:57.4500000Z,2018-09-11T11:00:01.0370000Z,2018-09-11T12:00:00.0000000Z,2018-09-11T11:00:00.0000000Z,92,157.28306839
510,465.0,468.235,463.91,463.91,2018-09-11T12:59:36.8700000Z,2018-09-11T12:00:00.8900000Z,2018-09-11T13:00:00.0000000Z,2018-09-11T12:00:00.0000000Z,47,155.6705842
511,465.0,466.48903097,465.0,466.48903097,2018-09-11T13:55:42.8770000Z,2018-09-11T13:00:00.9200000Z,2018-09-11T14:00:00.0000000Z,2018-09-11T13:00:00.0000000Z,15,11.12179001
512,445.0,465.86343299,445.0,465.86343299,2018-09-11T14:59:12.3800000Z,2018-09-11T14:00:00.8230000Z,2018-09-11T15:00:00.0000000Z,2018-09-11T14:00:00.0000000Z,70,43.98609412
513,448.5498055,448.5498055,442.00000123,444.56543914,2018-09-11T15:56:20.6330000Z,2018-09-11T15:00:01.1000000Z,2018-09-11T16:00:00.0000000Z,2018-09-11T15:00:00.0000000Z,22,29.68993563
514,450.1764217,452.57129686,448.5498055,448.5498055,2018-09-11T16:23:08.9800000Z,2018-09-11T16:00:01.2200000Z,2018-09-11T17:00:00.0000000Z,2018-09-11T16:00:00.0000000Z,3,4.19265691
515,442.0,444.98,442.0,444.00000535,2018-09-11T17:34:20.4000000Z,2018-09-11T17:08:30.7970000Z,2018-09-11T18:00:00.0000000Z,2018-09-11T17:00:00.0000000Z,28,69.6276749
516,435.0,442.00000001,426.86752978,442.00000001,2018-09-11T18:53:53.3870000Z,2018-09-11T18:00:40.2470000Z,2018-09-11T19:00:00.0000000Z,2018-09-11T18:00:00.0000000Z,62,67.66356524
517,439.66531992,439.66531995,434.06532382,434.5,2018-09-11T19:58:47.8630000Z,2018-09-11T19:12:30.2470000Z,2018-09-11T20:00:00.0000000Z,2018-09-11T19:00:00.0000000Z,15,14.07386159
518,438.36237208,438.4026485,435.0,437.7685671,2018-09-11T20:46:48.9700000Z,2018-09-11T20:00:19.9300000Z,2018-09-11T21:00:00.0000000Z,2018-09-11T20:00:00.0000000Z,20,3.20373645
519,436.76327189,436.76327189,426.30677421,435.0,2018-09-11T21:59:28.1500000Z,2018-09-11T21:09:58.2900000Z,2018-09-11T22:00:00.0000000Z,2018-09-11T21:00:00.0000000Z,24,17.33717832
520,444.57,444.57,436.545386,436.76327177,2018-09-11T22:43:01.3070000Z,2018-09-11T22:00:01.6670000Z,2018-09-11T23:00:00.0000000Z,2018-09-11T22:00:00.0000000Z,90,70.01751012
521,440.59670825,442.92837615,440.0,442.92837615,2018-09-11T23:56:58.9170000Z,2018-09-11T23:00:00.8800000Z,2018-09-12T00:00:00.0000000Z,2018-09-11T23:00:00.0000000Z,28,17.35849622
522,430.0,438.1,429.42823759,438.0,2018-09-12T00:59:50.3100000Z,2018-09-12T00:03:03.3530000Z,2018-09-12T01:00:00.0000000Z,2018-09-12T00:00:00.0000000Z,47,47.06798604
523,434.12441726,434.66262268,430.0,430.0,2018-09-12T01:41:05.6970000Z,2018-09-12T01:00:56.6730000Z,2018-09-12T02:00:00.0000000Z,2018-09-12T01:00:00.0000000Z,13,18.16905999
524,430.99519637,431.0,427.34452924,431.0,2018-09-12T02:45:00.6230000Z,2018-09-12T02:06:17.5700000Z,2018-09-12T03:00:00.0000000Z,2018-09-12T02:00:00.0000000Z,8,44.29903688
525,423.31186837,427.34452922,416.62841002,427.34452922,2018-09-12T03:55:31.8770000Z,2018-09-12T03:11:18.0670000Z,2018-09-12T04:00:00.0000000Z,2018-09-12T03:00:00.0000000Z,48,73.43050558
526,429.4207014,429.4207014,423.31186834,423.31186834,2018-09-12T04:30:03.7130000Z,2018-09-12T04:04:00.2570000Z,2018-09-12T05:00:00.0000000Z,2018-09-12T04:00:00.0000000Z,3,0.04709328
527,430.10352879,430.56214877,426.03638336,427.49894311,2018-09-12T05:59:45.3970000Z,2018-09-12T05:09:28.9600000Z,2018-09-12T06:00:00.0000000Z,2018-09-12T05:00:00.0000000Z,31,100.20568678
528,425.87255707,427.0,425.87255707,427.0,2018-09-12T06:41:06.5030000Z,2018-09-12T06:14:22.5700000Z,2018-09-12T07:00:00.0000000Z,2018-09-12T06:00:00.0000000Z,16,16.01900276
529,416.319642,423.31186834,413.2236021,423.31186834,2018-09-12T07:51:37.0270000Z,2018-09-12T07:02:00.0700000Z,2018-09-12T08:00:00.0000000Z,2018-09-12T07:00:00.0000000Z,39,46.14037977
530,412.0,417.74701503,411.0,416.31964199,2018-09-12T08:47:48.7430000Z,2018-09-12T08:00:01.0300000Z,2018-09-12T09:00:00.0000000Z,2018-09-12T08:00:00.0000000Z,28,31.66156168
531,420.315974,420.762032,417.84241496,417.84241496,2018-09-12T09:35:14.9270000Z,2018-09-12T09:14:56.3130000Z,2018-09-12T10:00:00.0000000Z,2018-09-12T09:00:00.0000000Z,5,3.1
532,417.71690993,424.46043002,417.71690992,421.11291546,2018-09-12T10:57:50.4030000Z,2018-09-12T10:09:18.3230000Z,2018-09-12T11:00:00.0000000Z,2018-09-12T10:00:00.0000000Z,10,3.32785245
533,414.58387068,418.55455404,412.0,416.08898231,2018-09-12T11:47:52.4070000Z,2018-09-12T11:01:16.6470000Z,2018-09-12T12:00:00.0000000Z,2018-09-12T11:00:00.0000000Z,29,38.01345698
534,421.6,421.6,417.28437497,417.4037084,2018-09-12T12:47:28.8800000Z,2018-09-12T12:00:08.4200000Z,2018-09-12T13:00:00.0000000Z,2018-09-12T12:00:00.0000000Z,10,1.21026861
535,421.58054761,423.4143692,419.0,419.12089145,2018-09-12T13:56:02.7170000Z,2018-09-12T13:17:39.8670000Z,2018-09-12T14:00:00.0000000Z,2018-09-12T13:00:00.0000000Z,19,49.98709279
536,419.46366611,424.7,419.46366611,420.50307145,2018-09-12T15:32:56.5570000Z,2018-09-12T15:23:42.6500000Z,2018-09-12T16:00:00.0000000Z,2018-09-12T15:00:00.0000000Z,21,38.32170232
537,420.37245002,422.25273004,420.37245002,422.25273004,2018-09-12T16:55:25.1470000Z,2018-09-12T16:16:45.9100000Z,2018-09-12T17:00:00.0000000Z,2018-09-12T16:00:00.0000000Z,4,0.62612162
538,430.0,430.0,419.59417381,421.15891499,2018-09-12T17:57:22.8930000Z,2018-09-12T17:00:01.6270000Z,2018-09-12T18:00:00.0000000Z,2018-09-12T17:00:00.0000000Z,27,32.67134048
539,436.09657728,436.09657728,425.0,430.71731151,2018-09-12T18:57:18.4230000Z,2018-09-12T18:00:37.0270000Z,2018-09-12T19:00:00.0000000Z,2018-09-12T18:00:00.0000000Z,18,18.66257679
540,431.29388061,436.33,429.0,435.65320569,2018-09-12T19:59:08.7070000Z,2018-09-12T19:06:30.0430000Z,2018-09-12T20:00:00.0000000Z,2018-09-12T19:00:00.0000000Z,13,15.83125625
541,427.00029502,430.66928305,425.75884659,426.85233531,2018-09-12T21:58:54.1500000Z,2018-09-12T21:06:29.0630000Z,2018-09-12T22:00:00.0000000Z,2018-09-12T21:00:00.0000000Z,7,5.80222947
542,428.64502504,428.64502504,428.64502503,428.64502503,2018-09-12T22:58:03.3970000Z,2018-09-12T22:34:11.1270000Z,2018-09-12T23:00:00.0000000Z,2018-09-12T22:00:00.0000000Z,6,4.179
543,430.60000009,434.34667804,428.71422996,429.27226996,2018-09-12T23:57:54.3570000Z,2018-09-12T23:03:46.0500000Z,2018-09-13T00:00:00.0000000Z,2018-09-12T23:00:00.0000000Z,10,4.08178592
544,438.46006134,443.99999995,431.3015122,431.30151221,2018-09-13T00:53:00.6800000Z,2018-09-13T00:07:48.7430000Z,2018-09-13T01:00:00.0000000Z,2018-09-13T00:00:00.0000000Z,79,152.05272105
545,434.92243368,441.0,434.92243368,441.0,2018-09-13T01:38:14.0000000Z,2018-09-13T01:06:46.4200000Z,2018-09-13T02:00:00.0000000Z,2018-09-13T01:00:00.0000000Z,15,13.76923337
546,436.75,440.0,436.75,440.0,2018-09-13T03:53:26.3700000Z,2018-09-13T03:01:19.2870000Z,2018-09-13T04:00:00.0000000Z,2018-09-13T03:00:00.0000000Z,8,14.33757248
547,439.0,439.58317504,439.0,439.58317504,2018-09-13T04:57:26.8070000Z,2018-09-13T04:25:59.6170000Z,2018-09-13T05:00:00.0000000Z,2018-09-13T04:00:00.0000000Z,15,11.84679333
548,431.60367426,439.0,431.60367426,439.0,2018-09-13T05:59:09.7300000Z,2018-09-13T05:19:33.0030000Z,2018-09-13T06:00:00.0000000Z,2018-09-13T05:00:00.0000000Z,20,16.82766441
549,434.51550004,434.51550004,431.6,431.6,2018-09-13T06:24:15.9700000Z,2018-09-13T06:02:07.5970000Z,2018-09-13T07:00:00.0000000Z,2018-09-13T06:00:00.0000000Z,3,0.35544025
550,434.51550004,434.51550004,434.51550004,434.51550004,2018-09-13T07:21:52.2370000Z,2018-09-13T07:21:52.2370000Z,2018-09-13T08:00:00.0000000Z,2018-09-13T07:00:00.0000000Z,1,0.46988091
551,434.00000359,438.74448136,434.0,434.28309244,2018-09-13T08:46:19.7130000Z,2018-09-13T08:00:36.7400000Z,2018-09-13T09:00:00.0000000Z,2018-09-13T08:00:00.0000000Z,16,15.52566039
552,441.78964682,443.0,436.0,438.74448135,2018-09-13T09:45:28.0700000Z,2018-09-13T09:04:20.6200000Z,2018-09-13T10:00:00.0000000Z,2018-09-13T09:00:00.0000000Z,26,95.41900334
553,438.34768717,443.08677777,438.34768717,438.66657243,2018-09-13T10:42:18.7330000Z,2018-09-13T10:02:05.5670000Z,2018-09-13T11:00:00.0000000Z,2018-09-13T10:00:00.0000000Z,27,50.97536571
554,443.30599999,443.30599999,440.0,440.0,2018-09-13T11:57:16.3770000Z,2018-09-13T11:05:27.6030000Z,2018-09-13T12:00:00.0000000Z,2018-09-13T11:00:00.0000000Z,13,29.84818741
555,442.55547552,446.33902767,440.261,443.306,2018-09-13T12:52:47.1300000Z,2018-09-13T12:00:01.1800000Z,2018-09-13T13:00:00.0000000Z,2018-09-13T12:00:00.0000000Z,30,121.02551444
556,456.838,458.50184952,442.222,443.08588734,2018-09-13T13:51:16.5470000Z,2018-09-13T13:01:15.6830000Z,2018-09-13T14:00:00.0000000Z,2018-09-13T13:00:00.0000000Z,33,13.92280528
557,452.41133798,457.78981807,452.41133798,455.83754304,2018-09-13T14:57:17.2870000Z,2018-09-13T14:04:15.6330000Z,2018-09-13T15:00:00.0000000Z,2018-09-13T14:00:00.0000000Z,13,3.92455686
558,450.46261285,454.99996392,448.76488752,452.41133798,2018-09-13T15:59:28.0570000Z,2018-09-13T15:00:05.8100000Z,2018-09-13T16:00:00.0000000Z,2018-09-13T15:00:00.0000000Z,58,164.40124244
559,463.74699999,463.74699999,454.5,454.5,2018-09-13T16:54:44.6270000Z,2018-09-13T16:04:29.1930000Z,2018-09-13T17:00:00.0000000Z,2018-09-13T16:00:00.0000000Z,116,149.10016412
560,454.45448503,460.54602245,453.28117266,460.08468005,2018-09-13T17:54:55.8130000Z,2018-09-13T17:17:33.1900000Z,2018-09-13T18:00:00.0000000Z,2018-09-13T17:00:00.0000000Z,28,167.78018994
561,455.67721173,457.49565005,455.67721172,457.49565005,2018-09-13T18:40:59.1900000Z,2018-09-13T18:02:24.9900000Z,2018-09-13T19:00:00.0000000Z,2018-09-13T18:00:00.0000000Z,3,0.7408734
562,454.54534683,454.54534683,444.28038497,450.46261288,2018-09-13T19:58:10.7530000Z,2018-09-13T19:07:56.7370000Z,2018-09-13T20:00:00.0000000Z,2018-09-13T19:00:00.0000000Z,37,26.88423268
563,470.62143001,473.433,449.42149995,452.0,2018-09-13T20:57:29.6830000Z,2018-09-13T20:07:59.2470000Z,2018-09-13T21:00:00.0000000Z,2018-09-13T20:00:00.0000000Z,60,28.62463133
564,468.0,468.0,464.94199273,466.0,2018-09-13T21:45:59.6030000Z,2018-09-13T21:28:20.5230000Z,2018-09-13T22:00:00.0000000Z,2018-09-13T21:00:00.0000000Z,13,5.92443378
565,471.92943706,473.06587243,468.0,468.0,2018-09-13T22:48:59.2600000Z,2018-09-13T22:00:01.5930000Z,2018-09-13T23:00:00.0000000Z,2018-09-13T22:00:00.0000000Z,33,34.78505401
566,464.4456698,474.326,463.36738317,471.0825,2018-09-13T23:55:08.1800000Z,2018-09-13T23:07:37.3570000Z,2018-09-14T00:00:00.0000000Z,2018-09-13T23:00:00.0000000Z,33,30.3019613
567,461.96122505,463.90495645,458.39224501,463.90495645,2018-09-14T00:41:35.6630000Z,2018-09-14T00:10:08.3130000Z,2018-09-14T01:00:00.0000000Z,2018-09-14T00:00:00.0000000Z,18,17.37356366
568,462.28630216,462.28630217,458.28038499,458.31027996,2018-09-14T01:36:43.9070000Z,2018-09-14T01:01:41.4570000Z,2018-09-14T02:00:00.0000000Z,2018-09-14T01:00:00.0000000Z,5,1.6116000000000001
569,472.70873641,472.98606249,468.82516505,470.94878172,2018-09-14T02:52:14.7570000Z,2018-09-14T02:20:40.8800000Z,2018-09-14T03:00:00.0000000Z,2018-09-14T02:00:00.0000000Z,18,3.67983086
570,464.93476145,470.86227004,464.93476145,470.86227004,2018-09-14T03:41:49.4600000Z,2018-09-14T03:34:56.7700000Z,2018-09-14T04:00:00.0000000Z,2018-09-14T03:00:00.0000000Z,5,4.15011024
571,465.64227462,472.30264778,465.64227462,467.99225969,2018-09-14T04:29:58.7670000Z,2018-09-14T04:17:32.1730000Z,2018-09-14T05:00:00.0000000Z,2018-09-14T04:00:00.0000000Z,11,4.47724985
572,471.8,471.8,465.12408602,465.12408602,2018-09-14T05:41:15.0070000Z,2018-09-14T05:00:01.7800000Z,2018-09-14T06:00:00.0000000Z,2018-09-14T05:00:00.0000000Z,3,1.05248762
573,464.60332279,470.68164005,464.60332279,470.68164005,2018-09-14T06:54:03.5870000Z,2018-09-14T06:04:52.9430000Z,2018-09-14T07:00:00.0000000Z,2018-09-14T06:00:00.0000000Z,7,1.88732745
574,460.0,468.26320341,460.0,464.90710995,2018-09-14T07:52:34.0800000Z,2018-09-14T07:01:53.9800000Z,2018-09-14T08:00:00.0000000Z,2018-09-14T07:00:00.0000000Z,34,43.4866049
575,445.852,460.0,443.54119642,460.0,2018-09-14T08:56:39.6170000Z,2018-09-14T08:03:42.0270000Z,2018-09-14T09:00:00.0000000Z,2018-09-14T08:00:00.0000000Z,65,128.94227579
576,447.67186992,450.0,444.0,450.0,2018-09-14T09:44:12.4100000Z,2018-09-14T09:02:39.7100000Z,2018-09-14T10:00:00.0000000Z,2018-09-14T09:00:00.0000000Z,12,3.62186231
577,449.95799999,449.95799999,445.67186992,445.67186992,2018-09-14T10:28:00.7900000Z,2018-09-14T10:01:37.3270000Z,2018-09-14T11:00:00.0000000Z,2018-09-14T10:00:00.0000000Z,2,1.00973342
578,450.04900045,450.44464944,449.958,449.958,2018-09-14T11:39:23.2330000Z,2018-09-14T11:08:03.2100000Z,2018-09-14T12:00:00.0000000Z,2018-09-14T11:00:00.0000000Z,6,2.03481727
579,450.30838495,453.39126373,450.30838495,453.39126373,2018-09-14T12:24:33.4300000Z,2018-09-14T12:15:08.0430000Z,2018-09-14T13:00:00.0000000Z,2018-09-14T12:00:00.0000000Z,6,2.91202445
580,445.37984201,446.56753155,443.40000004,446.47766417,2018-09-14T13:57:49.2130000Z,2018-09-14T13:25:12.2700000Z,2018-09-14T14:00:00.0000000Z,2018-09-14T13:00:00.0000000Z,7,7.66587961
581,445.0,447.18970492,444.82453719,444.82453719,2018-09-14T14:43:47.7470000Z,2018-09-14T14:18:54.6030000Z,2018-09-14T15:00:00.0000000Z,2018-09-14T14:00:00.0000000Z,9,30.95588911
582,449.01891333,449.01891333,444.81542271,445.4581027,2018-09-14T15:56:41.9770000Z,2018-09-14T15:11:43.6000000Z,2018-09-14T16:00:00.0000000Z,2018-09-14T15:00:00.0000000Z,8,3.42823549
583,455.63766,456.89561881,449.01891333,449.01891333,2018-09-14T16:44:24.3130000Z,2018-09-14T16:01:16.4730000Z,2018-09-14T17:00:00.0000000Z,2018-09-14T16:00:00.0000000Z,24,16.10408011
584,450.76431001,459.42661901,450.76431001,455.68157392,2018-09-14T17:18:41.2130000Z,2018-09-14T17:01:40.3900000Z,2018-09-14T18:00:00.0000000Z,2018-09-14T17:00:00.0000000Z,77,412.71050851
585,452.46494382,453.2413248,445.28679126,453.2413248,2018-09-14T18:41:58.1300000Z,2018-09-14T18:08:38.9670000Z,2018-09-14T19:00:00.0000000Z,2018-09-14T18:00:00.0000000Z,9,7.22075916
586,455.14965644,455.15058115,447.0787582,452.46494382,2018-09-14T19:18:29.8770000Z,2018-09-14T19:17:28.4500000Z,2018-09-14T20:00:00.0000000Z,2018-09-14T19:00:00.0000000Z,50,120.35454545
587,457.72632752,457.72632752,456.86510774,456.86510774,2018-09-14T20:28:11.7700000Z,2018-09-14T20:00:55.2200000Z,2018-09-14T21:00:00.0000000Z,2018-09-14T20:00:00.0000000Z,9,24.93628647
588,460.334,460.334,460.21165564,460.334,2018-09-14T21:33:27.4530000Z,2018-09-14T21:33:16.8130000Z,2018-09-14T22:00:00.0000000Z,2018-09-14T21:00:00.0000000Z,4,0.18037955
589,457.674,457.674,457.13095459,457.13095459,2018-09-14T22:59:06.5800000Z,2018-09-14T22:00:00.8670000Z,2018-09-14T23:00:00.0000000Z,2018-09-14T22:00:00.0000000Z,4,4.33792276
590,447.21923499,455.0,447.21923499,455.0,2018-09-14T23:42:00.3270000Z,2018-09-14T23:01:52.2730000Z,2018-09-15T00:00:00.0000000Z,2018-09-14T23:00:00.0000000Z,24,10.964415840000001
591,449.80747201,449.80747201,446.53,446.53,2018-09-15T00:58:20.5500000Z,2018-09-15T00:02:04.0330000Z,2018-09-15T01:00:00.0000000Z,2018-09-15T00:00:00.0000000Z,7,2.05621347
592,455.79974,455.79974,449.80747201,449.80747201,2018-09-15T01:26:47.3000000Z,2018-09-15T01:03:57.5170000Z,2018-09-15T02:00:00.0000000Z,2018-09-15T01:00:00.0000000Z,13,36.09202824
593,457.97097319,457.97097323,457.2671065,457.2671065,2018-09-15T02:01:52.5570000Z,2018-09-15T02:01:12.2900000Z,2018-09-15T03:00:00.0000000Z,2018-09-15T02:00:00.0000000Z,7,87.81390355
594,449.71941799,450.48218322,448.06719418,450.48218322,2018-09-15T03:59:41.8030000Z,2018-09-15T03:17:11.9800000Z,2018-09-15T04:00:00.0000000Z,2018-09-15T03:00:00.0000000Z,29,145.74240953
595,449.719418,449.719418,449.71941799,449.71941799,2018-09-15T04:57:38.9070000Z,2018-09-15T04:00:00.9130000Z,2018-09-15T05:00:00.0000000Z,2018-09-15T04:00:00.0000000Z,39,136.87880346
596,448.02,453.16053005,448.02,452.94979505,2018-09-15T05:48:07.1730000Z,2018-09-15T05:09:07.7970000Z,2018-09-15T06:00:00.0000000Z,2018-09-15T05:00:00.0000000Z,13,108.84976173
597,446.7,448.02,444.12901938,448.02,2018-09-15T06:58:36.4370000Z,2018-09-15T06:19:00.8000000Z,2018-09-15T07:00:00.0000000Z,2018-09-15T06:00:00.0000000Z,62,307.0596461
598,448.79,448.79,446.7,446.7,2018-09-15T07:55:31.8600000Z,2018-09-15T07:00:17.1300000Z,2018-09-15T08:00:00.0000000Z,2018-09-15T07:00:00.0000000Z,20,20.98430683
599,452.76243782,455.79853021,449.89981997,453.38128742,2018-09-15T08:47:04.6030000Z,2018-09-15T08:14:12.1770000Z,2018-09-15T09:00:00.0000000Z,2018-09-15T08:00:00.0000000Z,61,271.08926022
600,451.56496503,452.97990005,451.0686149,452.97990005,2018-09-15T09:55:13.5870000Z,2018-09-15T09:07:17.8100000Z,2018-09-15T10:00:00.0000000Z,2018-09-15T09:00:00.0000000Z,22,131.32466889
601,452.57850002,455.79853013,452.57850002,454.89399084,2018-09-15T10:55:35.7230000Z,2018-09-15T10:10:32.3600000Z,2018-09-15T11:00:00.0000000Z,2018-09-15T10:00:00.0000000Z,12,61.56066229
602,450.79415874,451.0686149,450.79415874,451.0686149,2018-09-15T11:22:17.8700000Z,2018-09-15T11:03:56.2900000Z,2018-09-15T12:00:00.0000000Z,2018-09-15T11:00:00.0000000Z,3,0.15166709
603,455.09158495,459.0,453.993,453.993,2018-09-15T13:55:30.7130000Z,2018-09-15T13:08:14.7300000Z,2018-09-15T14:00:00.0000000Z,2018-09-15T13:00:00.0000000Z,36,96.03993811
604,454.41,459.87394505,453.5,459.87394505,2018-09-15T14:59:05.0400000Z,2018-09-15T14:21:55.5730000Z,2018-09-15T15:00:00.0000000Z,2018-09-15T14:00:00.0000000Z,54,106.20438978
605,456.42232361,456.66274503,453.5,456.22120505,2018-09-15T15:55:19.2300000Z,2018-09-15T15:02:36.8170000Z,2018-09-15T16:00:00.0000000Z,2018-09-15T15:00:00.0000000Z,33,69.07948297
606,457.02073997,459.05964784,454.0,454.0,2018-09-15T16:55:18.2100000Z,2018-09-15T16:22:17.0330000Z,2018-09-15T17:00:00.0000000Z,2018-09-15T16:00:00.0000000Z,22,8.34665408
607,456.84635004,459.0,456.84635004,459.0,2018-09-15T17:37:32.7400000Z,2018-09-15T17:00:24.8630000Z,2018-09-15T18:00:00.0000000Z,2018-09-15T17:00:00.0000000Z,14,8.86959896
608,454.3,458.69985005,454.3,456.61622999,2018-09-15T18:56:37.8300000Z,2018-09-15T18:03:38.7770000Z,2018-09-15T19:00:00.0000000Z,2018-09-15T18:00:00.0000000Z,21,24.50970381
609,456.0,456.599998,456.0,456.0,2018-09-15T19:49:22.9000000Z,2018-09-15T19:07:00.7000000Z,2018-09-15T20:00:00.0000000Z,2018-09-15T19:00:00.0000000Z,3,4.28320395
610,454.3,454.3,454.3,454.3,2018-09-15T20:55:48.8500000Z,2018-09-15T20:55:46.7700000Z,2018-09-15T21:00:00.0000000Z,2018-09-15T20:00:00.0000000Z,2,0.64
611,448.88562004,454.011,444.0,454.011,2018-09-15T21:39:50.4330000Z,2018-09-15T21:10:31.3570000Z,2018-09-15T22:00:00.0000000Z,2018-09-15T21:00:00.0000000Z,61,65.92173078
612,447.0,447.0,446.0,446.6382684,2018-09-15T22:20:03.5800000Z,2018-09-15T22:00:14.5800000Z,2018-09-15T23:00:00.0000000Z,2018-09-15T22:00:00.0000000Z,31,120.00828202
613,444.00000001,450.993,444.00000001,450.1,2018-09-16T00:35:03.7430000Z,2018-09-16T00:00:00.0030000Z,2018-09-16T01:00:00.0000000Z,2018-09-16T00:00:00.0000000Z,40,131.08700504
614,444.0,444.5,444.0,444.5,2018-09-16T01:55:24.6830000Z,2018-09-16T01:54:23.4300000Z,2018-09-16T02:00:00.0000000Z,2018-09-16T01:00:00.0000000Z,5,3.001
615,443.25595993,444.43866934,441.0,444.00000004,2018-09-16T02:46:58.5230000Z,2018-09-16T02:08:14.7970000Z,2018-09-16T03:00:00.0000000Z,2018-09-16T02:00:00.0000000Z,28,22.6479005
616,440.0,442.5,440.0,442.5,2018-09-16T03:51:25.4000000Z,2018-09-16T03:03:32.8930000Z,2018-09-16T04:00:00.0000000Z,2018-09-16T03:00:00.0000000Z,12,9.31234703
617,433.44688,437.53925531,427.0,437.53925531,2018-09-16T04:59:53.1700000Z,2018-09-16T04:01:55.9730000Z,2018-09-16T05:00:00.0000000Z,2018-09-16T04:00:00.0000000Z,85,155.90456347
618,436.78583085,436.78583085,430.50004932,434.18183527,2018-09-16T05:49:57.6870000Z,2018-09-16T05:06:06.1370000Z,2018-09-16T06:00:00.0000000Z,2018-09-16T05:00:00.0000000Z,18,25.66227721
619,437.94100131,437.94100131,433.15514013,433.15514014,2018-09-16T07:40:05.2930000Z,2018-09-16T07:31:51.3670000Z,2018-09-16T08:00:00.0000000Z,2018-09-16T07:00:00.0000000Z,5,2.02316046
620,441.8637828,442.34849368,435.50788335,437.46322327,2018-09-16T08:54:03.7470000Z,2018-09-16T08:11:00.0600000Z,2018-09-16T09:00:00.0000000Z,2018-09-16T08:00:00.0000000Z,26,55.1975022
621,443.67745484,443.67745484,436.62644015,440.0,2018-09-16T09:34:19.3800000Z,2018-09-16T09:02:34.7530000Z,2018-09-16T10:00:00.0000000Z,2018-09-16T09:00:00.0000000Z,9,3.55003272
622,444.44062966,444.44062966,441.0,441.0,2018-09-16T10:54:29.3170000Z,2018-09-16T10:08:41.2030000Z,2018-09-16T11:00:00.0000000Z,2018-09-16T10:00:00.0000000Z,2,1.30175015
623,439.89497131,444.5,439.89497131,444.44062966,2018-09-16T11:55:44.0830000Z,2018-09-16T11:14:26.0870000Z,2018-09-16T12:00:00.0000000Z,2018-09-16T11:00:00.0000000Z,9,4.95825086
624,436.96987251,443.53417786,436.96987251,439.73552584,2018-09-16T12:48:23.5600000Z,2018-09-16T12:18:28.7470000Z,2018-09-16T13:00:00.0000000Z,2018-09-16T12:00:00.0000000Z,10,25.47632342
625,438.04264493,441.0,438.0426449,441.0,2018-09-16T13:43:02.3370000Z,2018-09-16T13:17:06.8830000Z,2018-09-16T14:00:00.0000000Z,2018-09-16T13:00:00.0000000Z,6,5.90175013
626,436.96987251,440.72716504,436.96987251,440.72716504,2018-09-16T14:50:48.6770000Z,2018-09-16T14:00:01.4600000Z,2018-09-16T15:00:00.0000000Z,2018-09-16T14:00:00.0000000Z,7,7.67539805
627,435.98868289,435.98868289,435.93886507,435.93886507,2018-09-16T15:41:44.8100000Z,2018-09-16T15:40:03.4300000Z,2018-09-16T16:00:00.0000000Z,2018-09-16T15:00:00.0000000Z,2,8.95531725
628,442.02265223,442.02265223,437.47420433,437.47420433,2018-09-16T16:43:18.8870000Z,2018-09-16T16:02:36.8630000Z,2018-09-16T17:00:00.0000000Z,2018-09-16T16:00:00.0000000Z,16,3.8381137499999998
629,437.60094546,442.02265224,435.79998003,442.02265223,2018-09-16T17:54:03.8000000Z,2018-09-16T17:04:54.8330000Z,2018-09-16T18:00:00.0000000Z,2018-09-16T17:00:00.0000000Z,9,25.76393329
630,440.82123334,441.75806402,438.96821497,441.75806402,2018-09-16T18:56:48.3600000Z,2018-09-16T18:04:02.6230000Z,2018-09-16T19:00:00.0000000Z,2018-09-16T18:00:00.0000000Z,14,62.14923544
631,448.21130715,448.21130715,440.71713004,440.71713004,2018-09-16T19:58:16.4570000Z,2018-09-16T19:07:09.8270000Z,2018-09-16T20:00:00.0000000Z,2018-09-16T19:00:00.0000000Z,30,67.83845077
632,449.51046776,449.61083495,446.13895277,449.46135995,2018-09-16T20:28:20.8600000Z,2018-09-16T20:05:59.6800000Z,2018-09-16T21:00:00.0000000Z,2018-09-16T20:00:00.0000000Z,6,5.22686866
633,450.0,451.44715,450.0,450.99999999,2018-09-16T21:33:37.1070000Z,2018-09-16T21:16:16.1870000Z,2018-09-16T22:00:00.0000000Z,2018-09-16T21:00:00.0000000Z,41,78.27645778
634,451.73556005,451.73556005,450.0,450.0,2018-09-16T22:48:34.0500000Z,2018-09-16T22:42:56.9830000Z,2018-09-16T23:00:00.0000000Z,2018-09-16T22:00:00.0000000Z,7,9.12257981
635,451.0,451.0,448.68823376,448.68823376,2018-09-16T23:59:43.0970000Z,2018-09-16T23:17:04.9800000Z,2018-09-17T00:00:00.0000000Z,2018-09-16T23:00:00.0000000Z,7,8.94488873
636,461.48026668,461.48026668,452.59489144,452.59489144,2018-09-17T00:53:29.2970000Z,2018-09-17T00:08:35.8400000Z,2018-09-17T01:00:00.0000000Z,2018-09-17T00:00:00.0000000Z,45,69.73619619
637,459.80369997,459.97916871,455.92000001,458.98790001,2018-09-17T01:59:21.6200000Z,2018-09-17T01:00:55.2500000Z,2018-09-17T02:00:00.0000000Z,2018-09-17T01:00:00.0000000Z,17,19.53860563
638,459.521,459.521,455.58983496,458.8699678,2018-09-17T02:53:34.5200000Z,2018-09-17T02:17:59.9370000Z,2018-09-17T03:00:00.0000000Z,2018-09-17T02:00:00.0000000Z,9,20.33596047
639,459.62073396,460.38207339,459.62073396,460.38207339,2018-09-17T03:13:19.0730000Z,2018-09-17T03:09:17.0470000Z,2018-09-17T04:00:00.0000000Z,2018-09-17T03:00:00.0000000Z,5,3.99216615
640,452.10208509,455.58983496,451.70006009,455.58983496,2018-09-17T04:49:53.2230000Z,2018-09-17T04:16:50.1100000Z,2018-09-17T05:00:00.0000000Z,2018-09-17T04:00:00.0000000Z,24,12.894189560000001
641,449.96153014,450.6,449.96153014,450.6,2018-09-17T05:04:15.2630000Z,2018-09-17T05:03:37.0600000Z,2018-09-17T06:00:00.0000000Z,2018-09-17T05:00:00.0000000Z,3,6.5936876
642,453.69238503,453.69238503,453.52178951,453.52178951,2018-09-17T06:23:16.4930000Z,2018-09-17T06:17:31.4170000Z,2018-09-17T07:00:00.0000000Z,2018-09-17T06:00:00.0000000Z,2,0.15816641
643,447.06928502,450.97765762,446.11127739,450.97765762,2018-09-17T07:56:50.8430000Z,2018-09-17T07:01:16.8400000Z,2018-09-17T08:00:00.0000000Z,2018-09-17T07:00:00.0000000Z,14,9.89750857
644,442.73166362,446.2,442.5715537,446.2,2018-09-17T08:23:25.2870000Z,2018-09-17T08:06:14.6500000Z,2018-09-17T09:00:00.0000000Z,2018-09-17T08:00:00.0000000Z,14,11.1909032
645,452.91968483,452.91968483,442.39617498,446.19761427,2018-09-17T09:46:56.3570000Z,2018-09-17T09:01:57.4170000Z,2018-09-17T10:00:00.0000000Z,2018-09-17T09:00:00.0000000Z,24,28.87655681
646,452.89319793,452.89319793,452.89319792,452.89319792,2018-09-17T10:03:36.6000000Z,2018-09-17T10:03:36.6000000Z,2018-09-17T11:00:00.0000000Z,2018-09-17T10:00:00.0000000Z,2,3.06139336
647,448.51959249,449.21677502,448.51959249,448.51959249,2018-09-17T11:40:32.2300000Z,2018-09-17T11:00:01.4330000Z,2018-09-17T12:00:00.0000000Z,2018-09-17T11:00:00.0000000Z,6,5.4569705299999995
648,445.0,446.67707615,441.913748,446.67707615,2018-09-17T12:58:12.4770000Z,2018-09-17T12:02:15.1300000Z,2018-09-17T13:00:00.0000000Z,2018-09-17T12:00:00.0000000Z,8,18.53649686
649,437.7315168,445.0,437.7315168,444.0,2018-09-17T13:58:16.7270000Z,2018-09-17T13:09:00.4400000Z,2018-09-17T14:00:00.0000000Z,2018-09-17T13:00:00.0000000Z,13,24.59933413
650,428.67101512,438.91083002,426.00000005,437.731516,2018-09-17T14:38:43.0600000Z,2018-09-17T14:00:53.9030000Z,2018-09-17T15:00:00.0000000Z,2018-09-17T14:00:00.0000000Z,76,111.7579256
651,420.11720778,430.79170003,415.77965997,430.79170003,2018-09-17T15:56:58.5700000Z,2018-09-17T15:02:32.2900000Z,2018-09-17T16:00:00.0000000Z,2018-09-17T15:00:00.0000000Z,109,177.63907873
652,418.65954913,426.06012968,418.65954913,422.38645496,2018-09-17T16:59:50.6200000Z,2018-09-17T16:01:30.8100000Z,2018-09-17T17:00:00.0000000Z,2018-09-17T16:00:00.0000000Z,40,43.78196111
653,424.0,424.39414171,418.65954913,418.65954913,2018-09-17T17:45:48.5270000Z,2018-09-17T17:00:00.9630000Z,2018-09-17T18:00:00.0000000Z,2018-09-17T17:00:00.0000000Z,35,70.78872473
654,422.76512496,426.59675499,420.0,426.59675499,2018-09-17T18:56:22.7600000Z,2018-09-17T18:13:34.8070000Z,2018-09-17T19:00:00.0000000Z,2018-09-17T18:00:00.0000000Z,10,10.13803009
655,420.49998448,425.36114998,416.5,425.36114998,2018-09-17T19:55:50.0500000Z,2018-09-17T19:05:08.2700000Z,2018-09-17T20:00:00.0000000Z,2018-09-17T19:00:00.0000000Z,24,98.09291618
656,410.44208982,416.97545996,410.0,416.97545996,2018-09-17T20:56:08.2630000Z,2018-09-17T20:02:20.2500000Z,2018-09-17T21:00:00.0000000Z,2018-09-17T20:00:00.0000000Z,33,13.41881345
657,415.5,415.5,411.3025296,411.3025296,2018-09-17T21:59:29.4570000Z,2018-09-17T21:18:30.4300000Z,2018-09-17T22:00:00.0000000Z,2018-09-17T21:00:00.0000000Z,39,73.07239698
658,416.0,416.0,410.46,415.5,2018-09-17T22:55:07.8030000Z,2018-09-17T22:00:37.1430000Z,2018-09-17T23:00:00.0000000Z,2018-09-17T22:00:00.0000000Z,31,90.14558397
659,420.416325,420.99999377,416.0,416.0,2018-09-17T23:49:51.6700000Z,2018-09-17T23:01:06.2600000Z,2018-09-18T00:00:00.0000000Z,2018-09-17T23:00:00.0000000Z,37,44.63664022
660,420.523,421.15079496,415.26,419.2031048,2018-09-18T00:50:58.8170000Z,2018-09-18T00:00:00.9630000Z,2018-09-18T01:00:00.0000000Z,2018-09-18T00:00:00.0000000Z,40,50.84421225
661,415.89295147,417.88182751,415.89295147,417.88182751,2018-09-18T02:53:16.0530000Z,2018-09-18T02:28:32.4000000Z,2018-09-18T03:00:00.0000000Z,2018-09-18T02:00:00.0000000Z,39,276.56376722
662,417.76705914,418.16848501,416.94421504,417.65670002,2018-09-18T03:57:27.6300000Z,2018-09-18T03:06:31.9200000Z,2018-09-18T04:00:00.0000000Z,2018-09-18T03:00:00.0000000Z,8,10.90612402
663,418.44796165,423.00535504,418.44796165,423.00535504,2018-09-18T05:52:39.2000000Z,2018-09-18T05:16:10.5100000Z,2018-09-18T06:00:00.0000000Z,2018-09-18T05:00:00.0000000Z,13,4.7102153399999995
664,417.01259873,419.00419001,417.01259873,418.39149557,2018-09-18T06:54:02.9870000Z,2018-09-18T06:08:45.8370000Z,2018-09-18T07:00:00.0000000Z,2018-09-18T06:00:00.0000000Z,11,1.36042177
665,415.88999996,420.36614986,412.76488055,417.89532638,2018-09-18T07:41:48.5330000Z,2018-09-18T07:03:34.7970000Z,2018-09-18T08:00:00.0000000Z,2018-09-18T07:00:00.0000000Z,15,22.06932085
666,415.0531317,420.19965703,415.0531317,420.19965703,2018-09-18T08:49:33.2000000Z,2018-09-18T08:13:03.7830000Z,2018-09-18T09:00:00.0000000Z,2018-09-18T08:00:00.0000000Z,17,21.23667551
667,411.9416256,415.0531317,411.9416256,415.0531317,2018-09-18T10:53:53.5800000Z,2018-09-18T10:00:00.4800000Z,2018-09-18T11:00:00.0000000Z,2018-09-18T10:00:00.0000000Z,20,11.45133372
668,426.59675498,426.59675498,415.0,415.0,2018-09-18T11:59:46.6430000Z,2018-09-18T11:18:38.7770000Z,2018-09-18T12:00:00.0000000Z,2018-09-18T11:00:00.0000000Z,35,101.85079677
669,438.4771397,448.0,426.59675498,426.59675498,2018-09-18T12:55:03.3930000Z,2018-09-18T12:00:16.0330000Z,2018-09-18T13:00:00.0000000Z,2018-09-18T12:00:00.0000000Z,100,83.41420173
670,443.46661061,449.36070253,439.56605501,442.5,2018-09-18T13:57:15.0000000Z,2018-09-18T13:05:36.0700000Z,2018-09-18T14:00:00.0000000Z,2018-09-18T13:00:00.0000000Z,22,11.66179168
671,440.49583999,445.28211782,439.74194687,443.46661061,2018-09-18T14:48:34.2500000Z,2018-09-18T14:01:02.9900000Z,2018-09-18T15:00:00.0000000Z,2018-09-18T14:00:00.0000000Z,19,44.21835155
672,441.0,444.07923979,439.0,444.07923979,2018-09-18T15:55:12.7430000Z,2018-09-18T15:00:01.1800000Z,2018-09-18T16:00:00.0000000Z,2018-09-18T15:00:00.0000000Z,20,18.9348894
673,445.00999998,445.01,440.90669834,441.0,2018-09-18T16:48:10.1200000Z,2018-09-18T16:00:26.8800000Z,2018-09-18T17:00:00.0000000Z,2018-09-18T16:00:00.0000000Z,21,16.02272248
674,433.0,440.27321004,432.9669318,440.27321004,2018-09-18T17:47:39.1270000Z,2018-09-18T17:09:13.9330000Z,2018-09-18T18:00:00.0000000Z,2018-09-18T17:00:00.0000000Z,13,8.3622852
675,435.90963111,435.90963111,433.00000001,433.80947502,2018-09-18T18:56:20.7330000Z,2018-09-18T18:17:21.9730000Z,2018-09-18T19:00:00.0000000Z,2018-09-18T18:00:00.0000000Z,7,54.39772389
676,428.0,433.00016987,424.6,433.00016987,2018-09-18T19:59:43.9970000Z,2018-09-18T19:34:16.1300000Z,2018-09-18T20:00:00.0000000Z,2018-09-18T19:00:00.0000000Z,25,36.73310175
677,432.146028,435.165,429.4452613,429.4452613,2018-09-18T20:58:58.5230000Z,2018-09-18T20:03:12.7100000Z,2018-09-18T21:00:00.0000000Z,2018-09-18T20:00:00.0000000Z,19,1.33575628
678,434.77225503,435.26429998,434.77225503,435.26429998,2018-09-18T21:06:51.8930000Z,2018-09-18T21:01:18.3270000Z,2018-09-18T22:00:00.0000000Z,2018-09-18T21:00:00.0000000Z,3,0.20656109
679,438.27790368,438.27790368,434.82475426,434.82475426,2018-09-18T22:59:14.8100000Z,2018-09-18T22:27:45.7070000Z,2018-09-18T23:00:00.0000000Z,2018-09-18T22:00:00.0000000Z,6,2.35289248
680,434.65566555,434.65566555,434.65566555,434.65566555,2018-09-18T23:59:43.6770000Z,2018-09-18T23:59:34.2400000Z,2018-09-19T00:00:00.0000000Z,2018-09-18T23:00:00.0000000Z,2,0.2
681,430.0,430.71437058,429.33484002,429.33484002,2018-09-19T00:55:20.4470000Z,2018-09-19T00:09:43.7100000Z,2018-09-19T01:00:00.0000000Z,2018-09-19T00:00:00.0000000Z,8,2.23904573
682,435.30922978,437.15396874,433.43528836,433.43528836,2018-09-19T01:46:46.4000000Z,2018-09-19T01:09:25.7070000Z,2018-09-19T02:00:00.0000000Z,2018-09-19T01:00:00.0000000Z,4,0.77301777
683,437.1539744,437.1539744,434.0854413,434.0854413,2018-09-19T02:59:05.4430000Z,2018-09-19T02:05:58.9170000Z,2018-09-19T03:00:00.0000000Z,2018-09-19T02:00:00.0000000Z,6,0.17053585000000002
684,435.00000066,440.89775716,435.00000066,439.8552444,2018-09-19T03:59:06.2670000Z,2018-09-19T03:02:42.2300000Z,2018-09-19T04:00:00.0000000Z,2018-09-19T03:00:00.0000000Z,16,8.2864131
685,435.54025496,436.00860996,432.11475441,435.0,2018-09-19T05:48:07.1970000Z,2018-09-19T05:17:45.8470000Z,2018-09-19T06:00:00.0000000Z,2018-09-19T05:00:00.0000000Z,41,304.02999916
686,435.38952281,435.54025496,435.38952281,435.54025496,2018-09-19T06:35:40.1230000Z,2018-09-19T06:07:26.5600000Z,2018-09-19T07:00:00.0000000Z,2018-09-19T06:00:00.0000000Z,2,0.40000001
687,433.58323501,433.85616996,432.0,433.85616996,2018-09-19T07:44:43.3700000Z,2018-09-19T07:43:51.5100000Z,2018-09-19T08:00:00.0000000Z,2018-09-19T07:00:00.0000000Z,15,65.34523716
688,433.81630997,437.50592968,433.40341759,437.50592968,2018-09-19T08:57:03.9500000Z,2018-09-19T08:15:28.6430000Z,2018-09-19T09:00:00.0000000Z,2018-09-19T08:00:00.0000000Z,11,13.61216372
689,431.274,433.81630997,427.48169936,433.81630997,2018-09-19T09:42:06.9970000Z,2018-09-19T09:10:43.4430000Z,2018-09-19T10:00:00.0000000Z,2018-09-19T09:00:00.0000000Z,19,9.42010457
690,427.79744996,431.08166122,427.79744996,431.08166122,2018-09-19T10:50:26.9730000Z,2018-09-19T10:19:17.6600000Z,2018-09-19T11:00:00.0000000Z,2018-09-19T10:00:00.0000000Z,8,3.81482843
691,422.92077501,430.20043092,421.55113596,430.20043092,2018-09-19T11:53:17.5600000Z,2018-09-19T11:00:00.7370000Z,2018-09-19T12:00:00.0000000Z,2018-09-19T11:00:00.0000000Z,30,51.4272353
692,423.0,426.05599472,419.0,421.699,2018-09-19T12:53:54.1630000Z,2018-09-19T12:00:57.3700000Z,2018-09-19T13:00:00.0000000Z,2018-09-19T12:00:00.0000000Z,24,24.96242647
693,421.16100004,423.80815504,421.16100004,423.0,2018-09-19T13:53:51.6130000Z,2018-09-19T13:15:26.4830000Z,2018-09-19T14:00:00.0000000Z,2018-09-19T13:00:00.0000000Z,21,20.26468524
694,430.0,431.48493004,422.22515526,425.0,2018-09-19T14:50:16.7470000Z,2018-09-19T14:00:00.8870000Z,2018-09-19T15:00:00.0000000Z,2018-09-19T14:00:00.0000000Z,20,9.91065263
695,428.06299504,430.0,428.0,429.99999999,2018-09-19T15:58:18.6700000Z,2018-09-19T15:10:57.8130000Z,2018-09-19T16:00:00.0000000Z,2018-09-19T15:00:00.0000000Z,14,4.3602577
696,426.69588772,428.89995229,425.51555574,426.30376531,2018-09-19T16:48:17.3470000Z,2018-09-19T16:02:01.2770000Z,2018-09-19T17:00:00.0000000Z,2018-09-19T16:00:00.0000000Z,36,198.48937855
697,424.0,425.35847252,423.52246496,424.36968241,2018-09-19T17:46:42.0600000Z,2018-09-19T17:03:59.1070000Z,2018-09-19T18:00:00.0000000Z,2018-09-19T17:00:00.0000000Z,34,90.50491
698,413.41780174,424.0,406.0,424.0,2018-09-19T18:59:56.6400000Z,2018-09-19T18:10:00.5530000Z,2018-09-19T19:00:00.0000000Z,2018-09-19T18:00:00.0000000Z,125,104.19988154
699,431.6,442.49142931,409.95013502,415.05312999,2018-09-19T19:59:16.5800000Z,2018-09-19T19:00:05.3770000Z,2018-09-19T20:00:00.0000000Z,2018-09-19T19:00:00.0000000Z,123,143.4021581
700,437.27311809,440.53385021,429.43171753,431.6,2018-09-19T20:59:54.4070000Z,2018-09-19T20:01:11.1330000Z,2018-09-19T21:00:00.0000000Z,2018-09-19T20:00:00.0000000Z,37,60.579799
701,431.16654472,439.07697709,431.16654472,436.06839996,2018-09-19T21:49:51.9070000Z,2018-09-19T21:02:41.9600000Z,2018-09-19T22:00:00.0000000Z,2018-09-19T21:00:00.0000000Z,13,21.05122166
702,430.33759706,430.33759706,430.33759706,430.33759706,2018-09-19T22:20:08.3400000Z,2018-09-19T22:20:07.2770000Z,2018-09-19T23:00:00.0000000Z,2018-09-19T22:00:00.0000000Z,3,1.4284900999999999
703,428.0,428.59485002,425.15869272,428.59485002,2018-09-19T23:54:15.9900000Z,2018-09-19T23:06:07.4170000Z,2018-09-20T00:00:00.0000000Z,2018-09-19T23:00:00.0000000Z,10,1.36613606
704,432.0,432.0,428.04657498,430.00000001,2018-09-20T00:54:15.2930000Z,2018-09-20T00:11:01.1100000Z,2018-09-20T01:00:00.0000000Z,2018-09-20T00:00:00.0000000Z,19,15.03736147
705,429.8862,429.8862,427.70489068,428.75215772,2018-09-20T01:54:41.0230000Z,2018-09-20T01:05:46.8930000Z,2018-09-20T02:00:00.0000000Z,2018-09-20T01:00:00.0000000Z,9,2.60106918
706,427.0100555,427.96490968,424.496,427.96490968,2018-09-20T02:42:27.0600000Z,2018-09-20T02:00:03.0800000Z,2018-09-20T03:00:00.0000000Z,2018-09-20T02:00:00.0000000Z,19,26.19417128
707,425.40000001,427.01,425.40000001,427.01,2018-09-20T04:49:49.5570000Z,2018-09-20T04:04:59.0370000Z,2018-09-20T05:00:00.0000000Z,2018-09-20T04:00:00.0000000Z,2,1.51503175
708,424.89267305,424.9,424.8862,424.9,2018-09-20T05:24:52.8500000Z,2018-09-20T05:04:39.2870000Z,2018-09-20T06:00:00.0000000Z,2018-09-20T05:00:00.0000000Z,3,2.43329093
709,424.8862,426.52764004,424.8862,426.52764004,2018-09-20T06:09:54.5830000Z,2018-09-20T06:00:01.1000000Z,2018-09-20T07:00:00.0000000Z,2018-09-20T06:00:00.0000000Z,3,0.536
710,427.01854026,429.04537286,427.01,427.01,2018-09-20T07:55:58.8500000Z,2018-09-20T07:48:03.1830000Z,2018-09-20T08:00:00.0000000Z,2018-09-20T07:00:00.0000000Z,6,2.23878406
711,422.24004223,429.26370173,422.03481374,427.01854026,2018-09-20T08:35:41.4230000Z,2018-09-20T08:00:36.2800000Z,2018-09-20T09:00:00.0000000Z,2018-09-20T08:00:00.0000000Z,41,165.15244781
712,423.41000007,423.41000007,423.41000007,423.41000007,2018-09-20T09:18:31.3600000Z,2018-09-20T09:18:31.3600000Z,2018-09-20T10:00:00.0000000Z,2018-09-20T09:00:00.0000000Z,1,0.058267099999999995
713,430.7980912,435.045,423.4100001,423.4109248,2018-09-20T10:53:31.3600000Z,2018-09-20T10:12:47.0030000Z,2018-09-20T11:00:00.0000000Z,2018-09-20T10:00:00.0000000Z,75,184.46569467
714,440.12,440.12,431.65225048,431.65225048,2018-09-20T11:57:14.4900000Z,2018-09-20T11:04:37.2870000Z,2018-09-20T12:00:00.0000000Z,2018-09-20T11:00:00.0000000Z,25,33.0808894
715,435.46632448,449.0,435.46632448,440.12,2018-09-20T12:57:18.7700000Z,2018-09-20T12:01:45.0600000Z,2018-09-20T13:00:00.0000000Z,2018-09-20T12:00:00.0000000Z,59,32.7005021
716,435.40451886,436.16831912,433.99942921,436.16831912,2018-09-20T13:57:08.6870000Z,2018-09-20T13:02:52.5430000Z,2018-09-20T14:00:00.0000000Z,2018-09-20T13:00:00.0000000Z,8,6.29947326
717,435.09404271,436.65264388,433.04729394,435.0,2018-09-20T14:57:12.9830000Z,2018-09-20T14:16:49.2670000Z,2018-09-20T15:00:00.0000000Z,2018-09-20T14:00:00.0000000Z,6,2.29682344
718,431.77530973,436.086,430.614,436.086,2018-09-20T15:49:06.7730000Z,2018-09-20T15:13:55.3600000Z,2018-09-20T16:00:00.0000000Z,2018-09-20T15:00:00.0000000Z,20,37.01716624
719,423.9576,432.57012244,423.9576,432.57012244,2018-09-20T16:35:59.1870000Z,2018-09-20T16:00:01.8370000Z,2018-09-20T17:00:00.0000000Z,2018-09-20T16:00:00.0000000Z,18,8.08810531
720,426.0,430.10982703,426.0,430.10982703,2018-09-20T17:54:45.6230000Z,2018-09-20T17:18:40.5800000Z,2018-09-20T18:00:00.0000000Z,2018-09-20T17:00:00.0000000Z,7,2.65275
721,429.08177517,429.08177517,426.0,427.41856528,2018-09-20T18:46:11.8230000Z,2018-09-20T18:00:01.6000000Z,2018-09-20T19:00:00.0000000Z,2018-09-20T18:00:00.0000000Z,8,0.3730754
722,430.2,432.8104165,429.081775,429.081775,2018-09-20T19:52:05.2770000Z,2018-09-20T19:00:01.5830000Z,2018-09-20T20:00:00.0000000Z,2018-09-20T19:00:00.0000000Z,11,10.38217071
723,425.89976346,432.81,424.08,430.21668539,2018-09-20T20:45:34.0570000Z,2018-09-20T20:04:16.1000000Z,2018-09-20T21:00:00.0000000Z,2018-09-20T20:00:00.0000000Z,23,11.141051
724,436.97033514,440.0,426.08818502,429.23693119,2018-09-20T21:59:06.1800000Z,2018-09-20T21:19:22.5070000Z,2018-09-20T22:00:00.0000000Z,2018-09-20T21:00:00.0000000Z,22,9.33777969
725,462.60613827,462.60613827,436.00000004,439.94099938,2018-09-20T22:59:58.7870000Z,2018-09-20T22:00:31.9630000Z,2018-09-20T23:00:00.0000000Z,2018-09-20T22:00:00.0000000Z,383,171.52311069
726,455.16229784,467.08455067,455.11239948,462.60613827,2018-09-20T23:55:59.3870000Z,2018-09-20T23:00:02.3500000Z,2018-09-21T00:00:00.0000000Z,2018-09-20T23:00:00.0000000Z,65,50.81025702
727,449.10469031,459.32160794,449.10469031,457.0,2018-09-21T00:54:26.2770000Z,2018-09-21T00:01:33.9800000Z,2018-09-21T01:00:00.0000000Z,2018-09-21T00:00:00.0000000Z,40,35.83294226
728,453.95405405,454.02814842,450.12129018,451.586,2018-09-21T01:59:45.7330000Z,2018-09-21T01:29:52.5870000Z,2018-09-21T02:00:00.0000000Z,2018-09-21T01:00:00.0000000Z,54,130.13567696
729,461.68194295,462.92688995,453.95405429,453.95405429,2018-09-21T02:51:24.9270000Z,2018-09-21T02:03:20.9730000Z,2018-09-21T03:00:00.0000000Z,2018-09-21T02:00:00.0000000Z,88,150.27538046
730,457.35500001,462.00940992,456.9119828,460.9287914,2018-09-21T03:55:27.5100000Z,2018-09-21T03:03:03.3900000Z,2018-09-21T04:00:00.0000000Z,2018-09-21T03:00:00.0000000Z,73,83.10662291
731,459.37507986,459.37507986,455.80526639,456.78440881,2018-09-21T04:59:31.4630000Z,2018-09-21T04:13:21.6800000Z,2018-09-21T05:00:00.0000000Z,2018-09-21T04:00:00.0000000Z,27,12.07960803
732,456.173761,458.0,456.173761,458.0,2018-09-21T05:52:27.0300000Z,2018-09-21T05:25:46.4670000Z,2018-09-21T06:00:00.0000000Z,2018-09-21T05:00:00.0000000Z,5,2.65735005
733,461.85,461.85,457.39573366,458.895,2018-09-21T06:57:47.9900000Z,2018-09-21T06:02:08.9370000Z,2018-09-21T07:00:00.0000000Z,2018-09-21T06:00:00.0000000Z,13,2.56274105
734,480.0,489.1046903,462.99999999,462.99999999,2018-09-21T07:58:54.9600000Z,2018-09-21T07:01:29.8230000Z,2018-09-21T08:00:00.0000000Z,2018-09-21T07:00:00.0000000Z,166,212.56116834
735,479.434,494.27817268,478.89644962,480.0,2018-09-21T08:55:00.6570000Z,2018-09-21T08:00:21.2300000Z,2018-09-21T09:00:00.0000000Z,2018-09-21T08:00:00.0000000Z,217,549.61068707
736,483.3206261,483.3206261,477.13912662,480.55639086,2018-09-21T09:58:19.8070000Z,2018-09-21T09:01:10.9800000Z,2018-09-21T10:00:00.0000000Z,2018-09-21T09:00:00.0000000Z,48,146.46278033
737,481.0,484.99999999,476.57486356,483.3206261,2018-09-21T10:58:41.4670000Z,2018-09-21T10:01:20.9230000Z,2018-09-21T11:00:00.0000000Z,2018-09-21T10:00:00.0000000Z,53,79.18294404
738,487.72682154,487.77674649,480.78450929,484.28317811,2018-09-21T11:59:27.4600000Z,2018-09-21T11:05:02.0400000Z,2018-09-21T12:00:00.0000000Z,2018-09-21T11:00:00.0000000Z,112,221.91287489
739,486.1962791,487.16038482,480.11631311,484.3,2018-09-21T12:55:11.5800000Z,2018-09-21T12:01:55.0100000Z,2018-09-21T13:00:00.0000000Z,2018-09-21T12:00:00.0000000Z,34,30.46689333
740,488.48905124,494.0,485.0,485.00000012,2018-09-21T13:51:47.4900000Z,2018-09-21T13:06:49.8630000Z,2018-09-21T14:00:00.0000000Z,2018-09-21T13:00:00.0000000Z,94,74.02286376
741,490.579235,491.00813138,482.56479923,490.76275,2018-09-21T14:59:52.0470000Z,2018-09-21T14:00:01.4730000Z,2018-09-21T15:00:00.0000000Z,2018-09-21T14:00:00.0000000Z,100,255.32820368
742,476.0,489.79119726,472.531565,489.79119726,2018-09-21T15:59:12.8300000Z,2018-09-21T15:00:04.6570000Z,2018-09-21T16:00:00.0000000Z,2018-09-21T15:00:00.0000000Z,188,88.69901501
743,486.06857,486.06857,475.90135477,477.09409,2018-09-21T16:56:05.7270000Z,2018-09-21T16:01:47.4100000Z,2018-09-21T17:00:00.0000000Z,2018-09-21T16:00:00.0000000Z,113,56.26442119
744,485.86020998,488.89999999,480.0,482.69625000999997,2018-09-21T17:46:16.7430000Z,2018-09-21T17:00:00.7330000Z,2018-09-21T18:00:00.0000000Z,2018-09-21T17:00:00.0000000Z,46,258.3199433
745,492.2335,495.21143914,481.7383811,483.7402052,2018-09-21T18:59:38.4200000Z,2018-09-21T18:09:56.2200000Z,2018-09-21T19:00:00.0000000Z,2018-09-21T18:00:00.0000000Z,56,64.6618382
746,502.03232942,508.99999999,492.2335,492.49666311,2018-09-21T19:56:16.0330000Z,2018-09-21T19:02:11.7030000Z,2018-09-21T20:00:00.0000000Z,2018-09-21T19:00:00.0000000Z,220,402.19107949
747,493.91067723,510.0,493.91067723,502.5,2018-09-21T20:59:16.6000000Z,2018-09-21T20:02:28.5130000Z,2018-09-21T21:00:00.0000000Z,2018-09-21T20:00:00.0000000Z,103,195.59346304
748,497.79685839,499.17009043,488.42136701,492.78921147,2018-09-21T21:49:51.8170000Z,2018-09-21T21:00:48.4600000Z,2018-09-21T22:00:00.0000000Z,2018-09-21T21:00:00.0000000Z,23,9.40346832
749,497.5421955,498.5,495.0,496.797,2018-09-21T22:55:20.6030000Z,2018-09-21T22:01:58.3200000Z,2018-09-21T23:00:00.0000000Z,2018-09-21T22:00:00.0000000Z,13,14.60072919
750,497.0,502.5,497.0,497.5421955,2018-09-21T23:43:46.7270000Z,2018-09-21T23:00:04.9870000Z,2018-09-22T00:00:00.0000000Z,2018-09-21T23:00:00.0000000Z,18,11.86327229
751,501.61358466,511.0,497.02258389,504.99999999,2018-09-22T00:59:43.5900000Z,2018-09-22T00:02:45.8530000Z,2018-09-22T01:00:00.0000000Z,2018-09-22T00:00:00.0000000Z,60,80.56118133
752,494.89514456,501.61358466,489.41638582,501.61358466,2018-09-22T01:51:04.5600000Z,2018-09-22T01:02:23.2700000Z,2018-09-22T02:00:00.0000000Z,2018-09-22T01:00:00.0000000Z,27,48.24138082
753,490.00001578,493.7068435,490.00001578,492.21500215,2018-09-22T02:58:02.5630000Z,2018-09-22T02:15:12.4470000Z,2018-09-22T03:00:00.0000000Z,2018-09-22T02:00:00.0000000Z,6,5.04773467
754,485.8,488.1612288,480.00000041,488.1612288,2018-09-22T03:53:30.9470000Z,2018-09-22T03:03:47.5000000Z,2018-09-22T04:00:00.0000000Z,2018-09-22T03:00:00.0000000Z,77,83.54379542
755,489.0,490.00000002,486.79999882,486.79999882,2018-09-22T04:47:32.2730000Z,2018-09-22T04:09:31.5670000Z,2018-09-22T05:00:00.0000000Z,2018-09-22T04:00:00.0000000Z,20,13.36229466
756,490.01,490.01,486.87088852,486.87088852,2018-09-22T05:50:00.9130000Z,2018-09-22T05:00:02.0600000Z,2018-09-22T06:00:00.0000000Z,2018-09-22T05:00:00.0000000Z,30,140.42464919
757,485.58934079,485.58934079,482.03795165,484.13693116,2018-09-22T06:51:18.9100000Z,2018-09-22T06:07:40.9900000Z,2018-09-22T07:00:00.0000000Z,2018-09-22T06:00:00.0000000Z,36,105.03003873
758,485.088,485.58934195,483.0009898,485.58934195,2018-09-22T07:52:02.3770000Z,2018-09-22T07:05:28.3900000Z,2018-09-22T08:00:00.0000000Z,2018-09-22T07:00:00.0000000Z,14,22.94504885
759,472.7635,485.589334,468.1719279,485.589334,2018-09-22T08:55:43.3800000Z,2018-09-22T08:03:51.0830000Z,2018-09-22T09:00:00.0000000Z,2018-09-22T08:00:00.0000000Z,139,162.89926374
760,477.693034,478.19997679,472.6,472.6,2018-09-22T09:59:24.2270000Z,2018-09-22T09:01:05.4700000Z,2018-09-22T10:00:00.0000000Z,2018-09-22T09:00:00.0000000Z,33,69.88823021
761,479.42929489,481.455,477.693034,477.693034,2018-09-22T10:54:57.8700000Z,2018-09-22T10:03:20.2800000Z,2018-09-22T11:00:00.0000000Z,2018-09-22T10:00:00.0000000Z,24,4.68870398
762,479.0,481.0526572,478.7605,478.7605,2018-09-22T11:22:39.5130000Z,2018-09-22T11:01:01.8970000Z,2018-09-22T12:00:00.0000000Z,2018-09-22T11:00:00.0000000Z,18,18.57372368
763,476.50000004,483.0,476.50000004,476.57233866,2018-09-22T12:52:23.7600000Z,2018-09-22T12:02:31.4130000Z,2018-09-22T13:00:00.0000000Z,2018-09-22T12:00:00.0000000Z,23,10.6462187
764,481.94188881,481.94188881,476.88135218,477.55597496,2018-09-22T13:54:18.4000000Z,2018-09-22T13:03:02.3770000Z,2018-09-22T14:00:00.0000000Z,2018-09-22T13:00:00.0000000Z,4,6.6450206
765,473.98724257,480.63268747,473.98724257,480.63268747,2018-09-22T14:54:12.8170000Z,2018-09-22T14:02:39.6200000Z,2018-09-22T15:00:00.0000000Z,2018-09-22T14:00:00.0000000Z,11,24.70184098
766,476.95435505,478.24665434,471.33063387,473.51191008,2018-09-22T15:59:54.3530000Z,2018-09-22T15:00:44.3300000Z,2018-09-22T16:00:00.0000000Z,2018-09-22T15:00:00.0000000Z,16,19.01575716
767,479.63072949,479.63077114,474.80842791,476.09172098,2018-09-22T16:49:07.5030000Z,2018-09-22T16:10:51.4370000Z,2018-09-22T17:00:00.0000000Z,2018-09-22T16:00:00.0000000Z,36,48.01259841
768,478.27985892,479.63077114,477.73826874,479.24469186,2018-09-22T17:54:22.1970000Z,2018-09-22T17:27:28.2430000Z,2018-09-22T18:00:00.0000000Z,2018-09-22T17:00:00.0000000Z,20,2.31745518
769,489.79960344,490.67403358,475.08446236,480.15593628,2018-09-22T18:58:59.4300000Z,2018-09-22T18:01:13.1300000Z,2018-09-22T19:00:00.0000000Z,2018-09-22T18:00:00.0000000Z,69,41.29177234
770,489.89352711,489.89352711,482.31706227,488.43952763,2018-09-22T19:55:02.6230000Z,2018-09-22T19:01:18.8730000Z,2018-09-22T20:00:00.0000000Z,2018-09-22T19:00:00.0000000Z,19,1.36691714
771,493.0287739,493.0287739,484.48127509,485.28755675,2018-09-22T20:59:59.2530000Z,2018-09-22T20:04:44.8730000Z,2018-09-22T21:00:00.0000000Z,2018-09-22T20:00:00.0000000Z,21,20.06037031
772,482.26033143,487.93310041,482.26033143,487.93310041,2018-09-22T21:58:13.6330000Z,2018-09-22T21:02:45.7600000Z,2018-09-22T22:00:00.0000000Z,2018-09-22T21:00:00.0000000Z,11,5.51388725
773,485.82765,485.82765,482.96350314,482.96350314,2018-09-22T22:47:06.0030000Z,2018-09-22T22:03:05.0970000Z,2018-09-22T23:00:00.0000000Z,2018-09-22T22:00:00.0000000Z,3,0.22813529999999999
774,485.82765,485.82765,482.26033,482.26033141,2018-09-22T23:35:55.6500000Z,2018-09-22T23:04:34.4400000Z,2018-09-23T00:00:00.0000000Z,2018-09-22T23:00:00.0000000Z,3,0.08
775,484.49807306,484.49807306,484.49807306,484.49807306,2018-09-23T00:09:00.2100000Z,2018-09-23T00:09:00.2100000Z,2018-09-23T01:00:00.0000000Z,2018-09-23T00:00:00.0000000Z,1,0.11
776,479.9,483.70747484,476.518,483.70747484,2018-09-23T01:50:56.4330000Z,2018-09-23T01:02:47.2230000Z,2018-09-23T02:00:00.0000000Z,2018-09-23T01:00:00.0000000Z,20,13.66505042
777,479.9,479.9,479.9,479.9,2018-09-23T02:41:30.5970000Z,2018-09-23T02:41:30.5970000Z,2018-09-23T03:00:00.0000000Z,2018-09-23T02:00:00.0000000Z,1,0.16146205
778,481.0,481.0,481.0,481.0,2018-09-23T03:51:06.0900000Z,2018-09-23T03:51:06.0900000Z,2018-09-23T04:00:00.0000000Z,2018-09-23T03:00:00.0000000Z,1,0.5
779,486.45533356,486.45533356,482.27694479,483.6,2018-09-23T04:32:32.8030000Z,2018-09-23T04:09:42.6570000Z,2018-09-23T05:00:00.0000000Z,2018-09-23T04:00:00.0000000Z,8,3.8420156199999997
780,491.17449549,491.17449549,487.29578038,487.29578054,2018-09-23T05:51:03.2400000Z,2018-09-23T05:28:17.9030000Z,2018-09-23T06:00:00.0000000Z,2018-09-23T05:00:00.0000000Z,23,51.15392849
781,486.5,489.79069588,486.24,489.79069587,2018-09-23T06:58:04.9670000Z,2018-09-23T06:00:07.4900000Z,2018-09-23T07:00:00.0000000Z,2018-09-23T06:00:00.0000000Z,16,26.86805354
782,483.13333397,486.24,483.13333397,486.24,2018-09-23T07:04:31.0400000Z,2018-09-23T07:00:37.7370000Z,2018-09-23T08:00:00.0000000Z,2018-09-23T07:00:00.0000000Z,6,4.96577406
783,498.443,501.99999987,486.44945435,491.01072917,2018-09-23T08:56:39.6900000Z,2018-09-23T08:03:28.5930000Z,2018-09-23T09:00:00.0000000Z,2018-09-23T08:00:00.0000000Z,71,43.39888241
784,508.99999984,508.99999984,498.79102432,500.9,2018-09-23T09:51:27.4100000Z,2018-09-23T09:00:01.9130000Z,2018-09-23T10:00:00.0000000Z,2018-09-23T09:00:00.0000000Z,37,14.89607035
785,506.49999999,506.49999999,501.00000701,505.5,2018-09-23T10:59:45.9500000Z,2018-09-23T10:02:35.6770000Z,2018-09-23T11:00:00.0000000Z,2018-09-23T10:00:00.0000000Z,19,16.59268138
786,501.0,506.5,501.0,506.49999994,2018-09-23T11:59:21.2700000Z,2018-09-23T11:00:02.1530000Z,2018-09-23T12:00:00.0000000Z,2018-09-23T11:00:00.0000000Z,20,37.7588804
787,492.20000813,501.0,492.2000006,501.0,2018-09-23T12:42:45.4370000Z,2018-09-23T12:00:01.0530000Z,2018-09-23T13:00:00.0000000Z,2018-09-23T12:00:00.0000000Z,22,6.78758765
788,493.49917798,493.49917798,493.49917797,493.49917797,2018-09-23T13:41:27.7100000Z,2018-09-23T13:04:17.3330000Z,2018-09-23T14:00:00.0000000Z,2018-09-23T13:00:00.0000000Z,3,5.92123572
789,483.49192982,497.0,482.00000039,495.13,2018-09-23T14:59:41.1900000Z,2018-09-23T14:02:41.3600000Z,2018-09-23T15:00:00.0000000Z,2018-09-23T14:00:00.0000000Z,62,28.9847772
790,482.61650069,486.02811926,480.53967921,483.42274398,2018-09-23T15:52:52.8900000Z,2018-09-23T15:20:36.9000000Z,2018-09-23T16:00:00.0000000Z,2018-09-23T15:00:00.0000000Z,25,6.86578873
791,488.76089545,488.76089545,480.41403377,484.11,2018-09-23T16:59:17.1800000Z,2018-09-23T16:02:25.6130000Z,2018-09-23T17:00:00.0000000Z,2018-09-23T16:00:00.0000000Z,30,5.95222642
792,487.756,489.56032536,485.24600585,489.56032536,2018-09-23T17:53:16.1030000Z,2018-09-23T17:02:48.0900000Z,2018-09-23T18:00:00.0000000Z,2018-09-23T17:00:00.0000000Z,17,20.16374797
793,489.1549076,489.1549076,483.00184974,485.27,2018-09-23T18:53:23.2570000Z,2018-09-23T18:05:01.5130000Z,2018-09-23T19:00:00.0000000Z,2018-09-23T18:00:00.0000000Z,17,23.64124146
794,487.0,487.0,487.0,487.0,2018-09-23T19:52:54.9730000Z,2018-09-23T19:52:54.9730000Z,2018-09-23T20:00:00.0000000Z,2018-09-23T19:00:00.0000000Z,1,0.2088899
795,485.00000055,489.21576894,485.00000055,489.21576894,2018-09-23T20:11:59.8970000Z,2018-09-23T20:00:00.9500000Z,2018-09-23T21:00:00.0000000Z,2018-09-23T20:00:00.0000000Z,7,3.64368955
796,482.295685,486.43581384,482.295685,485.00000055,2018-09-23T21:50:01.6300000Z,2018-09-23T21:06:47.5570000Z,2018-09-23T22:00:00.0000000Z,2018-09-23T21:00:00.0000000Z,14,16.60609743
797,491.37491458,494.60277206,482.80476267,484.7575,2018-09-23T22:58:20.5330000Z,2018-09-23T22:00:01.1630000Z,2018-09-23T23:00:00.0000000Z,2018-09-23T22:00:00.0000000Z,33,12.33141419
798,492.8,492.84903932,490.82434325,492.84903932,2018-09-23T23:41:10.8100000Z,2018-09-23T23:07:46.6900000Z,2018-09-24T00:00:00.0000000Z,2018-09-23T23:00:00.0000000Z,7,8.48197936
799,485.21406185,491.0,483.78111145,490.82434325,2018-09-24T00:56:19.4870000Z,2018-09-24T00:03:09.5030000Z,2018-09-24T01:00:00.0000000Z,2018-09-24T00:00:00.0000000Z,47,129.22234546
800,487.20297534,493.15375735,486.51285488,489.26982491,2018-09-24T01:51:19.9600000Z,2018-09-24T01:00:02.4300000Z,2018-09-24T02:00:00.0000000Z,2018-09-24T01:00:00.0000000Z,11,2.71951783
801,494.39528105,494.39528105,491.0,492.29665865,2018-09-24T02:26:37.4730000Z,2018-09-24T02:10:27.9630000Z,2018-09-24T03:00:00.0000000Z,2018-09-24T02:00:00.0000000Z,13,25.61275557
802,492.72418799,493.02041349,488.78641884,488.78641884,2018-09-24T03:53:17.3900000Z,2018-09-24T03:18:46.0330000Z,2018-09-24T04:00:00.0000000Z,2018-09-24T03:00:00.0000000Z,5,3.22980832
803,484.60421773,492.0,484.60421773,492.0,2018-09-24T04:54:28.2530000Z,2018-09-24T04:03:20.0670000Z,2018-09-24T05:00:00.0000000Z,2018-09-24T04:00:00.0000000Z,11,2.94458748
804,482.55555,484.57593574,481.63115924,484.57593574,2018-09-24T05:57:19.3030000Z,2018-09-24T05:20:58.1900000Z,2018-09-24T06:00:00.0000000Z,2018-09-24T05:00:00.0000000Z,16,7.18822287
805,472.10000001,482.55555,470.0,482.55555,2018-09-24T06:59:03.8800000Z,2018-09-24T06:00:31.6870000Z,2018-09-24T07:00:00.0000000Z,2018-09-24T06:00:00.0000000Z,87,33.7616693
806,474.65132799,476.3235731,471.28643758,472.50000001,2018-09-24T07:59:27.7200000Z,2018-09-24T07:00:41.7900000Z,2018-09-24T08:00:00.0000000Z,2018-09-24T07:00:00.0000000Z,41,42.29118614
807,472.03539416,475.27526497,468.27000001,475.27526497,2018-09-24T08:54:27.6230000Z,2018-09-24T08:01:49.6770000Z,2018-09-24T09:00:00.0000000Z,2018-09-24T08:00:00.0000000Z,31,35.13182592
808,461.67,468.79151517,461.66782587,468.79151517,2018-09-24T09:58:07.7670000Z,2018-09-24T09:01:48.8230000Z,2018-09-24T10:00:00.0000000Z,2018-09-24T09:00:00.0000000Z,82,163.8799661
809,470.0,470.07055402,465.0,466.45715671,2018-09-24T10:51:14.1530000Z,2018-09-24T10:00:01.1300000Z,2018-09-24T11:00:00.0000000Z,2018-09-24T10:00:00.0000000Z,32,136.74172813
810,470.09984759,470.09984759,465.0,468.76956034,2018-09-24T11:55:00.8100000Z,2018-09-24T11:37:54.0800000Z,2018-09-24T12:00:00.0000000Z,2018-09-24T11:00:00.0000000Z,4,8.17964199
811,474.19118424,475.40814682,470.19267044,470.19267044,2018-09-24T12:47:06.3700000Z,2018-09-24T12:33:56.0930000Z,2018-09-24T13:00:00.0000000Z,2018-09-24T12:00:00.0000000Z,19,6.04751195
812,468.10855126,472.0,467.96500126,472.0,2018-09-24T13:41:29.6830000Z,2018-09-24T13:01:06.7070000Z,2018-09-24T14:00:00.0000000Z,2018-09-24T13:00:00.0000000Z,15,5.1433823499999995
813,467.51508975,471.85214696,467.51508975,471.02123055,2018-09-24T14:57:59.0770000Z,2018-09-24T14:02:08.6700000Z,2018-09-24T15:00:00.0000000Z,2018-09-24T14:00:00.0000000Z,12,8.32825572
814,465.00000001,467.50000006,465.0,467.50000002,2018-09-24T15:50:18.2800000Z,2018-09-24T15:03:03.5230000Z,2018-09-24T16:00:00.0000000Z,2018-09-24T15:00:00.0000000Z,41,150.15940719
815,470.0,472.0,466.56535067,466.56535067,2018-09-24T16:50:09.6800000Z,2018-09-24T16:00:01.9070000Z,2018-09-24T17:00:00.0000000Z,2018-09-24T16:00:00.0000000Z,39,137.44097616
816,473.48628844,474.99996979,470.0,470.0,2018-09-24T17:53:30.9730000Z,2018-09-24T17:05:19.3630000Z,2018-09-24T18:00:00.0000000Z,2018-09-24T17:00:00.0000000Z,43,111.08550202
817,473.63188058,474.63188058,473.0,474.63188058,2018-09-24T18:11:31.7400000Z,2018-09-24T18:00:01.7500000Z,2018-09-24T19:00:00.0000000Z,2018-09-24T18:00:00.0000000Z,9,45.27016468
818,469.5,472.48992144,469.16146799,472.48992144,2018-09-24T19:52:24.0600000Z,2018-09-24T19:00:02.1830000Z,2018-09-24T20:00:00.0000000Z,2018-09-24T19:00:00.0000000Z,3,10.09718324
819,470.52398974,470.52398974,469.5,469.5,2018-09-24T20:41:58.0000000Z,2018-09-24T20:02:34.7300000Z,2018-09-24T21:00:00.0000000Z,2018-09-24T20:00:00.0000000Z,4,30.43267237
820,467.10523329,467.10523329,467.10523329,467.10523329,2018-09-24T21:31:52.1800000Z,2018-09-24T21:21:03.3800000Z,2018-09-24T22:00:00.0000000Z,2018-09-24T21:00:00.0000000Z,3,1.21116566
821,463.5032358,470.20650708,460.00000006,470.20650708,2018-09-24T22:48:47.6730000Z,2018-09-24T22:00:01.0400000Z,2018-09-24T23:00:00.0000000Z,2018-09-24T22:00:00.0000000Z,48,118.09486514
822,460.79828514,462.23461874,456.7,460.99856501,2018-09-24T23:54:57.9100000Z,2018-09-24T23:03:49.2930000Z,2018-09-25T00:00:00.0000000Z,2018-09-24T23:00:00.0000000Z,39,103.69031679
823,454.08020248,462.2559095,452.10000001,462.2559095,2018-09-25T00:58:13.1130000Z,2018-09-25T00:01:09.7500000Z,2018-09-25T01:00:00.0000000Z,2018-09-25T00:00:00.0000000Z,71,188.96212648
824,451.20906211,452.1,446.58114021,452.1,2018-09-25T01:46:22.9470000Z,2018-09-25T01:04:08.5000000Z,2018-09-25T02:00:00.0000000Z,2018-09-25T01:00:00.0000000Z,45,86.82334568
825,452.53,453.197,448.48,452.71860761,2018-09-25T02:56:26.4270000Z,2018-09-25T02:00:01.5170000Z,2018-09-25T03:00:00.0000000Z,2018-09-25T02:00:00.0000000Z,34,20.41579722
826,453.0,457.06375972,451.3200054,452.4,2018-09-25T03:45:18.6830000Z,2018-09-25T03:00:01.6670000Z,2018-09-25T04:00:00.0000000Z,2018-09-25T03:00:00.0000000Z,10,41.74224074
827,451.32,455.65080999,451.32,454.0,2018-09-25T04:58:39.4530000Z,2018-09-25T04:16:59.7530000Z,2018-09-25T05:00:00.0000000Z,2018-09-25T04:00:00.0000000Z,21,47.97750013
828,454.5992019,454.5992019,450.00000004,450.00000004,2018-09-25T05:46:00.9270000Z,2018-09-25T05:02:28.1500000Z,2018-09-25T06:00:00.0000000Z,2018-09-25T05:00:00.0000000Z,10,143.36504441
829,440.0,453.0,440.0,453.0,2018-09-25T06:56:03.3800000Z,2018-09-25T06:07:35.3100000Z,2018-09-25T07:00:00.0000000Z,2018-09-25T06:00:00.0000000Z,85,70.68201675
830,436.0,441.26286206,436.0,440.0,2018-09-25T07:47:29.1870000Z,2018-09-25T07:00:52.4530000Z,2018-09-25T08:00:00.0000000Z,2018-09-25T07:00:00.0000000Z,58,32.33398382
831,439.0,441.84641991,439.0,441.84641991,2018-09-25T08:44:09.9100000Z,2018-09-25T08:14:14.6870000Z,2018-09-25T09:00:00.0000000Z,2018-09-25T08:00:00.0000000Z,4,0.67300172
832,439.5,443.81043978,439.5,441.84641991,2018-09-25T09:59:19.9300000Z,2018-09-25T09:00:01.6100000Z,2018-09-25T10:00:00.0000000Z,2018-09-25T09:00:00.0000000Z,24,11.54437957
833,439.5,439.5,437.6,439.5,2018-09-25T10:58:02.0130000Z,2018-09-25T10:00:47.2930000Z,2018-09-25T11:00:00.0000000Z,2018-09-25T10:00:00.0000000Z,12,10.14970237
834,435.38717013,440.5,430.00000038,439.5,2018-09-25T11:56:33.7300000Z,2018-09-25T11:04:17.9100000Z,2018-09-25T12:00:00.0000000Z,2018-09-25T11:00:00.0000000Z,50,32.552788
835,441.42585659,441.42585659,432.8195996,435.00835914,2018-09-25T12:59:32.5470000Z,2018-09-25T12:00:01.2070000Z,2018-09-25T13:00:00.0000000Z,2018-09-25T12:00:00.0000000Z,22,11.42209077
836,435.44955793,441.42585996,435.44955793,441.42585996,2018-09-25T13:57:54.4900000Z,2018-09-25T13:00:04.9870000Z,2018-09-25T14:00:00.0000000Z,2018-09-25T13:00:00.0000000Z,28,28.83301639
837,434.37,435.44955793,434.37,435.44955793,2018-09-25T14:24:11.7570000Z,2018-09-25T14:03:11.4970000Z,2018-09-25T15:00:00.0000000Z,2018-09-25T14:00:00.0000000Z,5,2.00022536
838,432.51463749,436.0,430.0,436.0,2018-09-25T15:55:03.7100000Z,2018-09-25T15:11:15.7400000Z,2018-09-25T16:00:00.0000000Z,2018-09-25T15:00:00.0000000Z,19,24.27700035
839,432.82193768,436.32801309,431.05213937,432.51463749,2018-09-25T16:54:38.2330000Z,2018-09-25T16:03:38.1130000Z,2018-09-25T17:00:00.0000000Z,2018-09-25T16:00:00.0000000Z,32,17.8448872
840,430.9639,435.0,427.8,432.58454248,2018-09-25T17:59:43.1900000Z,2018-09-25T17:00:02.1670000Z,2018-09-25T18:00:00.0000000Z,2018-09-25T17:00:00.0000000Z,40,52.14164079
841,425.29057136,431.47457507,425.0,428.89986908,2018-09-25T18:59:17.7000000Z,2018-09-25T18:07:37.1870000Z,2018-09-25T19:00:00.0000000Z,2018-09-25T18:00:00.0000000Z,41,34.10130864
842,429.77099076,429.77099076,429.77099076,429.77099076,2018-09-25T19:53:31.0400000Z,2018-09-25T19:53:09.1670000Z,2018-09-25T20:00:00.0000000Z,2018-09-25T19:00:00.0000000Z,2,0.34877622
843,437.99388717,439.30169755,429.77099076,429.77099076,2018-09-25T20:57:51.9500000Z,2018-09-25T20:08:58.8170000Z,2018-09-25T21:00:00.0000000Z,2018-09-25T20:00:00.0000000Z,33,51.69656243
844,440.0,440.88785195,436.61282487,436.61282487,2018-09-25T21:59:55.5700000Z,2018-09-25T21:00:25.1100000Z,2018-09-25T22:00:00.0000000Z,2018-09-25T21:00:00.0000000Z,31,63.08970863
845,443.40609695,448.94040528,440.0,440.0,2018-09-25T22:56:53.0400000Z,2018-09-25T22:06:30.7200000Z,2018-09-25T23:00:00.0000000Z,2018-09-25T22:00:00.0000000Z,80,363.64255668
846,447.0,447.32129457,442.0,442.82905109,2018-09-25T23:56:37.0070000Z,2018-09-25T23:04:51.7700000Z,2018-09-26T00:00:00.0000000Z,2018-09-25T23:00:00.0000000Z,27,70.07565143
847,441.99999985,445.2,438.53300038,445.2,2018-09-26T00:53:13.4770000Z,2018-09-26T00:06:39.8400000Z,2018-09-26T01:00:00.0000000Z,2018-09-26T00:00:00.0000000Z,19,50.63379282
848,436.99999893,439.5240506,435.4,439.5240506,2018-09-26T01:56:37.9300000Z,2018-09-26T01:11:32.4970000Z,2018-09-26T02:00:00.0000000Z,2018-09-26T01:00:00.0000000Z,22,6.45679105
849,435.81524872,437.0,435.81524872,437.0,2018-09-26T02:43:20.4970000Z,2018-09-26T02:03:41.8170000Z,2018-09-26T03:00:00.0000000Z,2018-09-26T02:00:00.0000000Z,7,2.7176891
850,433.50109365,435.81524872,433.50109365,435.81524872,2018-09-26T03:55:18.8700000Z,2018-09-26T03:10:28.9500000Z,2018-09-26T04:00:00.0000000Z,2018-09-26T03:00:00.0000000Z,5,1.71572588
851,435.81525,435.81525,433.96880289,433.96880289,2018-09-26T04:32:05.9070000Z,2018-09-26T04:23:42.9830000Z,2018-09-26T05:00:00.0000000Z,2018-09-26T04:00:00.0000000Z,7,0.7856196999999999
852,442.0,444.0,435.81525,435.81525,2018-09-26T05:59:43.8570000Z,2018-09-26T05:02:25.8800000Z,2018-09-26T06:00:00.0000000Z,2018-09-26T05:00:00.0000000Z,16,13.03530671
853,442.0,443.08372403,442.0,442.0,2018-09-26T06:50:50.9900000Z,2018-09-26T06:06:42.2770000Z,2018-09-26T07:00:00.0000000Z,2018-09-26T06:00:00.0000000Z,18,7.27136638
854,442.9,447.31393987,442.66917505,442.66917505,2018-09-26T07:59:00.0000000Z,2018-09-26T07:07:09.5370000Z,2018-09-26T08:00:00.0000000Z,2018-09-26T07:00:00.0000000Z,16,9.07063149
855,442.0,445.33529472,438.98939681,442.9,2018-09-26T08:56:59.2900000Z,2018-09-26T08:00:01.8470000Z,2018-09-26T09:00:00.0000000Z,2018-09-26T08:00:00.0000000Z,29,35.09983634
856,443.41883011,443.6392986,440.0,440.56952985,2018-09-26T09:57:06.2700000Z,2018-09-26T09:00:02.4370000Z,2018-09-26T10:00:00.0000000Z,2018-09-26T09:00:00.0000000Z,9,5.65435271
857,443.12941509,447.43972352,443.12941509,446.16833482,2018-09-26T10:58:06.1100000Z,2018-09-26T10:02:40.0770000Z,2018-09-26T11:00:00.0000000Z,2018-09-26T10:00:00.0000000Z,7,4.73083
858,447.749,448.19942721,446.33735725,446.33735725,2018-09-26T11:40:09.0930000Z,2018-09-26T11:00:02.6300000Z,2018-09-26T12:00:00.0000000Z,2018-09-26T11:00:00.0000000Z,18,10.91825378
859,444.0,449.36546715,444.0,448.94040529,2018-09-26T12:59:49.0770000Z,2018-09-26T12:00:02.1430000Z,2018-09-26T13:00:00.0000000Z,2018-09-26T12:00:00.0000000Z,19,5.81322122
860,446.405753,446.405753,443.4,444.0,2018-09-26T13:58:32.7730000Z,2018-09-26T13:01:16.1900000Z,2018-09-26T14:00:00.0000000Z,2018-09-26T13:00:00.0000000Z,16,10.59578768
861,483.0,488.31929156,443.58090048,443.58090048,2018-09-26T14:59:18.5970000Z,2018-09-26T14:00:00.9800000Z,2018-09-26T15:00:00.0000000Z,2018-09-26T14:00:00.0000000Z,284,397.00807125
862,522.0,532.99999998,480.59003186,480.59003186,2018-09-26T15:59:45.4970000Z,2018-09-26T15:00:12.6730000Z,2018-09-26T16:00:00.0000000Z,2018-09-26T15:00:00.0000000Z,1055,1217.39743111
863,519.56899227,545.0,515.89940756,523.53319656,2018-09-26T16:59:13.8630000Z,2018-09-26T16:00:26.1230000Z,2018-09-26T17:00:00.0000000Z,2018-09-26T16:00:00.0000000Z,447,594.66299983
864,521.36809,526.727,516.82132104,519.56899227,2018-09-26T17:58:54.9100000Z,2018-09-26T17:00:52.7100000Z,2018-09-26T18:00:00.0000000Z,2018-09-26T17:00:00.0000000Z,93,147.91013849
865,515.82,522.0,514.18541686,521.36809,2018-09-26T18:59:27.2470000Z,2018-09-26T18:00:55.4300000Z,2018-09-26T19:00:00.0000000Z,2018-09-26T18:00:00.0000000Z,79,37.89645885
866,515.19403051,519.99999995,509.0,513.49,2018-09-26T19:58:48.0700000Z,2018-09-26T19:01:57.8100000Z,2018-09-26T20:00:00.0000000Z,2018-09-26T19:00:00.0000000Z,121,122.1618974
867,533.05842044,537.01718908,512.21678385,515.0,2018-09-26T20:59:42.0800000Z,2018-09-26T20:05:50.4570000Z,2018-09-26T21:00:00.0000000Z,2018-09-26T20:00:00.0000000Z,169,413.23488014
868,518.69839751,549.99999999,513.1,538.0,2018-09-26T21:59:44.5770000Z,2018-09-26T21:01:23.6130000Z,2018-09-26T22:00:00.0000000Z,2018-09-26T21:00:00.0000000Z,364,328.00504904
869,518.273,520.52818964,504.74014454,520.52818964,2018-09-26T22:48:39.4900000Z,2018-09-26T22:00:01.4200000Z,2018-09-26T23:00:00.0000000Z,2018-09-26T22:00:00.0000000Z,126,101.20627296
870,513.95581001,518.273,510.55699414,518.273,2018-09-26T23:49:37.1400000Z,2018-09-26T23:00:14.2570000Z,2018-09-27T00:00:00.0000000Z,2018-09-26T23:00:00.0000000Z,13,3.26907223
871,534.31336715,542.14849456,512.11285693,513.956,2018-09-27T00:59:02.8870000Z,2018-09-27T00:03:19.1470000Z,2018-09-27T01:00:00.0000000Z,2018-09-27T00:00:00.0000000Z,402,203.63873338
872,526.09705883,542.0,523.9452523,537.0,2018-09-27T01:59:40.0100000Z,2018-09-27T01:00:00.3730000Z,2018-09-27T02:00:00.0000000Z,2018-09-27T01:00:00.0000000Z,75,22.64797723
873,534.33596932,535.0,524.98689877,526.09705883,2018-09-27T02:52:46.7270000Z,2018-09-27T02:00:36.0900000Z,2018-09-27T03:00:00.0000000Z,2018-09-27T02:00:00.0000000Z,47,35.54905121
874,530.91,535.34338,526.38105803,535.34337617,2018-09-27T03:57:42.6570000Z,2018-09-27T03:00:19.1170000Z,2018-09-27T04:00:00.0000000Z,2018-09-27T03:00:00.0000000Z,36,27.76989247
875,526.0,533.12088468,523.97118058,531.0,2018-09-27T04:53:10.6600000Z,2018-09-27T04:00:00.8800000Z,2018-09-27T05:00:00.0000000Z,2018-09-27T04:00:00.0000000Z,58,90.78578073
876,529.0,534.02577056,527.0,527.0,2018-09-27T05:58:38.2470000Z,2018-09-27T05:02:47.8500000Z,2018-09-27T06:00:00.0000000Z,2018-09-27T05:00:00.0000000Z,52,59.73748382
877,525.0,529.0,520.00000021,529.0,2018-09-27T06:48:50.9270000Z,2018-09-27T06:01:10.8600000Z,2018-09-27T07:00:00.0000000Z,2018-09-27T06:00:00.0000000Z,41,24.45986009
878,521.74118805,527.97745402,521.74118805,526.75002787,2018-09-27T07:55:27.9770000Z,2018-09-27T07:00:02.4900000Z,2018-09-27T08:00:00.0000000Z,2018-09-27T07:00:00.0000000Z,39,28.37619384
879,520.34092,521.74118805,514.49614182,521.74118805,2018-09-27T08:59:34.2730000Z,2018-09-27T08:02:35.9900000Z,2018-09-27T09:00:00.0000000Z,2018-09-27T08:00:00.0000000Z,78,84.78980887
880,520.0,525.07999195,520.0,521.57999443,2018-09-27T09:59:31.6970000Z,2018-09-27T09:04:01.2200000Z,2018-09-27T10:00:00.0000000Z,2018-09-27T09:00:00.0000000Z,29,21.62938055
881,530.0,531.33,520.0,520.0,2018-09-27T10:51:46.0530000Z,2018-09-27T10:00:02.4170000Z,2018-09-27T11:00:00.0000000Z,2018-09-27T10:00:00.0000000Z,38,22.17183288
882,565.0,576.46573079,527.91000001,530.0,2018-09-27T11:59:46.4800000Z,2018-09-27T11:01:06.9430000Z,2018-09-27T12:00:00.0000000Z,2018-09-27T11:00:00.0000000Z,501,600.6737866
883,580.03850068,580.03850068,560.55431644,564.0,2018-09-27T12:59:59.8300000Z,2018-09-27T12:00:42.3570000Z,2018-09-27T13:00:00.0000000Z,2018-09-27T12:00:00.0000000Z,249,294.64545891
884,563.73817944,589.31007017,563.73817944,580.03850068,2018-09-27T13:57:48.4930000Z,2018-09-27T13:00:01.1700000Z,2018-09-27T14:00:00.0000000Z,2018-09-27T13:00:00.0000000Z,218,181.78944957
885,565.36667641,573.19301515,563.1,570.19109699,2018-09-27T14:59:33.8200000Z,2018-09-27T14:00:02.5130000Z,2018-09-27T15:00:00.0000000Z,2018-09-27T14:00:00.0000000Z,110,72.99580713
886,557.0,569.864,553.15000002,569.864,2018-09-27T15:59:34.0030000Z,2018-09-27T15:00:10.8200000Z,2018-09-27T16:00:00.0000000Z,2018-09-27T15:00:00.0000000Z,124,208.58718222
887,560.67636111,565.36767997,556.31491,557.0,2018-09-27T16:51:56.0470000Z,2018-09-27T16:00:50.3800000Z,2018-09-27T17:00:00.0000000Z,2018-09-27T16:00:00.0000000Z,71,69.1812284
888,560.58581378,561.64626509,555.0,560.51000007,2018-09-27T17:56:37.2870000Z,2018-09-27T17:06:29.7430000Z,2018-09-27T18:00:00.0000000Z,2018-09-27T17:00:00.0000000Z,63,24.90462478
889,560.0,567.99999993,557.04177992,562.47371372,2018-09-27T18:59:43.4270000Z,2018-09-27T18:10:20.3430000Z,2018-09-27T19:00:00.0000000Z,2018-09-27T18:00:00.0000000Z,40,15.13106492
890,572.583,578.0,557.431,560.0,2018-09-27T19:58:22.5930000Z,2018-09-27T19:02:24.6330000Z,2018-09-27T20:00:00.0000000Z,2018-09-27T19:00:00.0000000Z,170,122.28416293
891,563.96259557,575.41816479,561.98922924,573.97773929,2018-09-27T20:50:45.0400000Z,2018-09-27T20:02:16.4270000Z,2018-09-27T21:00:00.0000000Z,2018-09-27T20:00:00.0000000Z,66,106.15798702
892,565.0,571.25705785,561.40212579,564.59258022,2018-09-27T21:57:53.8070000Z,2018-09-27T21:00:02.7730000Z,2018-09-27T22:00:00.0000000Z,2018-09-27T21:00:00.0000000Z,34,4.98097301
893,560.26816939,565.84321819,557.92213503,565.0,2018-09-27T22:57:13.3670000Z,2018-09-27T22:01:59.6400000Z,2018-09-27T23:00:00.0000000Z,2018-09-27T22:00:00.0000000Z,62,176.17519831
894,567.39875161,569.01216738,561.91580994,565.84321819,2018-09-27T23:56:48.5500000Z,2018-09-27T23:08:11.1500000Z,2018-09-28T00:00:00.0000000Z,2018-09-27T23:00:00.0000000Z,20,47.3226586
895,573.81107891,577.99999999,563.72360279,568.008,2018-09-28T00:35:50.6170000Z,2018-09-28T00:00:08.8200000Z,2018-09-28T01:00:00.0000000Z,2018-09-28T00:00:00.0000000Z,108,21.24678997
896,573.56495926,573.56495926,566.2534165,568.88185862,2018-09-28T01:58:20.9600000Z,2018-09-28T01:00:01.4230000Z,2018-09-28T02:00:00.0000000Z,2018-09-28T01:00:00.0000000Z,52,36.3211663
897,567.15810451,576.37936552,564.64969879,576.37936116,2018-09-28T02:51:05.5370000Z,2018-09-28T02:04:46.1900000Z,2018-09-28T03:00:00.0000000Z,2018-09-28T02:00:00.0000000Z,11,7.46812928
898,566.2294299,566.44031233,560.42749764,561.38347105,2018-09-28T03:55:02.5870000Z,2018-09-28T03:21:33.4970000Z,2018-09-28T04:00:00.0000000Z,2018-09-28T03:00:00.0000000Z,23,11.95063146
899,557.65916939,564.22858056,557.65916939,564.22858056,2018-09-28T04:34:40.4370000Z,2018-09-28T04:09:08.9400000Z,2018-09-28T05:00:00.0000000Z,2018-09-28T04:00:00.0000000Z,21,29.32667187
900,563.0,563.0,557.19622748,557.19622748,2018-09-28T05:53:05.9000000Z,2018-09-28T05:06:00.9730000Z,2018-09-28T06:00:00.0000000Z,2018-09-28T05:00:00.0000000Z,84,11.42072563
901,559.0,570.99999777,558.60520523,563.0,2018-09-28T06:59:56.8000000Z,2018-09-28T06:00:40.2300000Z,2018-09-28T07:00:00.0000000Z,2018-09-28T06:00:00.0000000Z,61,51.94830034
902,557.30000223,563.13648713,556.36000001,559.0,2018-09-28T07:58:32.3400000Z,2018-09-28T07:00:09.7230000Z,2018-09-28T08:00:00.0000000Z,2018-09-28T07:00:00.0000000Z,68,56.44337345
903,543.778,558.02704402,538.02718366,557.0,2018-09-28T08:59:29.6500000Z,2018-09-28T08:02:36.6900000Z,2018-09-28T09:00:00.0000000Z,2018-09-28T08:00:00.0000000Z,188,120.59737808
904,540.0,546.16338706,531.00000028,543.778,2018-09-28T09:59:59.1630000Z,2018-09-28T09:00:00.9970000Z,2018-09-28T10:00:00.0000000Z,2018-09-28T09:00:00.0000000Z,105,39.78082419
905,541.88134646,544.12754635,533.723,540.0,2018-09-28T10:59:45.6270000Z,2018-09-28T10:00:32.1630000Z,2018-09-28T11:00:00.0000000Z,2018-09-28T10:00:00.0000000Z,94,40.40776996
906,540.001,547.59997891,540.001,545.52592164,2018-09-28T11:42:39.7470000Z,2018-09-28T11:11:21.8170000Z,2018-09-28T12:00:00.0000000Z,2018-09-28T11:00:00.0000000Z,11,18.40612379
907,539.0,539.96953724,531.00000003,539.96953724,2018-09-28T12:58:58.2600000Z,2018-09-28T12:00:00.9800000Z,2018-09-28T13:00:00.0000000Z,2018-09-28T12:00:00.0000000Z,65,61.51059023
908,550.52459999,553.3555582,533.34167887,538.44024389,2018-09-28T13:54:47.7630000Z,2018-09-28T13:03:53.5800000Z,2018-09-28T14:00:00.0000000Z,2018-09-28T13:00:00.0000000Z,85,68.11740227
909,547.843539,549.5128133,540.0,549.5128133,2018-09-28T14:58:54.5500000Z,2018-09-28T14:00:02.3670000Z,2018-09-28T15:00:00.0000000Z,2018-09-28T14:00:00.0000000Z,52,127.24030121
910,547.94071847,548.0,547.94071552,548.0,2018-09-28T15:32:58.0130000Z,2018-09-28T15:00:38.4730000Z,2018-09-28T16:00:00.0000000Z,2018-09-28T15:00:00.0000000Z,5,0.38537663
911,536.1000037,550.00152303,535.89700031,547.94072,2018-09-28T16:57:37.2870000Z,2018-09-28T16:02:01.5800000Z,2018-09-28T17:00:00.0000000Z,2018-09-28T16:00:00.0000000Z,68,282.34532625
912,539.39396908,545.0,539.39396908,544.44917267,2018-09-28T17:49:29.5330000Z,2018-09-28T17:00:02.1970000Z,2018-09-28T18:00:00.0000000Z,2018-09-28T17:00:00.0000000Z,25,59.78565835
913,542.13860888,542.9992696,537.0,542.9992696,2018-09-28T18:44:26.9700000Z,2018-09-28T18:00:02.5670000Z,2018-09-28T19:00:00.0000000Z,2018-09-28T18:00:00.0000000Z,9,7.43526756
914,546.03492445,548.0,532.0,541.43299128,2018-09-28T19:52:28.7630000Z,2018-09-28T19:00:02.6700000Z,2018-09-28T20:00:00.0000000Z,2018-09-28T19:00:00.0000000Z,99,99.28555164
915,538.29081561,539.52561576,538.29081561,539.52561576,2018-09-28T20:36:06.6830000Z,2018-09-28T20:25:30.1000000Z,2018-09-28T21:00:00.0000000Z,2018-09-28T20:00:00.0000000Z,2,0.8817069999999999
916,541.53999975,541.54,535.82941681,540.94361942,2018-09-28T21:47:55.0530000Z,2018-09-28T21:00:03.9070000Z,2018-09-28T22:00:00.0000000Z,2018-09-28T21:00:00.0000000Z,23,100.16420627
917,539.34690866,539.34690866,539.34690866,539.34690866,2018-09-28T22:05:26.4300000Z,2018-09-28T22:05:26.4300000Z,2018-09-28T23:00:00.0000000Z,2018-09-28T22:00:00.0000000Z,1,0.08571834
918,533.59544911,541.53999998,531.35,541.53999998,2018-09-29T00:51:09.8830000Z,2018-09-29T00:00:02.5470000Z,2018-09-29T01:00:00.0000000Z,2018-09-29T00:00:00.0000000Z,26,15.31160666
919,513.56504802,531.35,512.0,531.35,2018-09-29T01:45:16.6230000Z,2018-09-29T01:03:14.1700000Z,2018-09-29T02:00:00.0000000Z,2018-09-29T01:00:00.0000000Z,154,189.30598937
920,521.5,522.49998359,513.83391463,514.42143785,2018-09-29T02:48:01.9730000Z,2018-09-29T02:01:49.9900000Z,2018-09-29T03:00:00.0000000Z,2018-09-29T02:00:00.0000000Z,51,256.89646144
921,516.0,518.81,516.0,518.81,2018-09-29T03:24:22.1930000Z,2018-09-29T03:03:39.1270000Z,2018-09-29T04:00:00.0000000Z,2018-09-29T03:00:00.0000000Z,4,0.18124441
922,520.16667685,520.63865179,520.16667685,520.63865179,2018-09-29T04:43:26.6300000Z,2018-09-29T04:21:33.1370000Z,2018-09-29T05:00:00.0000000Z,2018-09-29T04:00:00.0000000Z,2,0.37821221
923,519.48064083,519.48064083,516.61000069,516.61000069,2018-09-29T05:19:00.9530000Z,2018-09-29T05:03:53.8970000Z,2018-09-29T06:00:00.0000000Z,2018-09-29T05:00:00.0000000Z,8,3.24799244
924,521.56261123,521.56261123,515.22116055,517.86296795,2018-09-29T06:59:20.7900000Z,2018-09-29T06:29:20.3000000Z,2018-09-29T07:00:00.0000000Z,2018-09-29T06:00:00.0000000Z,17,10.52530612
925,524.21,524.21,522.0,522.0,2018-09-29T07:59:53.7400000Z,2018-09-29T07:00:00.5400000Z,2018-09-29T08:00:00.0000000Z,2018-09-29T07:00:00.0000000Z,16,17.18138841
926,526.36863836,533.2283043,524.00000001,524.00000001,2018-09-29T08:47:32.7130000Z,2018-09-29T08:00:57.4770000Z,2018-09-29T09:00:00.0000000Z,2018-09-29T08:00:00.0000000Z,66,75.49182479
927,527.00000001,535.99999996,527.0,529.0,2018-09-29T09:51:21.1500000Z,2018-09-29T09:01:11.7830000Z,2018-09-29T10:00:00.0000000Z,2018-09-29T09:00:00.0000000Z,52,71.18857579
928,532.00000001,538.08164211,530.0,530.00000002,2018-09-29T10:57:05.2800000Z,2018-09-29T10:06:23.0530000Z,2018-09-29T11:00:00.0000000Z,2018-09-29T10:00:00.0000000Z,18,7.37818184
929,547.72776602,560.0,532.29610215,532.29610215,2018-09-29T11:56:41.8070000Z,2018-09-29T11:00:00.8000000Z,2018-09-29T12:00:00.0000000Z,2018-09-29T11:00:00.0000000Z,123,107.74415479
930,542.74938862,552.89923324,542.74938862,549.99999999,2018-09-29T12:59:02.1930000Z,2018-09-29T12:00:00.8430000Z,2018-09-29T13:00:00.0000000Z,2018-09-29T12:00:00.0000000Z,28,18.67106189
931,536.459,546.99895828,536.459,542.74938883,2018-09-29T13:58:58.9400000Z,2018-09-29T13:00:00.9430000Z,2018-09-29T14:00:00.0000000Z,2018-09-29T13:00:00.0000000Z,48,80.77784047
932,539.0,540.92440948,537.5,537.5,2018-09-29T14:35:18.5430000Z,2018-09-29T14:00:00.9230000Z,2018-09-29T15:00:00.0000000Z,2018-09-29T14:00:00.0000000Z,5,0.34259981
933,539.20937868,544.45504,539.20937868,542.96112774,2018-09-29T15:48:50.6100000Z,2018-09-29T15:12:49.0630000Z,2018-09-29T16:00:00.0000000Z,2018-09-29T15:00:00.0000000Z,18,4.87656398
934,540.0,541.48661303,538.0,539.625,2018-09-29T16:55:30.2700000Z,2018-09-29T16:02:38.3830000Z,2018-09-29T17:00:00.0000000Z,2018-09-29T16:00:00.0000000Z,18,10.536785309999999
935,537.19175444,543.70438695,537.19175444,539.74514025,2018-09-29T18:43:10.2970000Z,2018-09-29T18:00:00.7700000Z,2018-09-29T19:00:00.0000000Z,2018-09-29T18:00:00.0000000Z,22,37.01985244
936,540.0,540.0,540.0,540.0,2018-09-29T19:38:48.8300000Z,2018-09-29T19:38:48.5970000Z,2018-09-29T20:00:00.0000000Z,2018-09-29T19:00:00.0000000Z,2,0.0507061
937,538.70243956,543.35,538.70243956,541.77095369,2018-09-29T20:51:37.1470000Z,2018-09-29T20:01:39.6370000Z,2018-09-29T21:00:00.0000000Z,2018-09-29T20:00:00.0000000Z,17,1.17763471
938,540.16372168,541.88754638,540.16372168,541.88754638,2018-09-29T21:35:00.4230000Z,2018-09-29T21:00:00.9230000Z,2018-09-29T22:00:00.0000000Z,2018-09-29T21:00:00.0000000Z,6,0.28135637
939,538.41031189,538.41031189,538.41031189,538.41031189,2018-09-29T22:49:12.1370000Z,2018-09-29T22:49:12.1370000Z,2018-09-29T23:00:00.0000000Z,2018-09-29T22:00:00.0000000Z,1,0.63306737
940,540.0,546.21164062,540.0,543.05292042,2018-09-29T23:26:53.5130000Z,2018-09-29T23:00:00.8900000Z,2018-09-30T00:00:00.0000000Z,2018-09-29T23:00:00.0000000Z,45,45.40849931
941,536.05972603,536.6,528.25312987,536.6,2018-09-30T00:50:22.3300000Z,2018-09-30T00:06:10.9100000Z,2018-09-30T01:00:00.0000000Z,2018-09-30T00:00:00.0000000Z,45,65.94651465
942,535.76360502,535.76360502,530.40546603,533.90415224,2018-09-30T03:34:05.7530000Z,2018-09-30T03:00:00.9770000Z,2018-09-30T04:00:00.0000000Z,2018-09-30T03:00:00.0000000Z,9,21.3117761
943,532.0,533.8,529.66716892,531.23057962,2018-09-30T04:39:45.7300000Z,2018-09-30T04:00:03.0830000Z,2018-09-30T05:00:00.0000000Z,2018-09-30T04:00:00.0000000Z,96,375.04646768
944,534.26567422,534.26567422,529.9,529.9,2018-09-30T05:38:42.6270000Z,2018-09-30T05:16:58.5900000Z,2018-09-30T06:00:00.0000000Z,2018-09-30T05:00:00.0000000Z,6,1.48821914
945,537.00000001,537.9667981,534.0,534.0,2018-09-30T06:55:55.0570000Z,2018-09-30T06:00:02.8200000Z,2018-09-30T07:00:00.0000000Z,2018-09-30T06:00:00.0000000Z,17,6.90048142
946,540.60301833,540.60301833,538.85067689,538.85067689,2018-09-30T07:57:46.8700000Z,2018-09-30T07:00:02.9530000Z,2018-09-30T08:00:00.0000000Z,2018-09-30T07:00:00.0000000Z,11,1.93190476
947,538.5,540.49,537.89249478,540.4899973,2018-09-30T08:47:09.9730000Z,2018-09-30T08:00:02.7630000Z,2018-09-30T09:00:00.0000000Z,2018-09-30T08:00:00.0000000Z,8,5.64314094
948,539.5,541.28645711,539.5,541.28645711,2018-09-30T09:53:51.8900000Z,2018-09-30T09:00:03.9000000Z,2018-09-30T10:00:00.0000000Z,2018-09-30T09:00:00.0000000Z,11,3.49555704
949,546.00000001,552.41160812,539.5,539.5,2018-09-30T10:57:39.3600000Z,2018-09-30T10:00:03.5430000Z,2018-09-30T11:00:00.0000000Z,2018-09-30T10:00:00.0000000Z,75,51.17797458
950,540.88831,550.0,540.88831,546.00000001,2018-09-30T11:58:58.8270000Z,2018-09-30T11:00:03.7570000Z,2018-09-30T12:00:00.0000000Z,2018-09-30T11:00:00.0000000Z,11,11.59007287
951,537.98263,541.25239267,537.98263,540.88831663,2018-09-30T12:38:43.1430000Z,2018-09-30T12:00:03.2030000Z,2018-09-30T13:00:00.0000000Z,2018-09-30T12:00:00.0000000Z,17,6.8995159600000004
952,541.13851337,541.13851337,538.86072963,538.86072963,2018-09-30T13:44:57.7470000Z,2018-09-30T13:00:02.8230000Z,2018-09-30T14:00:00.0000000Z,2018-09-30T13:00:00.0000000Z,2,0.024
953,543.99999995,543.99999995,539.68493863,541.13851337,2018-09-30T14:54:52.1470000Z,2018-09-30T14:00:20.5530000Z,2018-09-30T15:00:00.0000000Z,2018-09-30T14:00:00.0000000Z,10,9.76575762
954,535.888012,547.24780218,531.423,547.24780218,2018-09-30T15:53:16.6230000Z,2018-09-30T15:04:04.9600000Z,2018-09-30T16:00:00.0000000Z,2018-09-30T15:00:00.0000000Z,40,71.76354719
955,536.0,536.0,535.0,535.0,2018-09-30T16:25:35.4970000Z,2018-09-30T16:00:36.3230000Z,2018-09-30T17:00:00.0000000Z,2018-09-30T16:00:00.0000000Z,13,9.47539885
956,537.0,537.0,536.0,536.2,2018-09-30T17:43:39.2570000Z,2018-09-30T17:00:04.2130000Z,2018-09-30T18:00:00.0000000Z,2018-09-30T17:00:00.0000000Z,8,4.97339398
957,538.59801254,538.59801254,538.59801254,538.59801254,2018-09-30T18:00:02.9570000Z,2018-09-30T18:00:02.9570000Z,2018-09-30T19:00:00.0000000Z,2018-09-30T18:00:00.0000000Z,1,0.013000000000000001
958,534.12778452,537.0,532.13,537.0,2018-09-30T19:50:10.4030000Z,2018-09-30T19:00:02.7900000Z,2018-09-30T20:00:00.0000000Z,2018-09-30T19:00:00.0000000Z,18,8.52613503
959,524.32936371,534.12778354,517.0,534.12778354,2018-09-30T20:59:26.8200000Z,2018-09-30T20:00:02.6200000Z,2018-09-30T21:00:00.0000000Z,2018-09-30T20:00:00.0000000Z,133,155.89832174
960,524.32936371,524.32936371,520.397,522.56741662,2018-09-30T21:53:12.5300000Z,2018-09-30T21:00:02.0870000Z,2018-09-30T22:00:00.0000000Z,2018-09-30T21:00:00.0000000Z,69,13.36828887
961,532.52098768,532.52098768,524.32936371,524.32936371,2018-09-30T22:53:30.5370000Z,2018-09-30T22:05:29.6100000Z,2018-09-30T23:00:00.0000000Z,2018-09-30T22:00:00.0000000Z,42,28.05931635
962,532.51978951,535.869,529.40533673,532.52098768,2018-09-30T23:59:08.7900000Z,2018-09-30T23:00:19.4530000Z,2018-10-01T00:00:00.0000000Z,2018-09-30T23:00:00.0000000Z,24,22.22675562
963,534.64727078,536.48228568,530.17408382,536.48228567,2018-10-01T00:21:59.0500000Z,2018-10-01T00:02:44.5170000Z,2018-10-01T01:00:00.0000000Z,2018-10-01T00:00:00.0000000Z,7,16.79993087
964,534.0,535.70168145,532.2861286,532.64461737,2018-10-01T01:32:52.3000000Z,2018-10-01T01:11:42.6070000Z,2018-10-01T02:00:00.0000000Z,2018-10-01T01:00:00.0000000Z,13,12.954182
965,535.70168145,535.70168145,534.0,534.0,2018-10-01T02:55:06.7830000Z,2018-10-01T02:07:42.1530000Z,2018-10-01T03:00:00.0000000Z,2018-10-01T02:00:00.0000000Z,6,4.06510347
966,536.96364259,545.0,532.69674988,532.69674988,2018-10-01T03:45:23.7470000Z,2018-10-01T03:00:01.9800000Z,2018-10-01T04:00:00.0000000Z,2018-10-01T03:00:00.0000000Z,162,258.29309322
967,540.73542772,540.73542772,540.73542772,540.73542772,2018-10-01T04:48:24.8530000Z,2018-10-01T04:48:24.8530000Z,2018-10-01T05:00:00.0000000Z,2018-10-01T04:00:00.0000000Z,1,0.01231906
968,535.62206629,540.49024209,535.62206629,540.49024209,2018-10-01T05:18:19.9370000Z,2018-10-01T05:00:02.4830000Z,2018-10-01T06:00:00.0000000Z,2018-10-01T05:00:00.0000000Z,6,2.81420315
969,533.35163692,538.32265191,533.35163692,538.32265191,2018-10-01T06:43:01.4400000Z,2018-10-01T06:04:23.2330000Z,2018-10-01T07:00:00.0000000Z,2018-10-01T06:00:00.0000000Z,5,2.8567364299999998
970,535.0,538.64257365,534.53664391,538.64257365,2018-10-01T07:48:15.9430000Z,2018-10-01T07:00:01.4070000Z,2018-10-01T08:00:00.0000000Z,2018-10-01T07:00:00.0000000Z,6,0.60667986
971,537.11118036,537.11118036,533.372,533.372,2018-10-01T08:51:37.5700000Z,2018-10-01T08:17:50.9000000Z,2018-10-01T09:00:00.0000000Z,2018-10-01T08:00:00.0000000Z,3,1.82444235
972,539.16871105,541.0,539.16871105,541.0,2018-10-01T09:59:16.7330000Z,2018-10-01T09:03:02.9930000Z,2018-10-01T10:00:00.0000000Z,2018-10-01T09:00:00.0000000Z,12,1.22875949
973,536.47847448,540.85692493,536.47847448,536.4784777,2018-10-01T10:57:32.9030000Z,2018-10-01T10:00:03.7500000Z,2018-10-01T11:00:00.0000000Z,2018-10-01T10:00:00.0000000Z,21,49.49548162
974,535.14597572,535.14597572,531.85000005,531.85000005,2018-10-01T11:18:07.9370000Z,2018-10-01T11:02:04.7370000Z,2018-10-01T12:00:00.0000000Z,2018-10-01T11:00:00.0000000Z,8,8.16955232
975,539.74860661,539.74860661,535.15,536.53647003,2018-10-01T12:47:54.4500000Z,2018-10-01T12:00:03.2270000Z,2018-10-01T13:00:00.0000000Z,2018-10-01T12:00:00.0000000Z,19,13.06563892
976,528.66,539.44735597,528.66,539.44735597,2018-10-01T13:59:32.5630000Z,2018-10-01T13:00:05.0500000Z,2018-10-01T14:00:00.0000000Z,2018-10-01T13:00:00.0000000Z,24,9.74027743
977,529.27328472,530.99999986,521.89946994,528.36082743,2018-10-01T14:59:24.6370000Z,2018-10-01T14:00:03.5970000Z,2018-10-01T15:00:00.0000000Z,2018-10-01T14:00:00.0000000Z,61,67.60294506
978,527.36950124,528.87833209,527.36950124,528.87833209,2018-10-01T15:16:37.8570000Z,2018-10-01T15:01:16.4830000Z,2018-10-01T16:00:00.0000000Z,2018-10-01T15:00:00.0000000Z,5,1.20180527
979,530.66318822,531.0,528.05631498,530.23342434,2018-10-01T16:50:06.5370000Z,2018-10-01T16:00:07.6330000Z,2018-10-01T17:00:00.0000000Z,2018-10-01T16:00:00.0000000Z,30,13.70918697
980,534.16524775,534.68009217,530.66318822,534.68009217,2018-10-01T17:43:08.8130000Z,2018-10-01T17:00:07.2400000Z,2018-10-01T18:00:00.0000000Z,2018-10-01T17:00:00.0000000Z,5,0.71578554
981,534.47,534.47,530.66318822,534.16524709,2018-10-01T18:59:33.1800000Z,2018-10-01T18:00:04.4200000Z,2018-10-01T19:00:00.0000000Z,2018-10-01T18:00:00.0000000Z,25,18.20286005
982,533.59794346,533.59794346,533.59794346,533.59794346,2018-10-01T19:00:03.9330000Z,2018-10-01T19:00:03.9330000Z,2018-10-01T20:00:00.0000000Z,2018-10-01T19:00:00.0000000Z,1,0.007
983,527.92915942,527.92915942,527.92915941,527.92915941,2018-10-01T20:10:33.4470000Z,2018-10-01T20:10:33.4470000Z,2018-10-01T21:00:00.0000000Z,2018-10-01T20:00:00.0000000Z,2,3.02597885
984,532.006,533.79851732,527.56602635,527.56602635,2018-10-01T21:49:08.0530000Z,2018-10-01T21:00:05.0000000Z,2018-10-01T22:00:00.0000000Z,2018-10-01T21:00:00.0000000Z,10,1.43012176
985,528.56857385,533.95586567,528.56857385,533.95586567,2018-10-01T22:19:28.0030000Z,2018-10-01T22:00:04.0600000Z,2018-10-01T23:00:00.0000000Z,2018-10-01T22:00:00.0000000Z,2,0.04802701
986,535.5,535.5,535.0,535.0,2018-10-02T00:06:16.1230000Z,2018-10-02T00:02:21.4600000Z,2018-10-02T01:00:00.0000000Z,2018-10-02T00:00:00.0000000Z,5,0.16
987,535.235,536.233911,529.46800852,533.43396315,2018-10-02T01:57:52.3600000Z,2018-10-02T01:14:31.6630000Z,2018-10-02T02:00:00.0000000Z,2018-10-02T01:00:00.0000000Z,32,32.29074032
988,553.0,554.0,538.55361808,538.55361808,2018-10-02T02:59:17.8070000Z,2018-10-02T02:13:26.7630000Z,2018-10-02T03:00:00.0000000Z,2018-10-02T02:00:00.0000000Z,56,29.33237719
989,548.5,549.0,545.12202533,548.94590299,2018-10-02T03:48:35.9900000Z,2018-10-02T03:00:54.4670000Z,2018-10-02T04:00:00.0000000Z,2018-10-02T03:00:00.0000000Z,13,6.05270015
990,546.336903,554.21093188,545.51070944,545.51070945,2018-10-02T04:57:50.1930000Z,2018-10-02T04:01:56.0930000Z,2018-10-02T05:00:00.0000000Z,2018-10-02T04:00:00.0000000Z,25,30.32090689
991,544.11625829,549.8235,544.11625829,549.82349999,2018-10-02T05:54:33.7000000Z,2018-10-02T05:00:05.8700000Z,2018-10-02T06:00:00.0000000Z,2018-10-02T05:00:00.0000000Z,10,13.42730094
992,542.22423421,544.931772,542.22423421,544.93177166,2018-10-02T06:59:01.8570000Z,2018-10-02T06:04:18.5830000Z,2018-10-02T07:00:00.0000000Z,2018-10-02T06:00:00.0000000Z,9,5.35905218
993,544.93177,544.93177,543.20000036,543.373,2018-10-02T07:49:08.9300000Z,2018-10-02T07:11:47.6170000Z,2018-10-02T08:00:00.0000000Z,2018-10-02T07:00:00.0000000Z,6,2.03420941
994,543.7,547.0,542.2,547.0,2018-10-02T08:53:01.7630000Z,2018-10-02T08:02:19.4700000Z,2018-10-02T09:00:00.0000000Z,2018-10-02T08:00:00.0000000Z,17,14.35960515
995,538.5,546.99999999,538.5,546.99999999,2018-10-02T09:59:24.3270000Z,2018-10-02T09:15:36.9700000Z,2018-10-02T10:00:00.0000000Z,2018-10-02T09:00:00.0000000Z,45,37.0997086
996,541.70681,543.10208566,537.63058811,537.63059103,2018-10-02T10:59:39.3870000Z,2018-10-02T10:03:44.5370000Z,2018-10-02T11:00:00.0000000Z,2018-10-02T10:00:00.0000000Z,9,6.9536824500000005
997,535.05,542.07836785,535.05,542.07836785,2018-10-02T11:57:49.1900000Z,2018-10-02T11:00:07.8700000Z,2018-10-02T12:00:00.0000000Z,2018-10-02T11:00:00.0000000Z,26,9.31347364
998,538.38819537,538.38819537,531.86558964,535.05,2018-10-02T12:27:00.2700000Z,2018-10-02T12:01:25.3370000Z,2018-10-02T13:00:00.0000000Z,2018-10-02T12:00:00.0000000Z,14,12.39544548
999,538.38819916,538.38820008,530.0,537.27642796,2018-10-02T13:34:10.7130000Z,2018-10-02T13:06:33.9630000Z,2018-10-02T14:00:00.0000000Z,2018-10-02T13:00:00.0000000Z,101,232.84049829
1000,532.9334,541.5627219,532.9334,538.6,2018-10-02T14:54:32.4200000Z,2018-10-02T14:09:31.0430000Z,2018-10-02T15:00:00.0000000Z,2018-10-02T14:00:00.0000000Z,20,7.32594986
1001,536.38850037,539.5879465,536.38850037,536.91676741,2018-10-02T15:57:14.2000000Z,2018-10-02T15:00:02.2870000Z,2018-10-02T16:00:00.0000000Z,2018-10-02T15:00:00.0000000Z,6,0.8012197
1002,531.86789198,536.55828516,531.86789198,536.55828516,2018-10-02T16:56:45.2770000Z,2018-10-02T16:00:35.2370000Z,2018-10-02T17:00:00.0000000Z,2018-10-02T16:00:00.0000000Z,29,17.07038849
1003,530.795,531.86789198,525.0,531.86789198,2018-10-02T17:58:55.6330000Z,2018-10-02T17:06:32.5600000Z,2018-10-02T18:00:00.0000000Z,2018-10-02T17:00:00.0000000Z,26,18.98742381
1004,537.08911247,537.15777623,534.32414023,534.44617574,2018-10-02T18:56:19.2000000Z,2018-10-02T18:07:27.2700000Z,2018-10-02T19:00:00.0000000Z,2018-10-02T18:00:00.0000000Z,6,4.8201254
1005,536.0,537.94305232,536.0,537.94305232,2018-10-02T19:53:42.3630000Z,2018-10-02T19:02:59.1630000Z,2018-10-02T20:00:00.0000000Z,2018-10-02T19:00:00.0000000Z,19,24.33393638
1006,535.3631575,536.63759972,533.4652233,536.0,2018-10-02T20:41:12.5070000Z,2018-10-02T20:00:02.0600000Z,2018-10-02T21:00:00.0000000Z,2018-10-02T20:00:00.0000000Z,10,5.78346074
1007,537.64354469,541.9779476,537.64354469,540.0,2018-10-02T21:30:15.7630000Z,2018-10-02T21:23:48.0030000Z,2018-10-02T22:00:00.0000000Z,2018-10-02T21:00:00.0000000Z,3,2.19321974
1008,540.0,542.9,540.0,541.0,2018-10-02T22:57:57.0300000Z,2018-10-02T22:00:03.0200000Z,2018-10-02T23:00:00.0000000Z,2018-10-02T22:00:00.0000000Z,24,15.34040434
1009,529.95659681,542.60054373,529.95659681,542.60054373,2018-10-02T23:50:45.0430000Z,2018-10-02T23:00:03.2700000Z,2018-10-03T00:00:00.0000000Z,2018-10-02T23:00:00.0000000Z,12,11.58233523
1010,534.19538099,534.19538099,534.19538099,534.19538099,2018-10-03T00:03:58.1000000Z,2018-10-03T00:03:58.1000000Z,2018-10-03T01:00:00.0000000Z,2018-10-03T00:00:00.0000000Z,1,0.11793437
1011,517.92616556,531.0,517.32265191,531.0,2018-10-03T02:55:48.3600000Z,2018-10-03T02:00:03.0700000Z,2018-10-03T03:00:00.0000000Z,2018-10-03T02:00:00.0000000Z,78,48.58781855
1012,514.90938089,518.50426749,511.95925257,518.50426749,2018-10-03T03:56:16.7930000Z,2018-10-03T03:01:00.7430000Z,2018-10-03T04:00:00.0000000Z,2018-10-03T03:00:00.0000000Z,90,40.85759924
1013,520.61121245,520.61121245,514.90938089,514.90938089,2018-10-03T04:59:06.0700000Z,2018-10-03T04:01:30.7530000Z,2018-10-03T05:00:00.0000000Z,2018-10-03T04:00:00.0000000Z,16,26.28019632
1014,520.31257028,522.52023301,517.69161944,520.61121245,2018-10-03T05:58:27.2700000Z,2018-10-03T05:00:42.0130000Z,2018-10-03T06:00:00.0000000Z,2018-10-03T05:00:00.0000000Z,22,65.52177849
1015,516.00476329,521.05229087,512.69900001,521.05229087,2018-10-03T06:52:59.9570000Z,2018-10-03T06:00:02.8630000Z,2018-10-03T07:00:00.0000000Z,2018-10-03T06:00:00.0000000Z,45,247.2384741
1016,516.68209535,516.68209536,516.68209535,516.68209536,2018-10-03T07:03:09.3370000Z,2018-10-03T07:03:02.8370000Z,2018-10-03T08:00:00.0000000Z,2018-10-03T07:00:00.0000000Z,2,0.039900000000000005
1017,513.42358335,516.99999996,507.00000002,516.99999996,2018-10-03T08:52:14.3800000Z,2018-10-03T08:00:02.8530000Z,2018-10-03T09:00:00.0000000Z,2018-10-03T08:00:00.0000000Z,69,79.68936092
1018,514.43268242,515.9491715,511.001,514.08121155,2018-10-03T09:39:03.6230000Z,2018-10-03T09:00:03.5530000Z,2018-10-03T10:00:00.0000000Z,2018-10-03T09:00:00.0000000Z,32,8.69592967
1019,519.79,520.99999995,515.73787891,515.73787891,2018-10-03T10:36:49.1470000Z,2018-10-03T10:07:03.9370000Z,2018-10-03T11:00:00.0000000Z,2018-10-03T10:00:00.0000000Z,16,14.84941119
1020,518.71389226,520.0,517.5356672,519.18255873,2018-10-03T11:47:07.2230000Z,2018-10-03T11:02:42.6900000Z,2018-10-03T12:00:00.0000000Z,2018-10-03T11:00:00.0000000Z,7,1.6723762400000002
1021,515.20433116,515.20433116,515.20433116,515.20433116,2018-10-03T12:12:33.3170000Z,2018-10-03T12:10:26.7970000Z,2018-10-03T13:00:00.0000000Z,2018-10-03T12:00:00.0000000Z,3,0.57273753
1022,514.04714402,516.62129966,511.23487092,514.43152466,2018-10-03T13:52:16.4330000Z,2018-10-03T13:00:03.8500000Z,2018-10-03T14:00:00.0000000Z,2018-10-03T13:00:00.0000000Z,17,9.55981056
1023,521.28128812,521.28128812,512.52770021,512.52770021,2018-10-03T14:51:53.5830000Z,2018-10-03T14:03:11.3570000Z,2018-10-03T15:00:00.0000000Z,2018-10-03T14:00:00.0000000Z,15,7.38277143
1024,516.37321744,520.0,516.37321744,520.0,2018-10-03T15:31:42.1500000Z,2018-10-03T15:05:25.3570000Z,2018-10-03T16:00:00.0000000Z,2018-10-03T15:00:00.0000000Z,2,3.08683169
1025,515.3574919,519.36532243,515.3574919,517.67771092,2018-10-03T16:38:17.6000000Z,2018-10-03T16:08:27.8900000Z,2018-10-03T17:00:00.0000000Z,2018-10-03T16:00:00.0000000Z,15,19.98799284
1026,517.34909629,517.3490963,515.60000035,515.60000035,2018-10-03T17:39:45.8170000Z,2018-10-03T17:26:00.0430000Z,2018-10-03T18:00:00.0000000Z,2018-10-03T17:00:00.0000000Z,3,1.03305372
1027,515.357,517.15758702,515.357,515.60000006,2018-10-03T18:27:09.2770000Z,2018-10-03T18:05:46.0030000Z,2018-10-03T19:00:00.0000000Z,2018-10-03T18:00:00.0000000Z,14,9.54628533
1028,516.76863543,517.40512053,515.0,515.9,2018-10-03T19:46:39.6970000Z,2018-10-03T19:17:54.1800000Z,2018-10-03T20:00:00.0000000Z,2018-10-03T19:00:00.0000000Z,8,7.69615723
1029,516.23020439,516.23020439,516.23020439,516.23020439,2018-10-03T20:00:02.7600000Z,2018-10-03T20:00:02.7600000Z,2018-10-03T21:00:00.0000000Z,2018-10-03T20:00:00.0000000Z,1,0.016
1030,514.51106006,518.1207901,514.51106006,518.0,2018-10-03T21:59:53.5200000Z,2018-10-03T21:25:58.8800000Z,2018-10-03T22:00:00.0000000Z,2018-10-03T21:00:00.0000000Z,35,62.3128892
1031,515.87628773,515.87628773,511.385,512.38,2018-10-03T22:51:28.4830000Z,2018-10-03T22:00:06.5200000Z,2018-10-03T23:00:00.0000000Z,2018-10-03T22:00:00.0000000Z,52,45.01685605
1032,519.15243251,519.66705666,514.12269738,514.12269739,2018-10-03T23:54:58.5800000Z,2018-10-03T23:05:36.0270000Z,2018-10-04T00:00:00.0000000Z,2018-10-03T23:00:00.0000000Z,15,10.24789383
1033,518.93150816,518.93150816,518.78087788,518.78087788,2018-10-04T00:53:14.9400000Z,2018-10-04T00:53:14.9400000Z,2018-10-04T01:00:00.0000000Z,2018-10-04T00:00:00.0000000Z,2,1.34555329
1034,524.40492462,530.12799998,516.20074155,516.20074155,2018-10-04T01:43:20.2430000Z,2018-10-04T01:00:06.0770000Z,2018-10-04T02:00:00.0000000Z,2018-10-04T01:00:00.0000000Z,92,132.81211509
1035,530.128,530.128,528.0,528.0,2018-10-04T02:51:28.9730000Z,2018-10-04T02:07:44.3970000Z,2018-10-04T03:00:00.0000000Z,2018-10-04T02:00:00.0000000Z,5,5.04971921
1036,530.00000004,534.30584284,530.00000003,530.128,2018-10-04T03:47:10.1770000Z,2018-10-04T03:01:16.5530000Z,2018-10-04T04:00:00.0000000Z,2018-10-04T03:00:00.0000000Z,9,20.67401868
1037,530.0,532.50784485,530.0,532.50784485,2018-10-04T04:59:49.6930000Z,2018-10-04T04:00:03.3570000Z,2018-10-04T05:00:00.0000000Z,2018-10-04T04:00:00.0000000Z,13,9.09889789
1038,527.0,529.99999997,525.00000002,529.99999997,2018-10-04T05:54:05.0670000Z,2018-10-04T05:00:03.1630000Z,2018-10-04T06:00:00.0000000Z,2018-10-04T05:00:00.0000000Z,16,41.81636222
1039,527.0,529.29487435,527.0,527.0,2018-10-04T06:58:39.8500000Z,2018-10-04T06:01:51.2970000Z,2018-10-04T07:00:00.0000000Z,2018-10-04T06:00:00.0000000Z,9,21.7438188
1040,525.0,525.0000066,525.0,525.0000066,2018-10-04T07:51:47.7430000Z,2018-10-04T07:51:47.7430000Z,2018-10-04T08:00:00.0000000Z,2018-10-04T07:00:00.0000000Z,2,0.17390147
1041,527.99999999,527.99999999,527.0,527.0,2018-10-04T08:53:42.2730000Z,2018-10-04T08:11:10.1670000Z,2018-10-04T09:00:00.0000000Z,2018-10-04T08:00:00.0000000Z,5,4.14179301
1042,525.5,529.20449594,525.5,529.20449594,2018-10-04T09:48:59.1000000Z,2018-10-04T09:00:04.3770000Z,2018-10-04T10:00:00.0000000Z,2018-10-04T09:00:00.0000000Z,6,2.54008053
1043,523.49999979,527.56752993,522.33,525.00002389,2018-10-04T10:56:31.3000000Z,2018-10-04T10:03:07.3770000Z,2018-10-04T11:00:00.0000000Z,2018-10-04T10:00:00.0000000Z,35,68.64972249
1044,518.60072377,523.49058598,518.60072377,523.49058598,2018-10-04T11:51:10.4630000Z,2018-10-04T11:00:02.9300000Z,2018-10-04T12:00:00.0000000Z,2018-10-04T11:00:00.0000000Z,14,10.02431912
1045,520.0,520.0,520.0,520.0,2018-10-04T12:15:20.0530000Z,2018-10-04T12:10:56.4370000Z,2018-10-04T13:00:00.0000000Z,2018-10-04T12:00:00.0000000Z,2,1.86865142
1046,523.0,523.5,521.0,522.04453464,2018-10-04T13:46:00.6330000Z,2018-10-04T13:00:03.7570000Z,2018-10-04T14:00:00.0000000Z,2018-10-04T13:00:00.0000000Z,16,5.5318895999999995
1047,522.5,523.49999981,522.5,523.0,2018-10-04T14:58:50.9300000Z,2018-10-04T14:00:03.8400000Z,2018-10-04T15:00:00.0000000Z,2018-10-04T14:00:00.0000000Z,7,2.6876493
1048,523.49999951,523.49999951,520.00000001,521.97003116,2018-10-04T15:27:51.3070000Z,2018-10-04T15:00:03.0100000Z,2018-10-04T16:00:00.0000000Z,2018-10-04T15:00:00.0000000Z,3,1.15936877
1049,521.94411464,521.94411464,518.60072377,520.21000004,2018-10-04T16:50:14.5000000Z,2018-10-04T16:00:03.9300000Z,2018-10-04T17:00:00.0000000Z,2018-10-04T16:00:00.0000000Z,7,4.30380391
1050,520.61856778,520.69890322,518.03277646,518.03277646,2018-10-04T17:29:39.2770000Z,2018-10-04T17:00:03.0530000Z,2018-10-04T18:00:00.0000000Z,2018-10-04T17:00:00.0000000Z,3,2.08471324
1051,518.9965352,518.9965352,518.9965352,518.9965352,2018-10-04T18:17:37.5500000Z,2018-10-04T18:17:37.5500000Z,2018-10-04T19:00:00.0000000Z,2018-10-04T18:00:00.0000000Z,1,0.00253121
1052,521.73323181,521.73323201,518.67440938,518.9965351,2018-10-04T19:58:47.4770000Z,2018-10-04T19:03:14.4430000Z,2018-10-04T20:00:00.0000000Z,2018-10-04T19:00:00.0000000Z,15,21.67937567
1053,519.22000002,521.73323182,517.45000287,521.73323181,2018-10-04T20:53:46.5100000Z,2018-10-04T20:00:03.7600000Z,2018-10-04T21:00:00.0000000Z,2018-10-04T20:00:00.0000000Z,32,60.3728846
1054,514.44135486,520.68134337,508.22870932,519.22000002,2018-10-04T21:59:57.7500000Z,2018-10-04T21:00:23.9170000Z,2018-10-04T22:00:00.0000000Z,2018-10-04T21:00:00.0000000Z,68,96.53929925
1055,519.43360722,522.17508118,512.6155445,513.60488701,2018-10-04T22:49:14.5770000Z,2018-10-04T22:00:04.2370000Z,2018-10-04T23:00:00.0000000Z,2018-10-04T22:00:00.0000000Z,30,107.97755323
1056,515.92509911,516.39312644,515.92509911,516.39312644,2018-10-04T23:02:25.9270000Z,2018-10-04T23:02:25.9270000Z,2018-10-05T00:00:00.0000000Z,2018-10-04T23:00:00.0000000Z,3,0.30000000000000004
1057,519.0,519.0,515.9250991,515.9250991,2018-10-05T00:51:39.6800000Z,2018-10-05T00:00:04.7030000Z,2018-10-05T01:00:00.0000000Z,2018-10-05T00:00:00.0000000Z,9,23.06180212
1058,519.17251663,520.55719347,516.69186696,520.55719347,2018-10-05T01:55:48.1800000Z,2018-10-05T01:03:40.0430000Z,2018-10-05T02:00:00.0000000Z,2018-10-05T01:00:00.0000000Z,6,2.43566
1059,512.34021132,516.692,511.34440942,516.692,2018-10-05T02:19:13.6870000Z,2018-10-05T02:03:28.1000000Z,2018-10-05T03:00:00.0000000Z,2018-10-05T02:00:00.0000000Z,17,10.26721494
1060,513.0,516.71222,512.06139182,515.15121145,2018-10-05T03:35:56.5030000Z,2018-10-05T03:00:03.0930000Z,2018-10-05T04:00:00.0000000Z,2018-10-05T03:00:00.0000000Z,7,3.6232207
1061,515.83857,515.83857,515.83857,515.83857,2018-10-05T04:00:32.3900000Z,2018-10-05T04:00:32.3900000Z,2018-10-05T05:00:00.0000000Z,2018-10-05T04:00:00.0000000Z,1,0.04
1062,515.839,515.839,515.839,515.839,2018-10-05T05:02:35.7200000Z,2018-10-05T05:01:14.8770000Z,2018-10-05T06:00:00.0000000Z,2018-10-05T05:00:00.0000000Z,4,12.59900009
1063,517.3,519.16900568,517.3,518.12264714,2018-10-05T06:52:31.4430000Z,2018-10-05T06:18:40.7300000Z,2018-10-05T07:00:00.0000000Z,2018-10-05T06:00:00.0000000Z,5,1.33868348
1064,513.40003407,518.91142403,513.40003392,518.91142403,2018-10-05T07:18:25.1300000Z,2018-10-05T07:00:01.8330000Z,2018-10-05T08:00:00.0000000Z,2018-10-05T07:00:00.0000000Z,15,2.4064545600000002
1065,514.0,516.42915059,514.0,515.98919571,2018-10-05T08:59:55.0470000Z,2018-10-05T08:00:01.8900000Z,2018-10-05T09:00:00.0000000Z,2018-10-05T08:00:00.0000000Z,10,3.87554628
1066,511.95,515.48165927,511.95,515.48165927,2018-10-05T09:56:05.0030000Z,2018-10-05T09:00:01.8100000Z,2018-10-05T10:00:00.0000000Z,2018-10-05T09:00:00.0000000Z,34,53.901
1067,513.3,515.88877555,513.3,515.88877555,2018-10-05T10:53:38.3300000Z,2018-10-05T10:00:01.6530000Z,2018-10-05T11:00:00.0000000Z,2018-10-05T10:00:00.0000000Z,85,2.01
1068,514.0,518.51978467,514.0,514.0,2018-10-05T11:59:30.8170000Z,2018-10-05T11:00:02.4030000Z,2018-10-05T12:00:00.0000000Z,2018-10-05T11:00:00.0000000Z,17,2.51665335
1069,513.69451127,517.67625538,513.69451126,517.67625538,2018-10-05T12:54:36.0900000Z,2018-10-05T12:16:08.4730000Z,2018-10-05T13:00:00.0000000Z,2018-10-05T12:00:00.0000000Z,5,1.57496489
1070,517.0,518.99161193,517.0,517.0,2018-10-05T13:59:57.3100000Z,2018-10-05T13:29:51.4630000Z,2018-10-05T14:00:00.0000000Z,2018-10-05T13:00:00.0000000Z,28,8.10075189
1071,516.0,517.75659137,516.0,517.75659137,2018-10-05T14:27:27.9500000Z,2018-10-05T14:03:32.8930000Z,2018-10-05T15:00:00.0000000Z,2018-10-05T14:00:00.0000000Z,3,7.79926581
1072,516.10832693,518.49969756,516.10832693,518.49969756,2018-10-05T15:47:46.6500000Z,2018-10-05T15:00:03.1770000Z,2018-10-05T16:00:00.0000000Z,2018-10-05T15:00:00.0000000Z,5,1.51920922
1073,515.41724033,517.3649528,515.41724033,516.10832693,2018-10-05T16:35:57.8900000Z,2018-10-05T16:02:17.0370000Z,2018-10-05T17:00:00.0000000Z,2018-10-05T16:00:00.0000000Z,13,17.57197315
1074,515.41724,515.41724,515.41724,515.41724,2018-10-05T17:15:58.6670000Z,2018-10-05T17:00:06.4170000Z,2018-10-05T18:00:00.0000000Z,2018-10-05T17:00:00.0000000Z,2,0.04
1075,513.94202869,513.94202869,513.94202869,513.94202869,2018-10-05T18:09:39.7770000Z,2018-10-05T18:09:39.7770000Z,2018-10-05T19:00:00.0000000Z,2018-10-05T18:00:00.0000000Z,1,1.8900000000000001
1076,513.94202869,513.94202869,513.94202869,513.94202869,2018-10-05T20:58:16.9070000Z,2018-10-05T20:48:43.1100000Z,2018-10-05T21:00:00.0000000Z,2018-10-05T20:00:00.0000000Z,3,0.11
1077,515.6569997,515.6569997,515.6569997,515.6569997,2018-10-05T21:00:02.6300000Z,2018-10-05T21:00:02.6300000Z,2018-10-05T22:00:00.0000000Z,2018-10-05T21:00:00.0000000Z,1,0.009000000000000001
1078,523.4,534.97998599,515.657,515.657,2018-10-05T22:52:02.7430000Z,2018-10-05T22:03:37.7070000Z,2018-10-05T23:00:00.0000000Z,2018-10-05T22:00:00.0000000Z,89,173.33158462
1079,523.45,523.48,523.45,523.48,2018-10-05T23:24:48.4900000Z,2018-10-05T23:01:56.8530000Z,2018-10-06T00:00:00.0000000Z,2018-10-05T23:00:00.0000000Z,17,32.46755493
1080,520.143,523.3,520.143,522.99999999,2018-10-06T00:45:08.8130000Z,2018-10-06T00:00:05.3930000Z,2018-10-06T01:00:00.0000000Z,2018-10-06T00:00:00.0000000Z,10,2.62616262
1081,518.00632562,522.36587959,518.00632562,521.0,2018-10-06T01:53:30.4330000Z,2018-10-06T01:00:13.6370000Z,2018-10-06T02:00:00.0000000Z,2018-10-06T01:00:00.0000000Z,14,7.45789662
1082,519.22693982,519.22693982,516.34,518.00632561,2018-10-06T02:21:52.1900000Z,2018-10-06T02:09:15.1800000Z,2018-10-06T03:00:00.0000000Z,2018-10-06T02:00:00.0000000Z,6,17.19495016
1083,520.22023461,520.22023461,516.34000002,516.34000002,2018-10-06T03:06:18.5000000Z,2018-10-06T03:00:06.3800000Z,2018-10-06T04:00:00.0000000Z,2018-10-06T03:00:00.0000000Z,5,1.5147785200000001
1084,521.41468834,521.76567121,521.41468834,521.76567121,2018-10-06T04:46:11.7200000Z,2018-10-06T04:12:59.4600000Z,2018-10-06T05:00:00.0000000Z,2018-10-06T04:00:00.0000000Z,2,0.28106468
1085,520.0,520.0,516.79354334,516.79354334,2018-10-06T05:18:07.8170000Z,2018-10-06T05:07:51.2530000Z,2018-10-06T06:00:00.0000000Z,2018-10-06T05:00:00.0000000Z,2,0.22306195
1086,522.47851675,522.47851675,522.47851675,522.47851675,2018-10-06T06:00:04.1630000Z,2018-10-06T06:00:04.1630000Z,2018-10-06T07:00:00.0000000Z,2018-10-06T06:00:00.0000000Z,1,0.011
1087,522.12838362,522.12838362,521.64448949,521.64448949,2018-10-06T07:08:28.9600000Z,2018-10-06T07:00:04.8000000Z,2018-10-06T08:00:00.0000000Z,2018-10-06T07:00:00.0000000Z,2,0.391
1088,516.62216872,522.0545758,516.40644007,522.0545758,2018-10-06T08:52:40.1570000Z,2018-10-06T08:00:06.7200000Z,2018-10-06T09:00:00.0000000Z,2018-10-06T08:00:00.0000000Z,6,11.0787817
1089,516.00000001,519.58423943,516.0,519.58423943,2018-10-06T09:57:48.8170000Z,2018-10-06T09:00:05.2770000Z,2018-10-06T10:00:00.0000000Z,2018-10-06T09:00:00.0000000Z,4,0.16906954
1090,512.0,517.0,510.0,517.0,2018-10-06T11:57:39.3870000Z,2018-10-06T11:21:52.6070000Z,2018-10-06T12:00:00.0000000Z,2018-10-06T11:00:00.0000000Z,64,36.91328379
1091,516.46117075,516.46117075,512.0,512.0,2018-10-06T12:27:14.2500000Z,2018-10-06T12:00:57.8730000Z,2018-10-06T13:00:00.0000000Z,2018-10-06T12:00:00.0000000Z,5,1.11577354
1092,512.35,516.22015928,512.35,516.22015928,2018-10-06T13:33:50.2600000Z,2018-10-06T13:00:05.4970000Z,2018-10-06T14:00:00.0000000Z,2018-10-06T13:00:00.0000000Z,7,2.95435287
1093,512.35,512.35,510.0,511.4,2018-10-06T14:56:03.2800000Z,2018-10-06T14:21:27.6570000Z,2018-10-06T15:00:00.0000000Z,2018-10-06T14:00:00.0000000Z,7,0.52323736
1094,511.00000062,512.35,511.00000062,512.35,2018-10-06T15:33:29.5800000Z,2018-10-06T15:22:26.1100000Z,2018-10-06T16:00:00.0000000Z,2018-10-06T15:00:00.0000000Z,3,0.07696437
1095,513.16385637,514.03940457,511.1,511.1,2018-10-06T16:34:25.1070000Z,2018-10-06T16:07:01.8400000Z,2018-10-06T17:00:00.0000000Z,2018-10-06T16:00:00.0000000Z,6,2.90203809
1096,509.50217594,511.1,508.91324153,511.1,2018-10-06T17:15:11.3670000Z,2018-10-06T17:10:13.9370000Z,2018-10-06T18:00:00.0000000Z,2018-10-06T17:00:00.0000000Z,27,126.88303792
1097,509.86,513.83014097,509.86,513.83014097,2018-10-06T18:59:47.6770000Z,2018-10-06T18:00:04.1500000Z,2018-10-06T19:00:00.0000000Z,2018-10-06T18:00:00.0000000Z,10,4.28167974
1098,508.23,509.86,508.23,509.86,2018-10-06T19:38:11.0100000Z,2018-10-06T19:29:18.3830000Z,2018-10-06T20:00:00.0000000Z,2018-10-06T19:00:00.0000000Z,5,11.23948465
1099,507.90102961,508.23,504.7475,508.23,2018-10-06T20:33:08.9800000Z,2018-10-06T20:01:41.1730000Z,2018-10-06T21:00:00.0000000Z,2018-10-06T20:00:00.0000000Z,27,17.40941454
1100,508.69557559,508.73751,508.69557559,508.73751,2018-10-06T21:31:28.6730000Z,2018-10-06T21:11:32.8400000Z,2018-10-06T22:00:00.0000000Z,2018-10-06T21:00:00.0000000Z,3,0.194025
1101,511.31965411,511.31965411,511.31965411,511.31965411,2018-10-06T22:22:56.8400000Z,2018-10-06T22:22:56.8400000Z,2018-10-06T23:00:00.0000000Z,2018-10-06T22:00:00.0000000Z,1,0.51674324
1102,511.3999908,511.3999908,511.3999908,511.3999908,2018-10-06T23:00:04.0130000Z,2018-10-06T23:00:04.0130000Z,2018-10-07T00:00:00.0000000Z,2018-10-06T23:00:00.0000000Z,1,0.012
1103,514.81219379,514.81219379,513.58338011,513.58338011,2018-10-07T01:23:42.3170000Z,2018-10-07T01:22:15.0930000Z,2018-10-07T02:00:00.0000000Z,2018-10-07T01:00:00.0000000Z,3,0.9500000000000001
1104,516.09985999,516.09985999,516.09985598,516.09985598,2018-10-07T02:01:35.1800000Z,2018-10-07T02:01:35.1800000Z,2018-10-07T03:00:00.0000000Z,2018-10-07T02:00:00.0000000Z,2,8.0
1105,513.06428266,517.32448523,513.06428266,516.91596354,2018-10-07T03:52:04.5130000Z,2018-10-07T03:00:02.5600000Z,2018-10-07T04:00:00.0000000Z,2018-10-07T03:00:00.0000000Z,5,3.24390135
1106,513.9976,513.9976,510.16936457,513.99759955,2018-10-07T04:55:56.9200000Z,2018-10-07T04:47:56.0770000Z,2018-10-07T05:00:00.0000000Z,2018-10-07T04:00:00.0000000Z,25,152.43487359
1107,515.59735259,515.59735259,515.59735259,515.59735259,2018-10-07T05:58:39.4070000Z,2018-10-07T05:45:23.9900000Z,2018-10-07T06:00:00.0000000Z,2018-10-07T05:00:00.0000000Z,45,73.16055437
1108,510.414,510.414,510.41396251,510.41396251,2018-10-07T07:45:58.4370000Z,2018-10-07T07:18:51.7330000Z,2018-10-07T08:00:00.0000000Z,2018-10-07T07:00:00.0000000Z,2,0.42233988
1109,509.23500238,509.23500238,508.86486206,508.86486206,2018-10-07T08:46:45.8300000Z,2018-10-07T08:08:11.0900000Z,2018-10-07T09:00:00.0000000Z,2018-10-07T08:00:00.0000000Z,2,0.19616287000000002
1110,509.23500238,509.23500238,509.23500238,509.23500238,2018-10-07T09:00:07.7600000Z,2018-10-07T09:00:07.7600000Z,2018-10-07T10:00:00.0000000Z,2018-10-07T09:00:00.0000000Z,1,0.006
1111,512.99667307,512.99667307,509.23500238,509.23500238,2018-10-07T10:25:16.1330000Z,2018-10-07T10:00:05.9570000Z,2018-10-07T11:00:00.0000000Z,2018-10-07T10:00:00.0000000Z,4,0.131
1112,509.4,511.37990445,509.4,511.37990445,2018-10-07T11:50:00.5400000Z,2018-10-07T11:00:04.1170000Z,2018-10-07T12:00:00.0000000Z,2018-10-07T11:00:00.0000000Z,2,1.071
1113,515.0,515.0,512.30321663,512.30321663,2018-10-07T13:35:22.7700000Z,2018-10-07T13:00:08.7530000Z,2018-10-07T14:00:00.0000000Z,2018-10-07T13:00:00.0000000Z,24,17.79327948
1114,516.0,517.4252002,512.85806613,517.0,2018-10-07T14:56:57.6930000Z,2018-10-07T14:03:40.8500000Z,2018-10-07T15:00:00.0000000Z,2018-10-07T14:00:00.0000000Z,13,14.42404708
1115,516.0,518.01768412,513.55509575,516.16,2018-10-07T16:48:29.6900000Z,2018-10-07T16:08:05.2100000Z,2018-10-07T17:00:00.0000000Z,2018-10-07T16:00:00.0000000Z,6,1.20179506
1116,519.95578701,519.95579436,517.0,517.0,2018-10-07T17:53:25.0530000Z,2018-10-07T17:39:23.5900000Z,2018-10-07T18:00:00.0000000Z,2018-10-07T17:00:00.0000000Z,5,1.03808237
1117,520.0,520.0,520.0,520.0,2018-10-07T18:30:09.8030000Z,2018-10-07T18:22:31.6370000Z,2018-10-07T19:00:00.0000000Z,2018-10-07T18:00:00.0000000Z,5,0.68792255
1118,517.74757909,519.65453196,517.74757909,519.65453196,2018-10-07T19:56:18.0670000Z,2018-10-07T19:00:06.6100000Z,2018-10-07T20:00:00.0000000Z,2018-10-07T19:00:00.0000000Z,6,1.09820031
1119,517.1641108,517.1641108,517.1641108,517.1641108,2018-10-07T20:50:19.3700000Z,2018-10-07T20:50:19.3700000Z,2018-10-07T21:00:00.0000000Z,2018-10-07T20:00:00.0000000Z,1,0.01928788
1120,519.39344116,519.39344116,515.0,517.16410988,2018-10-07T21:40:31.2900000Z,2018-10-07T21:00:05.6570000Z,2018-10-07T22:00:00.0000000Z,2018-10-07T21:00:00.0000000Z,11,5.5699746999999995
1121,523.24957012,525.0,515.04879328,515.04879329,2018-10-07T23:46:55.0170000Z,2018-10-07T23:28:00.5470000Z,2018-10-08T00:00:00.0000000Z,2018-10-07T23:00:00.0000000Z,12,11.98924567
1122,523.0,523.0,523.0,523.0,2018-10-08T00:28:34.9300000Z,2018-10-08T00:28:34.9300000Z,2018-10-08T01:00:00.0000000Z,2018-10-08T00:00:00.0000000Z,1,0.09742004
1123,523.0,525.62,523.0,525.0,2018-10-08T01:51:25.4330000Z,2018-10-08T01:19:11.4400000Z,2018-10-08T02:00:00.0000000Z,2018-10-08T01:00:00.0000000Z,16,24.6633917
1124,523.0,524.29483229,520.19709705,524.29483229,2018-10-08T02:33:02.7200000Z,2018-10-08T02:00:09.1030000Z,2018-10-08T03:00:00.0000000Z,2018-10-08T02:00:00.0000000Z,5,11.6566554
1125,520.41509838,520.41509838,520.41509838,520.41509838,2018-10-08T03:37:42.5870000Z,2018-10-08T03:37:42.5870000Z,2018-10-08T04:00:00.0000000Z,2018-10-08T03:00:00.0000000Z,1,0.06318138
1126,523.0,523.0,523.0,523.0,2018-10-08T04:01:59.2000000Z,2018-10-08T04:01:59.2000000Z,2018-10-08T05:00:00.0000000Z,2018-10-08T04:00:00.0000000Z,1,0.01029924
1127,519.85144514,523.0,519.85144514,523.0,2018-10-08T05:45:02.9770000Z,2018-10-08T05:07:29.3900000Z,2018-10-08T06:00:00.0000000Z,2018-10-08T05:00:00.0000000Z,9,14.0750613
1128,519.85144514,522.34579489,519.85144514,522.34579489,2018-10-08T06:07:45.2200000Z,2018-10-08T06:00:06.6430000Z,2018-10-08T07:00:00.0000000Z,2018-10-08T06:00:00.0000000Z,2,0.06511343
1129,519.85144514,519.85144514,519.85144514,519.85144514,2018-10-08T07:47:43.7800000Z,2018-10-08T07:26:20.4700000Z,2018-10-08T08:00:00.0000000Z,2018-10-08T07:00:00.0000000Z,2,0.01243055
1130,522.41608852,522.41608852,522.41608852,522.41608852,2018-10-08T08:00:03.8800000Z,2018-10-08T08:00:03.8800000Z,2018-10-08T09:00:00.0000000Z,2018-10-08T08:00:00.0000000Z,1,0.043000000000000003
1131,524.12759969,524.12759969,520.00000001,521.00000001,2018-10-08T09:47:28.6470000Z,2018-10-08T09:04:47.2100000Z,2018-10-08T10:00:00.0000000Z,2018-10-08T09:00:00.0000000Z,6,9.739272249999999
1132,522.60664674,523.80188766,521.0,523.80188766,2018-10-08T10:55:15.1100000Z,2018-10-08T10:03:10.3470000Z,2018-10-08T11:00:00.0000000Z,2018-10-08T10:00:00.0000000Z,5,17.31973232
1133,521.29917102,525.889,521.29580891,524.09,2018-10-08T11:59:34.3000000Z,2018-10-08T11:01:01.4330000Z,2018-10-08T12:00:00.0000000Z,2018-10-08T11:00:00.0000000Z,12,17.83333789
1134,527.51624207,533.68,524.00000025,524.00000025,2018-10-08T12:54:46.8770000Z,2018-10-08T12:05:31.2630000Z,2018-10-08T13:00:00.0000000Z,2018-10-08T12:00:00.0000000Z,39,59.37567475
1135,530.10827814,533.67999999,526.01822593,530.83130375,2018-10-08T13:59:16.4570000Z,2018-10-08T13:00:06.0400000Z,2018-10-08T14:00:00.0000000Z,2018-10-08T13:00:00.0000000Z,11,3.5263879
1136,526.50193642,526.50193642,526.50193642,526.50193642,2018-10-08T14:27:48.5870000Z,2018-10-08T14:27:39.0230000Z,2018-10-08T15:00:00.0000000Z,2018-10-08T14:00:00.0000000Z,2,0.47989915
1137,529.05701348,530.99,527.0,527.00000004,2018-10-08T15:37:57.0400000Z,2018-10-08T15:00:05.9400000Z,2018-10-08T16:00:00.0000000Z,2018-10-08T15:00:00.0000000Z,9,11.21621519
1138,526.61204772,530.991,526.61204772,530.991,2018-10-08T16:58:03.9470000Z,2018-10-08T16:00:05.5170000Z,2018-10-08T17:00:00.0000000Z,2018-10-08T16:00:00.0000000Z,7,1.69043187
1139,530.721,530.721,530.62,530.62,2018-10-08T17:49:31.8330000Z,2018-10-08T17:49:31.8330000Z,2018-10-08T18:00:00.0000000Z,2018-10-08T17:00:00.0000000Z,2,0.04
1140,532.357,534.899,529.09956262,530.721,2018-10-08T18:35:50.1500000Z,2018-10-08T18:04:45.6700000Z,2018-10-08T19:00:00.0000000Z,2018-10-08T18:00:00.0000000Z,79,3.09802487
1141,535.0,535.0,531.0,531.0,2018-10-08T19:57:47.7600000Z,2018-10-08T19:03:55.5570000Z,2018-10-08T20:00:00.0000000Z,2018-10-08T19:00:00.0000000Z,20,7.35450045
1142,531.17083039,535.0,531.03141788,532.21710302,2018-10-08T20:50:23.0300000Z,2018-10-08T20:00:06.5300000Z,2018-10-08T21:00:00.0000000Z,2018-10-08T20:00:00.0000000Z,7,10.69666883
1143,532.00000074,532.00000074,531.43969682,531.43969682,2018-10-08T21:26:05.2670000Z,2018-10-08T21:00:06.1230000Z,2018-10-08T22:00:00.0000000Z,2018-10-08T21:00:00.0000000Z,2,0.0760173
1144,533.633,533.633,529.53587789,532.0,2018-10-08T22:46:31.2670000Z,2018-10-08T22:04:32.1300000Z,2018-10-08T23:00:00.0000000Z,2018-10-08T22:00:00.0000000Z,14,25.74682546
1145,529.53588439,531.0,529.53588439,531.0,2018-10-08T23:33:22.5530000Z,2018-10-08T23:08:13.8630000Z,2018-10-09T00:00:00.0000000Z,2018-10-08T23:00:00.0000000Z,4,4.71323631
1146,529.53587787,532.48823696,529.53587787,532.48823696,2018-10-09T00:55:08.8970000Z,2018-10-09T00:39:19.3330000Z,2018-10-09T01:00:00.0000000Z,2018-10-09T00:00:00.0000000Z,2,0.27494516
1147,526.0182318,529.08399202,526.0182318,527.57599083,2018-10-09T01:47:31.3900000Z,2018-10-09T01:08:40.0000000Z,2018-10-09T02:00:00.0000000Z,2018-10-09T01:00:00.0000000Z,5,2.10940151
1148,526.01822593,527.5,526.01822593,526.60520464,2018-10-09T02:45:04.4200000Z,2018-10-09T02:02:59.3430000Z,2018-10-09T03:00:00.0000000Z,2018-10-09T02:00:00.0000000Z,14,69.48886248
1149,526.01822593,526.01822593,526.01822593,526.01822593,2018-10-09T03:43:16.1000000Z,2018-10-09T03:41:45.2070000Z,2018-10-09T04:00:00.0000000Z,2018-10-09T03:00:00.0000000Z,2,2.51
1150,528.747569,528.747569,528.747569,528.747569,2018-10-09T05:00:04.8700000Z,2018-10-09T05:00:04.8700000Z,2018-10-09T06:00:00.0000000Z,2018-10-09T05:00:00.0000000Z,1,0.046
1151,525.99448398,526.01823,525.99448398,526.01822595,2018-10-09T06:57:16.7970000Z,2018-10-09T06:22:25.4530000Z,2018-10-09T07:00:00.0000000Z,2018-10-09T06:00:00.0000000Z,11,22.287
1152,528.42121859,528.42121859,525.79531728,528.07221262,2018-10-09T07:41:24.8770000Z,2018-10-09T07:00:06.6770000Z,2018-10-09T08:00:00.0000000Z,2018-10-09T07:00:00.0000000Z,3,4.81681606
1153,522.5432582,528.0,520.98896796,528.0,2018-10-09T08:41:20.8530000Z,2018-10-09T08:05:13.6800000Z,2018-10-09T09:00:00.0000000Z,2018-10-09T08:00:00.0000000Z,36,30.20940754
1154,524.81920671,524.81920671,520.29667069,524.57510624,2018-10-09T09:59:44.3970000Z,2018-10-09T09:00:02.2300000Z,2018-10-09T10:00:00.0000000Z,2018-10-09T09:00:00.0000000Z,4,3.60848616
1155,522.22785547,525.22785547,522.22785547,525.22785547,2018-10-09T10:34:27.9870000Z,2018-10-09T10:23:37.3100000Z,2018-10-09T11:00:00.0000000Z,2018-10-09T10:00:00.0000000Z,3,1.86538509
1156,522.22785547,522.22785547,522.22785547,522.22785547,2018-10-09T11:47:52.7430000Z,2018-10-09T11:33:47.7370000Z,2018-10-09T12:00:00.0000000Z,2018-10-09T11:00:00.0000000Z,2,10.6196934
1157,519.74491653,522.22786,518.0,522.22786,2018-10-09T12:59:57.7770000Z,2018-10-09T12:04:16.3330000Z,2018-10-09T13:00:00.0000000Z,2018-10-09T12:00:00.0000000Z,32,26.90828949
1158,519.34609455,519.74491653,516.8000001,519.74491653,2018-10-09T13:58:55.6900000Z,2018-10-09T13:00:03.1830000Z,2018-10-09T14:00:00.0000000Z,2018-10-09T13:00:00.0000000Z,10,1.9664692700000002
1159,521.18072029,521.18072029,518.0,518.0,2018-10-09T14:56:03.1930000Z,2018-10-09T14:22:29.9200000Z,2018-10-09T15:00:00.0000000Z,2018-10-09T14:00:00.0000000Z,6,1.77413127
1160,518.1,522.19285817,518.1,521.07996662,2018-10-09T15:46:51.3930000Z,2018-10-09T15:00:04.0330000Z,2018-10-09T16:00:00.0000000Z,2018-10-09T15:00:00.0000000Z,12,15.20617647
1161,518.1,521.41188753,518.1,518.11000001,2018-10-09T16:56:50.8000000Z,2018-10-09T16:04:48.0170000Z,2018-10-09T17:00:00.0000000Z,2018-10-09T16:00:00.0000000Z,13,4.80481498
1162,521.18027146,521.18027146,521.18027146,521.18027146,2018-10-09T17:45:16.4800000Z,2018-10-09T17:26:02.6070000Z,2018-10-09T18:00:00.0000000Z,2018-10-09T17:00:00.0000000Z,7,9.43658154
1163,521.24,521.24,521.22,521.22,2018-10-09T18:59:05.8130000Z,2018-10-09T18:33:59.7530000Z,2018-10-09T19:00:00.0000000Z,2018-10-09T18:00:00.0000000Z,18,0.23281871
1164,521.45,521.45,521.45,521.45,2018-10-09T19:59:39.1100000Z,2018-10-09T19:00:07.4400000Z,2018-10-09T20:00:00.0000000Z,2018-10-09T19:00:00.0000000Z,3,0.07760029
1165,517.10468811,521.18027146,517.00022604,521.18027146,2018-10-09T20:43:55.8330000Z,2018-10-09T20:05:52.7770000Z,2018-10-09T21:00:00.0000000Z,2018-10-09T20:00:00.0000000Z,15,10.28336847
1166,520.16,520.39850105,519.00001533,520.17671887,2018-10-09T21:39:04.0530000Z,2018-10-09T21:00:03.7670000Z,2018-10-09T22:00:00.0000000Z,2018-10-09T21:00:00.0000000Z,20,2.1589215
1167,520.39850105,520.39850105,520.39850105,520.39850105,2018-10-09T22:00:04.2470000Z,2018-10-09T22:00:04.2470000Z,2018-10-09T23:00:00.0000000Z,2018-10-09T22:00:00.0000000Z,1,0.01
1168,518.10136844,522.1851232,518.10136844,520.39850105,2018-10-09T23:40:00.5500000Z,2018-10-09T23:01:55.5130000Z,2018-10-10T00:00:00.0000000Z,2018-10-09T23:00:00.0000000Z,3,0.09544002
1169,517.90000001,521.9,517.90000001,521.83561577,2018-10-10T00:37:27.8630000Z,2018-10-10T00:11:58.5100000Z,2018-10-10T01:00:00.0000000Z,2018-10-10T00:00:00.0000000Z,5,3.57758967
1170,517.0,521.27129923,517.0,521.27129923,2018-10-10T01:57:51.1800000Z,2018-10-10T01:00:03.2670000Z,2018-10-10T02:00:00.0000000Z,2018-10-10T01:00:00.0000000Z,17,60.007
1171,514.1,517.99999999,513.90000005,517.99999999,2018-10-10T03:33:46.2530000Z,2018-10-10T03:11:46.3900000Z,2018-10-10T04:00:00.0000000Z,2018-10-10T03:00:00.0000000Z,21,30.65067566
1172,513.333999,514.5,513.333999,514.5,2018-10-10T04:59:35.7300000Z,2018-10-10T04:02:17.4100000Z,2018-10-10T05:00:00.0000000Z,2018-10-10T04:00:00.0000000Z,7,7.27788522
1173,511.00000001,513.333999,511.0,513.333999,2018-10-10T05:42:49.3800000Z,2018-10-10T05:07:17.8200000Z,2018-10-10T06:00:00.0000000Z,2018-10-10T05:00:00.0000000Z,24,25.38564142
1174,513.75806676,513.75806676,511.0,513.73978301,2018-10-10T06:54:10.8730000Z,2018-10-10T06:00:03.1730000Z,2018-10-10T07:00:00.0000000Z,2018-10-10T06:00:00.0000000Z,17,49.33341805
1175,513.758,515.8887371,513.758,513.75806676,2018-10-10T07:49:03.6100000Z,2018-10-10T07:11:21.3270000Z,2018-10-10T08:00:00.0000000Z,2018-10-10T07:00:00.0000000Z,11,8.22554517
1176,514.42262022,514.42262022,512.00000002,513.758,2018-10-10T08:36:12.7270000Z,2018-10-10T08:00:03.4570000Z,2018-10-10T09:00:00.0000000Z,2018-10-10T08:00:00.0000000Z,8,3.93492403
1177,515.22,516.44389749,513.42,516.44389749,2018-10-10T09:50:21.9930000Z,2018-10-10T09:18:05.5200000Z,2018-10-10T10:00:00.0000000Z,2018-10-10T09:00:00.0000000Z,13,3.20480331
1178,517.54567413,517.54567413,512.81819637,512.81819637,2018-10-10T10:34:34.7400000Z,2018-10-10T10:05:50.3800000Z,2018-10-10T11:00:00.0000000Z,2018-10-10T10:00:00.0000000Z,9,5.04845649
1179,516.35523702,517.46025783,516.35523702,517.46025783,2018-10-10T13:51:01.7370000Z,2018-10-10T13:00:02.4770000Z,2018-10-10T14:00:00.0000000Z,2018-10-10T13:00:00.0000000Z,3,0.11659048
1180,515.0,515.22000003,515.0,515.22000003,2018-10-10T14:55:31.7070000Z,2018-10-10T14:19:53.5830000Z,2018-10-10T15:00:00.0000000Z,2018-10-10T14:00:00.0000000Z,10,5.69866309
1181,510.718,515.0,510.718,515.0,2018-10-10T15:59:37.1430000Z,2018-10-10T15:02:21.5630000Z,2018-10-10T16:00:00.0000000Z,2018-10-10T15:00:00.0000000Z,97,14.87916751
1182,511.30816142,511.30816142,510.49082562,510.71705382,2018-10-10T16:55:29.3870000Z,2018-10-10T16:00:02.9900000Z,2018-10-10T17:00:00.0000000Z,2018-10-10T16:00:00.0000000Z,7,2.03394001
1183,514.56164857,514.56164857,510.62353728,510.62353728,2018-10-10T17:50:23.7470000Z,2018-10-10T17:13:50.5130000Z,2018-10-10T18:00:00.0000000Z,2018-10-10T17:00:00.0000000Z,8,1.95030887
1184,520.63027146,520.63027146,512.64280881,516.3406627,2018-10-10T18:56:01.9130000Z,2018-10-10T18:00:02.9830000Z,2018-10-10T19:00:00.0000000Z,2018-10-10T18:00:00.0000000Z,36,56.35774789
1185,520.61636807,520.61636807,520.61636807,520.61636807,2018-10-10T19:21:51.7530000Z,2018-10-10T19:21:51.7530000Z,2018-10-10T20:00:00.0000000Z,2018-10-10T19:00:00.0000000Z,1,0.0724769
1186,521.89941416,521.89941416,515.5,518.0,2018-10-10T20:55:08.2630000Z,2018-10-10T20:01:44.7170000Z,2018-10-10T21:00:00.0000000Z,2018-10-10T20:00:00.0000000Z,29,102.24221673
1187,517.57857,520.1033749,517.57857,520.1033749,2018-10-10T21:42:30.5030000Z,2018-10-10T21:00:03.2730000Z,2018-10-10T22:00:00.0000000Z,2018-10-10T21:00:00.0000000Z,3,0.29947917
1188,516.72450582,516.72450582,515.33349808,515.33349808,2018-10-10T22:59:37.2000000Z,2018-10-10T22:11:39.5100000Z,2018-10-10T23:00:00.0000000Z,2018-10-10T22:00:00.0000000Z,3,1.127
1189,516.72450582,516.72450582,515.33349106,516.72450582,2018-10-10T23:44:29.7870000Z,2018-10-10T23:11:19.3030000Z,2018-10-11T00:00:00.0000000Z,2018-10-10T23:00:00.0000000Z,20,24.28962431
1190,488.33279993,515.33349105,482.13835745,515.33349105,2018-10-11T00:59:33.6970000Z,2018-10-11T00:15:17.0570000Z,2018-10-11T01:00:00.0000000Z,2018-10-11T00:00:00.0000000Z,307,329.67997632
1191,472.45611454,485.0,452.71158899,485.0,2018-10-11T01:56:22.2300000Z,2018-10-11T01:00:15.4000000Z,2018-10-11T02:00:00.0000000Z,2018-10-11T01:00:00.0000000Z,747,1019.03614174
1192,457.63496805,467.45611454,456.01,467.45611454,2018-10-11T02:57:44.4770000Z,2018-10-11T02:00:52.7100000Z,2018-10-11T03:00:00.0000000Z,2018-10-11T02:00:00.0000000Z,85,77.75078699
1193,461.0,463.9999255,459.0,462.97826906,2018-10-11T03:58:53.7270000Z,2018-10-11T03:07:55.1830000Z,2018-10-11T04:00:00.0000000Z,2018-10-11T03:00:00.0000000Z,133,44.86301178
1194,464.00688497,464.63574931,460.0,463.19987162,2018-10-11T04:56:59.8930000Z,2018-10-11T04:00:10.6830000Z,2018-10-11T05:00:00.0000000Z,2018-10-11T04:00:00.0000000Z,36,19.02110498
1195,455.65300011,465.48854579,455.65300011,464.00682486,2018-10-11T05:55:12.1200000Z,2018-10-11T05:00:04.7270000Z,2018-10-11T06:00:00.0000000Z,2018-10-11T05:00:00.0000000Z,82,226.15214235
1196,451.99999999,457.45572501,444.88799999,455.65300011,2018-10-11T06:57:01.1330000Z,2018-10-11T06:00:04.6130000Z,2018-10-11T07:00:00.0000000Z,2018-10-11T06:00:00.0000000Z,112,145.02217665
1197,452.0,452.0,448.43961896,450.32,2018-10-11T07:59:14.1230000Z,2018-10-11T07:00:04.6730000Z,2018-10-11T08:00:00.0000000Z,2018-10-11T07:00:00.0000000Z,33,103.94419398
1198,453.0,456.48981061,452.0,452.0,2018-10-11T08:48:47.8670000Z,2018-10-11T08:00:47.8300000Z,2018-10-11T09:00:00.0000000Z,2018-10-11T08:00:00.0000000Z,17,13.22579899
1199,450.54954928,454.05634472,450.21109443,454.05634472,2018-10-11T09:59:04.6730000Z,2018-10-11T09:00:09.8530000Z,2018-10-11T10:00:00.0000000Z,2018-10-11T09:00:00.0000000Z,33,18.12315618
1200,450.96038818,454.55210772,450.96038818,452.0,2018-10-11T10:51:25.8100000Z,2018-10-11T10:00:07.1300000Z,2018-10-11T11:00:00.0000000Z,2018-10-11T10:00:00.0000000Z,32,25.56994466
1201,449.832841,452.87904487,449.832841,450.96100001,2018-10-11T11:59:00.2070000Z,2018-10-11T11:17:13.9000000Z,2018-10-11T12:00:00.0000000Z,2018-10-11T11:00:00.0000000Z,25,31.74195223
1202,451.83071987,452.95542629,450.28342297,450.28342297,2018-10-11T12:38:35.5700000Z,2018-10-11T12:00:08.5070000Z,2018-10-11T13:00:00.0000000Z,2018-10-11T12:00:00.0000000Z,18,9.58749009
1203,453.0,453.0,442.0,451.14786,2018-10-11T13:54:43.8400000Z,2018-10-11T13:00:05.5900000Z,2018-10-11T14:00:00.0000000Z,2018-10-11T13:00:00.0000000Z,42,14.6669295
1204,453.52782152,455.0,451.08842062,451.37571646,2018-10-11T14:42:27.4830000Z,2018-10-11T14:00:08.1930000Z,2018-10-11T15:00:00.0000000Z,2018-10-11T14:00:00.0000000Z,10,7.40281486
1205,452.87626825,453.5,451.4,453.5,2018-10-11T15:34:49.5700000Z,2018-10-11T15:00:08.5600000Z,2018-10-11T16:00:00.0000000Z,2018-10-11T15:00:00.0000000Z,17,17.72565029
1206,451.2,453.5,451.2,453.5,2018-10-11T16:35:42.4730000Z,2018-10-11T16:20:34.5200000Z,2018-10-11T17:00:00.0000000Z,2018-10-11T16:00:00.0000000Z,6,7.99085688
1207,451.63992135,451.63992135,451.0,451.5,2018-10-11T17:58:25.4000000Z,2018-10-11T17:49:04.3500000Z,2018-10-11T18:00:00.0000000Z,2018-10-11T17:00:00.0000000Z,5,1.3375434099999999
1208,448.0000013,452.42319911,448.0000013,451.57966932,2018-10-11T18:59:03.7500000Z,2018-10-11T18:00:20.7930000Z,2018-10-11T19:00:00.0000000Z,2018-10-11T18:00:00.0000000Z,20,4.06592166
1209,450.43487867,450.6859291,450.43487867,450.6859291,2018-10-11T19:59:19.0170000Z,2018-10-11T19:00:56.8800000Z,2018-10-11T20:00:00.0000000Z,2018-10-11T19:00:00.0000000Z,6,2.66924805
1210,447.63,449.0,446.0,449.0,2018-10-11T20:46:04.3930000Z,2018-10-11T20:13:04.3230000Z,2018-10-11T21:00:00.0000000Z,2018-10-11T20:00:00.0000000Z,40,23.79631718
1211,450.5,450.5,446.0,450.15370225,2018-10-11T21:55:41.7030000Z,2018-10-11T21:00:08.4800000Z,2018-10-11T22:00:00.0000000Z,2018-10-11T21:00:00.0000000Z,10,2.99924076
1212,446.0,449.0,446.0,448.9,2018-10-11T22:42:19.4930000Z,2018-10-11T22:00:08.7270000Z,2018-10-11T23:00:00.0000000Z,2018-10-11T22:00:00.0000000Z,17,26.7344662
1213,434.0,445.0,430.0,445.0,2018-10-11T23:58:33.9400000Z,2018-10-11T23:18:18.3070000Z,2018-10-12T00:00:00.0000000Z,2018-10-11T23:00:00.0000000Z,125,106.97169793
1214,433.88251163,435.99416251,430.0,434.83196331,2018-10-12T00:54:51.5570000Z,2018-10-12T00:00:56.0230000Z,2018-10-12T01:00:00.0000000Z,2018-10-12T00:00:00.0000000Z,18,14.81795984
1215,438.00000001,438.00000001,435.83377939,435.9341996,2018-10-12T01:57:46.2270000Z,2018-10-12T01:06:56.4970000Z,2018-10-12T02:00:00.0000000Z,2018-10-12T01:00:00.0000000Z,10,3.93337408
1216,439.14764658,439.14764659,438.0,438.0,2018-10-12T02:48:47.6770000Z,2018-10-12T02:18:24.3230000Z,2018-10-12T03:00:00.0000000Z,2018-10-12T02:00:00.0000000Z,15,5.9576755200000004
1217,441.94695663,442.8883,437.16438105,440.35268918,2018-10-12T03:59:02.4100000Z,2018-10-12T03:01:14.0130000Z,2018-10-12T04:00:00.0000000Z,2018-10-12T03:00:00.0000000Z,10,0.58595956
1218,442.4768194,442.4768194,442.4768194,442.4768194,2018-10-12T04:53:15.0730000Z,2018-10-12T04:50:49.6000000Z,2018-10-12T05:00:00.0000000Z,2018-10-12T04:00:00.0000000Z,5,5.47267338
1219,450.36712368,450.36712368,442.70381321,442.70381321,2018-10-12T05:58:33.1400000Z,2018-10-12T05:01:24.3870000Z,2018-10-12T06:00:00.0000000Z,2018-10-12T05:00:00.0000000Z,6,1.63355467
1220,454.0,456.48981063,449.999,450.36712368,2018-10-12T06:36:34.0300000Z,2018-10-12T06:02:30.4100000Z,2018-10-12T07:00:00.0000000Z,2018-10-12T06:00:00.0000000Z,34,12.44934756
1221,454.893529,459.92379884,454.33893676,456.4,2018-10-12T07:45:43.2300000Z,2018-10-12T07:09:42.4770000Z,2018-10-12T08:00:00.0000000Z,2018-10-12T07:00:00.0000000Z,30,59.82688135
1222,450.0,451.27283456,450.0,451.18803048,2018-10-12T08:39:41.8700000Z,2018-10-12T08:19:26.1470000Z,2018-10-12T09:00:00.0000000Z,2018-10-12T08:00:00.0000000Z,8,4.11641176
1223,451.88092995,451.88092995,450.0,450.38964,2018-10-12T09:40:18.8200000Z,2018-10-12T09:00:03.6230000Z,2018-10-12T10:00:00.0000000Z,2018-10-12T09:00:00.0000000Z,11,6.78670615
1224,448.12304921,448.12304921,448.12304921,448.12304921,2018-10-12T10:05:47.8800000Z,2018-10-12T10:05:47.8800000Z,2018-10-12T11:00:00.0000000Z,2018-10-12T10:00:00.0000000Z,1,0.22550581
1225,446.73713571,450.79285227,446.07669056,450.57546717,2018-10-12T11:58:47.9400000Z,2018-10-12T11:00:08.5230000Z,2018-10-12T12:00:00.0000000Z,2018-10-12T11:00:00.0000000Z,7,2.71422016
1226,451.459,451.45916503,450.62566584,450.62566584,2018-10-12T12:34:35.3900000Z,2018-10-12T12:00:08.8300000Z,2018-10-12T13:00:00.0000000Z,2018-10-12T12:00:00.0000000Z,5,23.94501427
1227,450.0,450.99999999,448.28521078,448.28521078,2018-10-12T13:59:59.6630000Z,2018-10-12T13:19:42.0030000Z,2018-10-12T14:00:00.0000000Z,2018-10-12T13:00:00.0000000Z,4,6.14429876
1228,451.41899692,451.41899692,446.94035516,446.94035516,2018-10-12T14:14:51.2530000Z,2018-10-12T14:00:04.8200000Z,2018-10-12T15:00:00.0000000Z,2018-10-12T14:00:00.0000000Z,4,0.12503151
1229,451.318,451.318,447.05542234,450.68592935,2018-10-12T15:51:02.7000000Z,2018-10-12T15:02:21.9300000Z,2018-10-12T16:00:00.0000000Z,2018-10-12T15:00:00.0000000Z,6,1.1711003500000001
1230,451.3,451.3,451.3,451.3,2018-10-12T16:42:12.0230000Z,2018-10-12T16:42:12.0230000Z,2018-10-12T17:00:00.0000000Z,2018-10-12T16:00:00.0000000Z,1,0.48770675
1231,445.8179581,449.0,445.8179581,449.0,2018-10-12T17:54:12.9170000Z,2018-10-12T17:17:00.6000000Z,2018-10-12T18:00:00.0000000Z,2018-10-12T17:00:00.0000000Z,5,3.98784038
1232,444.22200002,447.64319686,444.00000028,447.0,2018-10-12T18:50:45.3900000Z,2018-10-12T18:12:29.9500000Z,2018-10-12T19:00:00.0000000Z,2018-10-12T18:00:00.0000000Z,12,30.87769724
1233,446.34465781,446.34465781,446.34465781,446.34465781,2018-10-12T19:29:08.9730000Z,2018-10-12T19:29:08.9730000Z,2018-10-12T20:00:00.0000000Z,2018-10-12T19:00:00.0000000Z,1,3.18584802
1234,447.2989376,448.93272331,447.2989376,448.93272331,2018-10-12T20:39:05.5970000Z,2018-10-12T20:05:41.6170000Z,2018-10-12T21:00:00.0000000Z,2018-10-12T20:00:00.0000000Z,5,1.74566704
1235,446.26101005,446.9757598,446.26101005,446.9757598,2018-10-12T21:28:16.3070000Z,2018-10-12T21:24:34.3800000Z,2018-10-12T22:00:00.0000000Z,2018-10-12T21:00:00.0000000Z,2,0.72798251
1236,443.83898096,444.22200002,442.85980277,444.22200002,2018-10-12T22:59:04.8900000Z,2018-10-12T22:31:20.8870000Z,2018-10-12T23:00:00.0000000Z,2018-10-12T22:00:00.0000000Z,5,5.00384011
1237,452.0717171,452.0717171,446.0,446.0,2018-10-13T00:42:59.2230000Z,2018-10-13T00:08:47.2430000Z,2018-10-13T01:00:00.0000000Z,2018-10-13T00:00:00.0000000Z,11,18.02171909
1238,448.30996358,451.99138832,448.28996566,451.99138832,2018-10-13T02:53:49.2670000Z,2018-10-13T02:37:08.5330000Z,2018-10-13T03:00:00.0000000Z,2018-10-13T02:00:00.0000000Z,5,0.51409161
1239,449.91269374,449.91269374,445.79609947,447.73372139,2018-10-13T03:52:34.8100000Z,2018-10-13T03:36:51.3600000Z,2018-10-13T04:00:00.0000000Z,2018-10-13T03:00:00.0000000Z,3,12.26668567
1240,449.05698484,450.5,448.14085028,448.14085028,2018-10-13T04:56:28.9530000Z,2018-10-13T04:24:28.7700000Z,2018-10-13T05:00:00.0000000Z,2018-10-13T04:00:00.0000000Z,6,0.93491365
1241,451.99999999,451.99999999,451.51938986,451.51938986,2018-10-13T05:18:00.5200000Z,2018-10-13T05:18:00.5200000Z,2018-10-13T06:00:00.0000000Z,2018-10-13T05:00:00.0000000Z,2,1.33656
1242,447.21497523,450.82649406,447.21497523,450.50249569,2018-10-13T06:27:45.3770000Z,2018-10-13T06:17:02.6200000Z,2018-10-13T07:00:00.0000000Z,2018-10-13T06:00:00.0000000Z,12,4.59359118
1243,451.10758068,451.10758068,451.10758068,451.10758068,2018-10-13T07:00:10.4930000Z,2018-10-13T07:00:10.4930000Z,2018-10-13T08:00:00.0000000Z,2018-10-13T07:00:00.0000000Z,1,0.008
1244,447.65291769,447.65291769,447.65291769,447.65291769,2018-10-13T08:51:32.5330000Z,2018-10-13T08:51:32.5330000Z,2018-10-13T09:00:00.0000000Z,2018-10-13T08:00:00.0000000Z,1,0.05581998
1245,450.62198931,450.62198931,448.0,448.0,2018-10-13T09:23:05.4000000Z,2018-10-13T09:21:32.5370000Z,2018-10-13T10:00:00.0000000Z,2018-10-13T09:00:00.0000000Z,2,0.07446682
1246,453.0,453.3771912,453.0,453.0,2018-10-13T10:56:42.1730000Z,2018-10-13T10:48:02.9530000Z,2018-10-13T11:00:00.0000000Z,2018-10-13T10:00:00.0000000Z,11,10.31022181
1247,450.0,452.36369546,450.0,450.8632188,2018-10-13T12:57:12.1800000Z,2018-10-13T12:41:53.8830000Z,2018-10-13T13:00:00.0000000Z,2018-10-13T12:00:00.0000000Z,8,2.45567235
1248,453.26672769,453.26672769,453.26672769,453.26672769,2018-10-13T13:00:07.1200000Z,2018-10-13T13:00:07.1200000Z,2018-10-13T14:00:00.0000000Z,2018-10-13T13:00:00.0000000Z,1,0.011
1249,450.46107079,451.93114009,450.0,450.0,2018-10-13T14:52:21.3630000Z,2018-10-13T14:08:01.9100000Z,2018-10-13T15:00:00.0000000Z,2018-10-13T14:00:00.0000000Z,3,2.58953385
1250,453.26672769,453.26672769,453.26672769,453.26672769,2018-10-13T15:07:33.9970000Z,2018-10-13T15:07:33.9970000Z,2018-10-13T16:00:00.0000000Z,2018-10-13T15:00:00.0000000Z,1,0.00217315
1251,450.0,450.0,450.0,450.0,2018-10-13T16:58:16.9570000Z,2018-10-13T16:58:16.9570000Z,2018-10-13T17:00:00.0000000Z,2018-10-13T16:00:00.0000000Z,1,0.11297657
1252,450.0,453.26672769,450.0,453.26672769,2018-10-13T17:50:51.4400000Z,2018-10-13T17:00:09.9270000Z,2018-10-13T18:00:00.0000000Z,2018-10-13T17:00:00.0000000Z,3,4.63837019
1253,450.0,450.0,450.0,450.0,2018-10-13T18:52:39.4370000Z,2018-10-13T18:25:02.0130000Z,2018-10-13T19:00:00.0000000Z,2018-10-13T18:00:00.0000000Z,5,2.2095832
1254,450.74618153,450.74618153,449.85244162,449.85244162,2018-10-13T19:46:32.7970000Z,2018-10-13T19:01:34.2630000Z,2018-10-13T20:00:00.0000000Z,2018-10-13T19:00:00.0000000Z,2,0.11186736
1255,447.21115538,450.20391237,447.21115538,450.16374428,2018-10-13T20:58:34.7870000Z,2018-10-13T20:14:56.8930000Z,2018-10-13T21:00:00.0000000Z,2018-10-13T20:00:00.0000000Z,7,1.79584351
1256,447.28840081,447.28840082,447.21115538,447.21115538,2018-10-13T21:40:22.8130000Z,2018-10-13T21:00:07.7430000Z,2018-10-13T22:00:00.0000000Z,2018-10-13T21:00:00.0000000Z,5,1.97000031
1257,456.54042779,457.99996948,447.28840102,447.28840102,2018-10-13T22:41:01.1700000Z,2018-10-13T22:00:03.3030000Z,2018-10-13T23:00:00.0000000Z,2018-10-13T22:00:00.0000000Z,40,128.80536301
1258,454.03600255,457.4727706,454.03600255,456.44042226,2018-10-13T23:06:32.5000000Z,2018-10-13T23:03:20.4300000Z,2018-10-14T00:00:00.0000000Z,2018-10-13T23:00:00.0000000Z,3,14.93958169
1259,454.03600255,454.03600255,454.0,454.0,2018-10-14T03:20:26.7770000Z,2018-10-14T03:20:26.7770000Z,2018-10-14T04:00:00.0000000Z,2018-10-14T03:00:00.0000000Z,2,0.06857335
1260,455.46999205,455.46999205,455.46999205,455.46999205,2018-10-14T04:58:17.5000000Z,2018-10-14T04:58:17.5000000Z,2018-10-14T05:00:00.0000000Z,2018-10-14T04:00:00.0000000Z,1,1.0
1261,455.0,455.0,455.0,455.0,2018-10-14T06:49:58.2570000Z,2018-10-14T06:49:58.2570000Z,2018-10-14T07:00:00.0000000Z,2018-10-14T06:00:00.0000000Z,1,2.3203744
1262,455.0,455.0,455.0,455.0,2018-10-14T07:54:41.3170000Z,2018-10-14T07:03:45.5300000Z,2018-10-14T08:00:00.0000000Z,2018-10-14T07:00:00.0000000Z,4,14.4396256
1263,449.7520214,453.12164474,446.6835,453.12164474,2018-10-14T09:59:03.3400000Z,2018-10-14T09:29:53.3800000Z,2018-10-14T10:00:00.0000000Z,2018-10-14T09:00:00.0000000Z,33,138.10894457
1264,449.7520214,449.7520214,449.7520214,449.7520214,2018-10-14T10:58:35.7400000Z,2018-10-14T10:58:35.7400000Z,2018-10-14T11:00:00.0000000Z,2018-10-14T10:00:00.0000000Z,1,0.11429003
1265,450.69596419,450.69596419,446.90605195,446.90605195,2018-10-14T11:37:12.2900000Z,2018-10-14T11:09:45.0100000Z,2018-10-14T12:00:00.0000000Z,2018-10-14T11:00:00.0000000Z,3,0.28554559
1266,449.0,450.23203154,447.0,450.23203154,2018-10-14T12:42:39.5630000Z,2018-10-14T12:39:47.3530000Z,2018-10-14T13:00:00.0000000Z,2018-10-14T12:00:00.0000000Z,39,237.60929204
1267,448.0,448.0,448.0,448.0,2018-10-14T13:27:26.4070000Z,2018-10-14T13:27:21.2030000Z,2018-10-14T14:00:00.0000000Z,2018-10-14T13:00:00.0000000Z,3,0.05199205
1268,452.87950581,452.87950581,451.45686726,452.4,2018-10-14T16:14:17.7930000Z,2018-10-14T16:09:03.6600000Z,2018-10-14T17:00:00.0000000Z,2018-10-14T16:00:00.0000000Z,9,2.74513308
1269,450.869344,454.36097363,450.869344,454.36097363,2018-10-14T17:35:11.9070000Z,2018-10-14T17:00:05.8730000Z,2018-10-14T18:00:00.0000000Z,2018-10-14T17:00:00.0000000Z,2,0.23600000000000002
1270,454.36097362,454.36097362,454.36097362,454.36097362,2018-10-14T19:00:46.6930000Z,2018-10-14T19:00:46.6930000Z,2018-10-14T20:00:00.0000000Z,2018-10-14T19:00:00.0000000Z,1,0.31792729999999997
1271,448.22051036,455.42576354,447.109,454.36097363,2018-10-14T20:56:11.1770000Z,2018-10-14T20:08:24.5930000Z,2018-10-14T21:00:00.0000000Z,2018-10-14T20:00:00.0000000Z,21,21.00858076
1272,450.47299962,450.47399999,450.47299962,450.47399999,2018-10-14T21:42:24.9670000Z,2018-10-14T21:21:32.5370000Z,2018-10-14T22:00:00.0000000Z,2018-10-14T21:00:00.0000000Z,2,0.05815385
1273,450.47299963,450.47299963,450.47299963,450.47299963,2018-10-14T22:03:20.5970000Z,2018-10-14T22:01:21.2670000Z,2018-10-14T23:00:00.0000000Z,2018-10-14T22:00:00.0000000Z,2,0.09429117000000001
1274,442.24519209,450.39683454,442.0,449.0,2018-10-14T23:53:06.4670000Z,2018-10-14T23:25:01.0100000Z,2018-10-15T00:00:00.0000000Z,2018-10-14T23:00:00.0000000Z,71,55.94560962
1275,445.12356573,445.12356573,436.47,441.0,2018-10-15T00:53:01.3830000Z,2018-10-15T00:15:12.0370000Z,2018-10-15T01:00:00.0000000Z,2018-10-15T00:00:00.0000000Z,24,10.81228874
1276,444.77503476,445.07377558,444.77503476,445.07377558,2018-10-15T01:37:19.1800000Z,2018-10-15T01:10:06.9100000Z,2018-10-15T02:00:00.0000000Z,2018-10-15T01:00:00.0000000Z,4,0.87186936
1277,444.77503476,444.874615,444.77503476,444.874615,2018-10-15T02:39:35.3200000Z,2018-10-15T02:01:32.5970000Z,2018-10-15T03:00:00.0000000Z,2018-10-15T02:00:00.0000000Z,6,4.98810818
1278,444.77503476,444.77503476,444.77503476,444.77503476,2018-10-15T03:46:57.3900000Z,2018-10-15T03:16:08.6800000Z,2018-10-15T04:00:00.0000000Z,2018-10-15T03:00:00.0000000Z,7,5.81962878
1279,474.0743698,487.8,447.78196243,447.78196243,2018-10-15T05:57:06.8570000Z,2018-10-15T05:01:14.8200000Z,2018-10-15T06:00:00.0000000Z,2018-10-15T05:00:00.0000000Z,213,129.44543029
1280,510.54243246,519.84,476.44601542,477.99994644,2018-10-15T06:59:58.5100000Z,2018-10-15T06:00:08.3900000Z,2018-10-15T07:00:00.0000000Z,2018-10-15T06:00:00.0000000Z,564,386.86482376
1281,477.33899957,515.0,477.33899957,510.54243275,2018-10-15T07:59:45.6600000Z,2018-10-15T07:00:42.1570000Z,2018-10-15T08:00:00.0000000Z,2018-10-15T07:00:00.0000000Z,236,501.9855706
1282,481.25,485.00000005,468.33970212,477.28010048,2018-10-15T08:57:23.3100000Z,2018-10-15T08:00:33.3630000Z,2018-10-15T09:00:00.0000000Z,2018-10-15T08:00:00.0000000Z,70,145.97990671
1283,480.0,480.85507019,473.0,478.054,2018-10-15T09:57:54.0530000Z,2018-10-15T09:00:48.4400000Z,2018-10-15T10:00:00.0000000Z,2018-10-15T09:00:00.0000000Z,69,173.42708233
1284,483.59515326,483.59515326,478.94853294,480.0,2018-10-15T10:54:56.2100000Z,2018-10-15T10:00:05.3370000Z,2018-10-15T11:00:00.0000000Z,2018-10-15T10:00:00.0000000Z,34,68.297993
1285,476.58978306,486.2348496,473.00001098,481.28271,2018-10-15T11:58:01.8830000Z,2018-10-15T11:02:54.9470000Z,2018-10-15T12:00:00.0000000Z,2018-10-15T11:00:00.0000000Z,64,13.93206665
1286,479.43300697,479.43300697,471.00000001,476.193764,2018-10-15T12:40:24.8630000Z,2018-10-15T12:01:24.9500000Z,2018-10-15T13:00:00.0000000Z,2018-10-15T12:00:00.0000000Z,32,14.73320508
1287,479.80799999,480.0,474.81695507,474.81695507,2018-10-15T13:58:34.5900000Z,2018-10-15T13:05:18.8100000Z,2018-10-15T14:00:00.0000000Z,2018-10-15T13:00:00.0000000Z,66,89.84591345
1288,476.08772351,479.99999999,474.0,475.6184757,2018-10-15T14:59:31.6230000Z,2018-10-15T14:03:37.3800000Z,2018-10-15T15:00:00.0000000Z,2018-10-15T14:00:00.0000000Z,39,18.56249089
1289,476.5,477.21236046,471.00000002,474.0,2018-10-15T15:59:46.8670000Z,2018-10-15T15:00:21.3100000Z,2018-10-15T16:00:00.0000000Z,2018-10-15T15:00:00.0000000Z,30,11.4370769
1290,476.44993315,480.80194426,476.0,476.5,2018-10-15T16:48:05.7370000Z,2018-10-15T16:05:19.3770000Z,2018-10-15T17:00:00.0000000Z,2018-10-15T16:00:00.0000000Z,33,52.62069197
1291,476.00000002,480.86521339,476.00000002,480.47988009,2018-10-15T17:59:25.1770000Z,2018-10-15T17:05:12.9700000Z,2018-10-15T18:00:00.0000000Z,2018-10-15T17:00:00.0000000Z,18,6.02864873
1292,476.97705008,478.41230941,473.64737321,476.0,2018-10-15T18:50:59.4070000Z,2018-10-15T18:00:18.9430000Z,2018-10-15T19:00:00.0000000Z,2018-10-15T18:00:00.0000000Z,33,12.80323332
1293,473.06474419,473.6473732,471.0,473.6473732,2018-10-15T19:53:22.5600000Z,2018-10-15T19:18:46.6770000Z,2018-10-15T20:00:00.0000000Z,2018-10-15T19:00:00.0000000Z,9,2.73147087
1294,471.0,471.0,464.00000001,470.16239994,2018-10-15T20:49:04.5030000Z,2018-10-15T20:00:54.1030000Z,2018-10-15T21:00:00.0000000Z,2018-10-15T20:00:00.0000000Z,32,10.24613454
1295,461.00000001,468.80266132,461.0,468.80266132,2018-10-15T21:47:44.3430000Z,2018-10-15T21:20:33.7470000Z,2018-10-15T22:00:00.0000000Z,2018-10-15T21:00:00.0000000Z,29,12.30728498
1296,469.9999641,469.9999641,462.0,463.99999996,2018-10-15T22:51:42.0470000Z,2018-10-15T22:01:19.9100000Z,2018-10-15T23:00:00.0000000Z,2018-10-15T22:00:00.0000000Z,80,182.65680892
1297,471.0,471.23962581,465.26595678,465.26595678,2018-10-15T23:51:10.6700000Z,2018-10-15T23:12:20.7100000Z,2018-10-16T00:00:00.0000000Z,2018-10-15T23:00:00.0000000Z,21,162.43275613
1298,465.84263572,468.98832298,465.84263572,468.98832298,2018-10-16T00:38:01.9400000Z,2018-10-16T00:10:05.5770000Z,2018-10-16T01:00:00.0000000Z,2018-10-16T00:00:00.0000000Z,12,21.21088903
1299,469.07335777,469.07335777,468.97606739,468.97606739,2018-10-16T01:55:50.4170000Z,2018-10-16T01:33:06.0370000Z,2018-10-16T02:00:00.0000000Z,2018-10-16T01:00:00.0000000Z,3,0.07897915
1300,467.44951539,471.21609376,467.44951539,469.11950541,2018-10-16T02:50:04.5730000Z,2018-10-16T02:01:14.5500000Z,2018-10-16T03:00:00.0000000Z,2018-10-16T02:00:00.0000000Z,9,1.26341044
1301,481.47077158,481.47077158,471.0,471.0,2018-10-16T05:52:46.7670000Z,2018-10-16T05:34:03.0300000Z,2018-10-16T06:00:00.0000000Z,2018-10-16T05:00:00.0000000Z,31,30.97915903
1302,475.20569273,481.47099984,472.48436432,480.2153359,2018-10-16T06:54:06.8930000Z,2018-10-16T06:00:52.8000000Z,2018-10-16T07:00:00.0000000Z,2018-10-16T06:00:00.0000000Z,24,64.08962876
1303,476.5,478.49824509,474.9936835,474.9936835,2018-10-16T07:18:05.4630000Z,2018-10-16T07:00:23.4800000Z,2018-10-16T08:00:00.0000000Z,2018-10-16T07:00:00.0000000Z,59,107.83548515
1304,470.02386738,478.99904836,470.02386738,478.99904836,2018-10-16T08:43:10.1970000Z,2018-10-16T08:01:01.4030000Z,2018-10-16T09:00:00.0000000Z,2018-10-16T08:00:00.0000000Z,8,1.47999382
1305,472.0,472.0,472.0,472.0,2018-10-16T09:13:23.2500000Z,2018-10-16T09:13:20.5000000Z,2018-10-16T10:00:00.0000000Z,2018-10-16T09:00:00.0000000Z,2,1.3
1306,471.87505985,473.86370162,471.87505984,473.86370162,2018-10-16T10:38:07.7400000Z,2018-10-16T10:03:41.3370000Z,2018-10-16T11:00:00.0000000Z,2018-10-16T10:00:00.0000000Z,5,2.92653814
1307,471.87505985,471.87505985,471.87505985,471.87505985,2018-10-16T11:05:48.0530000Z,2018-10-16T11:05:48.0530000Z,2018-10-16T12:00:00.0000000Z,2018-10-16T11:00:00.0000000Z,1,0.00207976
1308,470.02386738,471.87505986,470.02386738,471.87505986,2018-10-16T12:38:43.5430000Z,2018-10-16T12:25:49.6130000Z,2018-10-16T13:00:00.0000000Z,2018-10-16T12:00:00.0000000Z,12,2.15229104
1309,471.88147822,472.16369199,470.02386738,470.02386738,2018-10-16T13:56:28.5230000Z,2018-10-16T13:12:35.4600000Z,2018-10-16T14:00:00.0000000Z,2018-10-16T13:00:00.0000000Z,7,0.73252695
1310,467.86286539,470.02386738,467.86286539,470.02386738,2018-10-16T14:59:17.3200000Z,2018-10-16T14:01:59.4570000Z,2018-10-16T15:00:00.0000000Z,2018-10-16T14:00:00.0000000Z,30,9.59287565
1311,467.34788224,468.40514573,467.34788224,467.34788325,2018-10-16T15:49:45.0330000Z,2018-10-16T15:00:41.7770000Z,2018-10-16T16:00:00.0000000Z,2018-10-16T15:00:00.0000000Z,7,2.2874239100000002
1312,466.28676093,466.52759976,463.94638356,466.52759976,2018-10-16T16:24:40.2000000Z,2018-10-16T16:01:35.7570000Z,2018-10-16T17:00:00.0000000Z,2018-10-16T16:00:00.0000000Z,9,5.8230230800000005
1313,464.0,466.3514831,464.0,466.3514831,2018-10-16T17:20:17.7500000Z,2018-10-16T17:12:49.4870000Z,2018-10-16T18:00:00.0000000Z,2018-10-16T17:00:00.0000000Z,2,2.14567621
1314,464.4000099,468.57074068,464.4000099,466.3514831,2018-10-16T18:54:06.6830000Z,2018-10-16T18:04:43.5670000Z,2018-10-16T19:00:00.0000000Z,2018-10-16T18:00:00.0000000Z,9,4.62933104
1315,467.56257149,467.56257149,466.5609754,467.51630243,2018-10-16T19:59:56.2070000Z,2018-10-16T19:05:35.9400000Z,2018-10-16T20:00:00.0000000Z,2018-10-16T19:00:00.0000000Z,5,0.18136938
1316,464.4,467.55224311,464.4,467.55224311,2018-10-16T20:41:20.5930000Z,2018-10-16T20:15:12.6730000Z,2018-10-16T21:00:00.0000000Z,2018-10-16T20:00:00.0000000Z,13,44.79987543
1317,465.687,465.687,465.687,465.687,2018-10-16T21:46:59.5900000Z,2018-10-16T21:46:59.5900000Z,2018-10-16T22:00:00.0000000Z,2018-10-16T21:00:00.0000000Z,1,1.0
1318,468.32241883,469.16971614,468.32241883,469.16971614,2018-10-16T22:46:32.8700000Z,2018-10-16T22:01:38.4130000Z,2018-10-16T23:00:00.0000000Z,2018-10-16T22:00:00.0000000Z,2,1.05398207
1319,470.2816456,472.2,468.24545326,468.24545326,2018-10-16T23:42:25.8600000Z,2018-10-16T23:03:48.4470000Z,2018-10-17T00:00:00.0000000Z,2018-10-16T23:00:00.0000000Z,21,42.51471333
1320,470.61823579,470.61823579,467.0,468.59596789,2018-10-17T00:27:10.6570000Z,2018-10-17T00:06:45.7300000Z,2018-10-17T01:00:00.0000000Z,2018-10-17T00:00:00.0000000Z,9,1.6629696200000001
1321,468.665877,472.57753649,468.665877,469.07533318,2018-10-17T01:37:40.8430000Z,2018-10-17T01:18:19.0130000Z,2018-10-17T02:00:00.0000000Z,2018-10-17T01:00:00.0000000Z,6,1.10571704
1322,471.68289026,471.68289026,468.665877,468.665877,2018-10-17T02:52:57.8330000Z,2018-10-17T02:43:27.3930000Z,2018-10-17T03:00:00.0000000Z,2018-10-17T02:00:00.0000000Z,2,0.73233642
1323,466.68502625,471.68289026,466.68502625,471.68289026,2018-10-17T03:49:55.3400000Z,2018-10-17T03:10:08.7400000Z,2018-10-17T04:00:00.0000000Z,2018-10-17T03:00:00.0000000Z,8,0.81110194
1324,468.09019925,468.09019926,468.09019925,468.09019926,2018-10-17T04:58:46.9770000Z,2018-10-17T04:58:46.9770000Z,2018-10-17T05:00:00.0000000Z,2018-10-17T04:00:00.0000000Z,2,10.18891521
1325,468.56072786,472.49999506,468.56072786,469.77738671,2018-10-17T05:51:32.8500000Z,2018-10-17T05:03:12.8470000Z,2018-10-17T06:00:00.0000000Z,2018-10-17T05:00:00.0000000Z,12,2.84988851
1326,465.98704257,469.91454531,465.9856208,466.68502625,2018-10-17T06:53:18.1170000Z,2018-10-17T06:10:06.8570000Z,2018-10-17T07:00:00.0000000Z,2018-10-17T06:00:00.0000000Z,11,10.71703572
1327,468.13731199,469.50467789,465.98704258,467.17277161,2018-10-17T07:55:37.0200000Z,2018-10-17T07:01:07.7870000Z,2018-10-17T08:00:00.0000000Z,2018-10-17T07:00:00.0000000Z,23,162.48118479
1328,467.5,467.5,466.78226252,466.78226252,2018-10-17T08:58:22.6930000Z,2018-10-17T08:17:24.2600000Z,2018-10-17T09:00:00.0000000Z,2018-10-17T08:00:00.0000000Z,2,0.61164527
1329,468.17913103,468.17913103,467.4,467.40388586,2018-10-17T09:35:32.6870000Z,2018-10-17T09:00:20.0100000Z,2018-10-17T10:00:00.0000000Z,2018-10-17T09:00:00.0000000Z,3,1.93630228
1330,466.10389856,467.017857,463.09460306,467.017857,2018-10-17T10:23:22.7670000Z,2018-10-17T10:09:13.1800000Z,2018-10-17T11:00:00.0000000Z,2018-10-17T10:00:00.0000000Z,15,8.34222998
1331,460.00000008,464.0,460.0,464.0,2018-10-17T11:53:05.7030000Z,2018-10-17T11:05:04.2470000Z,2018-10-17T12:00:00.0000000Z,2018-10-17T11:00:00.0000000Z,53,45.94265873
1332,460.1253142,460.1253142,460.1253142,460.1253142,2018-10-17T12:00:03.9500000Z,2018-10-17T12:00:03.9500000Z,2018-10-17T13:00:00.0000000Z,2018-10-17T12:00:00.0000000Z,1,0.023
1333,460.15,461.40712534,460.15,461.40712534,2018-10-17T13:42:02.6470000Z,2018-10-17T13:20:14.4530000Z,2018-10-17T14:00:00.0000000Z,2018-10-17T13:00:00.0000000Z,4,1.3882122
1334,465.07429636,465.36736499,463.0,463.0,2018-10-17T14:56:50.0700000Z,2018-10-17T14:29:59.6930000Z,2018-10-17T15:00:00.0000000Z,2018-10-17T14:00:00.0000000Z,33,27.43632687
1335,464.93784033,465.40753307,462.0,465.07429534,2018-10-17T15:58:23.3570000Z,2018-10-17T15:03:28.2400000Z,2018-10-17T16:00:00.0000000Z,2018-10-17T15:00:00.0000000Z,20,15.864606030000001
1336,464.24265857,465.18547476,464.24265857,465.11429811,2018-10-17T16:51:46.0630000Z,2018-10-17T16:06:59.1670000Z,2018-10-17T17:00:00.0000000Z,2018-10-17T16:00:00.0000000Z,8,22.5935977
1337,463.68030438,464.43134211,462.10000001,464.43134211,2018-10-17T17:54:29.7500000Z,2018-10-17T17:01:48.6130000Z,2018-10-17T18:00:00.0000000Z,2018-10-17T17:00:00.0000000Z,11,13.62472968
1338,461.0,463.68030307,461.0,463.68030307,2018-10-17T18:55:41.5500000Z,2018-10-17T18:04:14.7500000Z,2018-10-17T19:00:00.0000000Z,2018-10-17T18:00:00.0000000Z,13,4.79429347
1339,460.0,463.10790986,460.0,460.15000004,2018-10-17T19:59:15.5500000Z,2018-10-17T19:03:33.2670000Z,2018-10-17T20:00:00.0000000Z,2018-10-17T19:00:00.0000000Z,12,2.47356262
1340,461.84261519,461.84261519,461.84261519,461.84261519,2018-10-17T20:55:55.6230000Z,2018-10-17T20:55:55.6230000Z,2018-10-17T21:00:00.0000000Z,2018-10-17T20:00:00.0000000Z,1,0.18081657
1341,461.66115376,461.66115376,461.66115376,461.66115376,2018-10-17T21:04:00.0600000Z,2018-10-17T21:04:00.0600000Z,2018-10-17T22:00:00.0000000Z,2018-10-17T21:00:00.0000000Z,1,0.37246973
1342,460.50000001,460.50000001,460.50000001,460.50000001,2018-10-17T22:33:22.8400000Z,2018-10-17T22:33:22.8400000Z,2018-10-17T23:00:00.0000000Z,2018-10-17T22:00:00.0000000Z,1,0.05464744
1343,463.39833328,463.39833328,460.75,460.75,2018-10-17T23:24:55.2470000Z,2018-10-17T23:06:18.8530000Z,2018-10-18T00:00:00.0000000Z,2018-10-17T23:00:00.0000000Z,6,3.29036062
1344,462.0,462.0,462.0,462.0,2018-10-18T01:11:33.5430000Z,2018-10-18T01:11:33.5430000Z,2018-10-18T02:00:00.0000000Z,2018-10-18T01:00:00.0000000Z,1,0.06131097
1345,461.5,462.5,461.5,462.5,2018-10-18T02:48:13.9930000Z,2018-10-18T02:26:09.1130000Z,2018-10-18T03:00:00.0000000Z,2018-10-18T02:00:00.0000000Z,7,10.20678814
1346,468.80995066,470.0,461.126107,462.54299731,2018-10-18T03:49:01.5570000Z,2018-10-18T03:05:58.3230000Z,2018-10-18T04:00:00.0000000Z,2018-10-18T03:00:00.0000000Z,19,9.39884089
1347,464.3,465.0,464.3,465.0,2018-10-18T05:57:12.5530000Z,2018-10-18T05:15:52.3930000Z,2018-10-18T06:00:00.0000000Z,2018-10-18T05:00:00.0000000Z,3,0.26521544
1348,464.3,464.3,464.3,464.3,2018-10-18T06:00:03.8570000Z,2018-10-18T06:00:03.8570000Z,2018-10-18T07:00:00.0000000Z,2018-10-18T06:00:00.0000000Z,1,0.039
1349,464.3,464.3,464.3,464.3,2018-10-18T07:19:20.3030000Z,2018-10-18T07:14:44.5930000Z,2018-10-18T08:00:00.0000000Z,2018-10-18T07:00:00.0000000Z,6,5.53793457
1350,461.80831374,463.0,461.80831374,463.0,2018-10-18T08:46:03.4770000Z,2018-10-18T08:17:09.8900000Z,2018-10-18T09:00:00.0000000Z,2018-10-18T08:00:00.0000000Z,4,0.14297927
1351,460.0020429,462.8576345,460.0020429,461.80831374,2018-10-18T09:54:36.7700000Z,2018-10-18T09:01:39.7100000Z,2018-10-18T10:00:00.0000000Z,2018-10-18T09:00:00.0000000Z,22,56.28587307
1352,460.67638265,460.67638265,460.0020429,460.67638265,2018-10-18T10:55:08.7400000Z,2018-10-18T10:22:57.8370000Z,2018-10-18T11:00:00.0000000Z,2018-10-18T10:00:00.0000000Z,8,2.27762015
1353,460.67638265,460.67638265,460.67638265,460.67638265,2018-10-18T11:44:42.8700000Z,2018-10-18T11:00:44.1070000Z,2018-10-18T12:00:00.0000000Z,2018-10-18T11:00:00.0000000Z,13,19.6808557
1354,460.43541633,460.43541633,458.34090148,460.0020429,2018-10-18T12:15:08.8900000Z,2018-10-18T12:04:04.6100000Z,2018-10-18T13:00:00.0000000Z,2018-10-18T12:00:00.0000000Z,5,2.39259307
1355,458.84090151,460.0,458.84090151,458.84090151,2018-10-18T13:21:58.9900000Z,2018-10-18T13:02:37.3670000Z,2018-10-18T14:00:00.0000000Z,2018-10-18T13:00:00.0000000Z,7,3.68161
1356,458.34090149,458.84090151,458.34090149,458.84090151,2018-10-18T14:17:11.2300000Z,2018-10-18T14:12:39.9100000Z,2018-10-18T15:00:00.0000000Z,2018-10-18T14:00:00.0000000Z,7,2.78508745
1357,456.87452778,458.94047116,454.00000002,458.6475229,2018-10-18T15:48:11.3600000Z,2018-10-18T15:02:18.5430000Z,2018-10-18T16:00:00.0000000Z,2018-10-18T15:00:00.0000000Z,50,25.7765829
1358,457.11282263,457.11282263,453.00003183,455.0,2018-10-18T16:44:08.1670000Z,2018-10-18T16:21:45.5930000Z,2018-10-18T17:00:00.0000000Z,2018-10-18T16:00:00.0000000Z,12,3.45680648
1359,450.0,455.41125102,450.0,455.41125102,2018-10-18T17:58:53.8900000Z,2018-10-18T17:32:29.0170000Z,2018-10-18T18:00:00.0000000Z,2018-10-18T17:00:00.0000000Z,52,35.10960948
1360,450.0,450.0,449.0,450.0,2018-10-18T18:56:25.5700000Z,2018-10-18T18:00:32.4400000Z,2018-10-18T19:00:00.0000000Z,2018-10-18T18:00:00.0000000Z,21,4.31437683
1361,446.2957232,448.58714684,445.84732482,448.311,2018-10-18T19:58:28.4470000Z,2018-10-18T19:11:08.2570000Z,2018-10-18T20:00:00.0000000Z,2018-10-18T19:00:00.0000000Z,114,84.68268116
1362,444.84147284,447.23147398,444.0,445.00000002,2018-10-18T20:56:57.3170000Z,2018-10-18T20:07:55.6530000Z,2018-10-18T21:00:00.0000000Z,2018-10-18T20:00:00.0000000Z,35,5.28111055
1363,441.8489504,444.79126262,441.00002153,444.0,2018-10-18T21:56:22.1030000Z,2018-10-18T21:01:44.4500000Z,2018-10-18T22:00:00.0000000Z,2018-10-18T21:00:00.0000000Z,19,11.04381334
1364,445.263,445.263,440.0,442.45147098,2018-10-18T22:52:29.0000000Z,2018-10-18T22:07:07.0430000Z,2018-10-18T23:00:00.0000000Z,2018-10-18T22:00:00.0000000Z,45,14.18781967
1365,449.56122299,449.56122299,444.5,444.5,2018-10-18T23:41:07.3000000Z,2018-10-18T23:03:04.4230000Z,2018-10-19T00:00:00.0000000Z,2018-10-18T23:00:00.0000000Z,11,5.17947623
1366,448.52689476,449.72188757,445.11068643,445.11068643,2018-10-19T00:36:06.0200000Z,2018-10-19T00:03:12.2600000Z,2018-10-19T01:00:00.0000000Z,2018-10-19T00:00:00.0000000Z,10,0.05596762
1367,445.11068589,445.1106859,445.11068589,445.1106859,2018-10-19T01:55:57.8770000Z,2018-10-19T01:55:57.8770000Z,2018-10-19T02:00:00.0000000Z,2018-10-19T01:00:00.0000000Z,2,1.16
1368,448.4226803,448.4226803,445.86575904,445.86575904,2018-10-19T02:32:12.2870000Z,2018-10-19T02:31:03.4930000Z,2018-10-19T03:00:00.0000000Z,2018-10-19T02:00:00.0000000Z,2,0.0694
1369,446.82979311,446.84987716,446.71933088,446.71933088,2018-10-19T03:50:07.8630000Z,2018-10-19T03:18:22.4700000Z,2018-10-19T04:00:00.0000000Z,2018-10-19T03:00:00.0000000Z,4,0.8569567100000001
1370,444.5,447.75365908,444.5,446.0,2018-10-19T05:59:00.5730000Z,2018-10-19T05:09:40.1500000Z,2018-10-19T06:00:00.0000000Z,2018-10-19T05:00:00.0000000Z,13,4.12815839
1371,443.45708974,444.5,443.45708974,444.5,2018-10-19T06:33:54.0400000Z,2018-10-19T06:03:21.3600000Z,2018-10-19T07:00:00.0000000Z,2018-10-19T06:00:00.0000000Z,3,0.18
1372,441.0,444.0945,441.0,442.0,2018-10-19T07:59:46.7370000Z,2018-10-19T07:20:53.4970000Z,2018-10-19T08:00:00.0000000Z,2018-10-19T07:00:00.0000000Z,13,8.65113683
1373,446.77958297,448.36867995,440.74944107,440.74944107,2018-10-19T08:57:00.0400000Z,2018-10-19T08:00:05.4070000Z,2018-10-19T09:00:00.0000000Z,2018-10-19T08:00:00.0000000Z,26,34.6217392
1374,446.60134136,446.60134136,444.626,444.626,2018-10-19T09:19:02.7870000Z,2018-10-19T09:01:35.1130000Z,2018-10-19T10:00:00.0000000Z,2018-10-19T09:00:00.0000000Z,4,0.05456889
1375,444.65839839,448.12049236,444.65839839,444.77932993,2018-10-19T10:27:28.4530000Z,2018-10-19T10:15:25.4470000Z,2018-10-19T11:00:00.0000000Z,2018-10-19T10:00:00.0000000Z,8,1.76457687
1376,445.03796685,448.06496177,445.03796685,448.06496177,2018-10-19T11:53:10.3100000Z,2018-10-19T11:12:31.6900000Z,2018-10-19T12:00:00.0000000Z,2018-10-19T11:00:00.0000000Z,4,0.30164345
1377,440.0,445.03796685,440.0,445.03796685,2018-10-19T12:29:34.8270000Z,2018-10-19T12:00:24.9600000Z,2018-10-19T13:00:00.0000000Z,2018-10-19T12:00:00.0000000Z,63,111.99945364
1378,444.10055364,447.0,443.334,443.334,2018-10-19T13:59:22.3270000Z,2018-10-19T13:03:10.8070000Z,2018-10-19T14:00:00.0000000Z,2018-10-19T13:00:00.0000000Z,13,3.739531
1379,442.59185701,444.10055645,442.59185701,444.10055645,2018-10-19T14:55:50.2230000Z,2018-10-19T14:16:07.0930000Z,2018-10-19T15:00:00.0000000Z,2018-10-19T14:00:00.0000000Z,22,34.82119515
1380,447.00481371,447.00481371,442.37640658,442.37640658,2018-10-19T15:58:43.4900000Z,2018-10-19T15:00:35.3430000Z,2018-10-19T16:00:00.0000000Z,2018-10-19T15:00:00.0000000Z,8,45.40021671
1381,449.26885662,452.85840876,444.0,444.0,2018-10-19T16:56:57.4700000Z,2018-10-19T16:00:22.5230000Z,2018-10-19T17:00:00.0000000Z,2018-10-19T16:00:00.0000000Z,23,8.2574763
1382,451.32881259,451.32881259,451.32881259,451.32881259,2018-10-19T17:37:04.2800000Z,2018-10-19T17:14:13.8000000Z,2018-10-19T18:00:00.0000000Z,2018-10-19T17:00:00.0000000Z,5,2.95153201
1383,447.50889742,449.12091138,447.50889742,449.12091138,2018-10-19T18:42:08.5870000Z,2018-10-19T18:37:42.3270000Z,2018-10-19T19:00:00.0000000Z,2018-10-19T18:00:00.0000000Z,3,0.08750000000000001
1384,448.75,448.75,448.75,448.75,2018-10-19T19:33:36.1330000Z,2018-10-19T19:21:42.1130000Z,2018-10-19T20:00:00.0000000Z,2018-10-19T19:00:00.0000000Z,2,0.18588588
1385,447.24,449.28174756,447.24,448.75,2018-10-19T20:44:14.8700000Z,2018-10-19T20:04:22.2970000Z,2018-10-19T21:00:00.0000000Z,2018-10-19T20:00:00.0000000Z,9,10.72009358
1386,447.24,447.24,447.24,447.24,2018-10-19T21:39:27.6900000Z,2018-10-19T21:39:27.6900000Z,2018-10-19T22:00:00.0000000Z,2018-10-19T21:00:00.0000000Z,1,0.24558914
1387,446.56914,447.0,446.36386585,447.0,2018-10-20T00:42:12.7330000Z,2018-10-20T00:24:34.3770000Z,2018-10-20T01:00:00.0000000Z,2018-10-20T00:00:00.0000000Z,6,0.12922696
1388,444.74519776,444.74519776,444.22366892,444.22366892,2018-10-20T01:52:25.8730000Z,2018-10-20T01:27:13.2700000Z,2018-10-20T02:00:00.0000000Z,2018-10-20T01:00:00.0000000Z,2,1.2975825300000001
1389,449.65160114,449.65160114,449.65160114,449.65160114,2018-10-20T02:14:55.3670000Z,2018-10-20T02:14:55.3670000Z,2018-10-20T03:00:00.0000000Z,2018-10-20T02:00:00.0000000Z,1,0.01552869
1390,448.708816,448.708816,448.70880903,448.70880903,2018-10-20T03:23:09.3070000Z,2018-10-20T03:23:08.2600000Z,2018-10-20T04:00:00.0000000Z,2018-10-20T03:00:00.0000000Z,2,0.46812804
1391,450.74271325,450.74271325,449.06100076,450.3,2018-10-20T06:49:07.9470000Z,2018-10-20T06:33:15.5900000Z,2018-10-20T07:00:00.0000000Z,2018-10-20T06:00:00.0000000Z,7,1.3731196300000001
1392,450.49530662,451.99999999,450.49530662,451.99999998,2018-10-20T08:01:55.5870000Z,2018-10-20T08:00:08.3330000Z,2018-10-20T09:00:00.0000000Z,2018-10-20T08:00:00.0000000Z,8,11.31593885
1393,452.89517413,452.89517414,452.89517413,452.89517414,2018-10-20T13:20:01.7730000Z,2018-10-20T13:19:22.3970000Z,2018-10-20T14:00:00.0000000Z,2018-10-20T13:00:00.0000000Z,8,0.34655199000000003
1394,453.1763506,453.1763506,452.89517413,452.89517413,2018-10-20T14:39:30.7430000Z,2018-10-20T14:25:16.4830000Z,2018-10-20T15:00:00.0000000Z,2018-10-20T14:00:00.0000000Z,11,10.18342363
1395,452.0,452.0,450.49530663,450.49530663,2018-10-20T15:55:23.8500000Z,2018-10-20T15:27:28.7070000Z,2018-10-20T16:00:00.0000000Z,2018-10-20T15:00:00.0000000Z,3,0.29265905000000003
1396,451.27410564,451.27410564,451.27410564,451.27410564,2018-10-20T16:22:32.4470000Z,2018-10-20T16:22:32.4470000Z,2018-10-20T17:00:00.0000000Z,2018-10-20T16:00:00.0000000Z,1,0.037739510000000004
1397,454.4726205,454.4726205,453.52782152,453.52782152,2018-10-20T19:57:53.5970000Z,2018-10-20T19:08:55.2500000Z,2018-10-20T20:00:00.0000000Z,2018-10-20T19:00:00.0000000Z,6,10.21754232
1398,455.17999999,455.20950575,451.27410566,454.4726205,2018-10-20T20:58:07.0430000Z,2018-10-20T20:03:17.9970000Z,2018-10-20T21:00:00.0000000Z,2018-10-20T20:00:00.0000000Z,7,3.85777712
1399,455.17999999,455.17999999,454.7756419,454.7756419,2018-10-20T21:40:10.1200000Z,2018-10-20T21:40:08.5900000Z,2018-10-20T22:00:00.0000000Z,2018-10-20T21:00:00.0000000Z,3,1.09607478
1400,456.37613112,458.92859365,455.17999999,455.17999999,2018-10-20T22:46:55.6370000Z,2018-10-20T22:14:52.9300000Z,2018-10-20T23:00:00.0000000Z,2018-10-20T22:00:00.0000000Z,12,0.55434183
1401,458.0,458.0,454.9977997,454.9977997,2018-10-21T00:50:30.9270000Z,2018-10-21T00:14:36.5430000Z,2018-10-21T01:00:00.0000000Z,2018-10-21T00:00:00.0000000Z,5,1.63508728
1402,462.907,464.06190215,458.8,458.8,2018-10-21T01:39:03.5600000Z,2018-10-21T01:12:35.4030000Z,2018-10-21T02:00:00.0000000Z,2018-10-21T01:00:00.0000000Z,45,163.86461021
1403,459.20000023,459.20000023,459.100008,459.100008,2018-10-21T02:31:11.1270000Z,2018-10-21T02:15:12.7530000Z,2018-10-21T03:00:00.0000000Z,2018-10-21T02:00:00.0000000Z,3,2.31055198
1404,462.3,462.3234257,462.3,462.3234257,2018-10-21T03:49:15.1300000Z,2018-10-21T03:29:14.5530000Z,2018-10-21T04:00:00.0000000Z,2018-10-21T03:00:00.0000000Z,4,5.01964616
1405,459.07549018,460.0,459.07549018,460.0,2018-10-21T04:57:17.2800000Z,2018-10-21T04:26:34.9370000Z,2018-10-21T05:00:00.0000000Z,2018-10-21T04:00:00.0000000Z,2,0.09759995
1406,461.01916962,461.01916962,459.07549018,459.07549018,2018-10-21T05:48:15.4570000Z,2018-10-21T05:04:57.5600000Z,2018-10-21T06:00:00.0000000Z,2018-10-21T05:00:00.0000000Z,7,4.45900424
1407,458.0,461.36934985,457.55126392,461.34051433,2018-10-21T06:37:02.6070000Z,2018-10-21T06:31:04.5500000Z,2018-10-21T07:00:00.0000000Z,2018-10-21T06:00:00.0000000Z,10,10.70715514
1408,459.47271547,461.78162359,458.00014197,460.76793662,2018-10-21T07:57:53.8800000Z,2018-10-21T07:00:11.8870000Z,2018-10-21T08:00:00.0000000Z,2018-10-21T07:00:00.0000000Z,11,3.06002309
1409,459.47271547,462.29997334,459.47271547,459.47271547,2018-10-21T08:35:55.3270000Z,2018-10-21T08:10:26.1870000Z,2018-10-21T09:00:00.0000000Z,2018-10-21T08:00:00.0000000Z,4,0.05846874
1410,459.47271547,462.29999999,459.47271547,462.29999999,2018-10-21T09:42:45.0730000Z,2018-10-21T09:00:00.7930000Z,2018-10-21T10:00:00.0000000Z,2018-10-21T09:00:00.0000000Z,4,0.36361811
1411,458.59695807,459.47271547,458.59695807,459.47271547,2018-10-21T10:52:50.6970000Z,2018-10-21T10:12:38.2600000Z,2018-10-21T11:00:00.0000000Z,2018-10-21T10:00:00.0000000Z,2,0.5
1412,457.0,458.77979882,457.0,458.1172849,2018-10-21T11:55:23.1830000Z,2018-10-21T11:19:29.3730000Z,2018-10-21T12:00:00.0000000Z,2018-10-21T11:00:00.0000000Z,5,1.1678556900000001
1413,458.0,458.0,458.0,458.0,2018-10-21T13:53:58.7900000Z,2018-10-21T13:53:58.7900000Z,2018-10-21T14:00:00.0000000Z,2018-10-21T13:00:00.0000000Z,1,0.02128043
1414,458.71,458.71,458.71,458.71,2018-10-21T14:14:22.7230000Z,2018-10-21T14:14:08.6770000Z,2018-10-21T15:00:00.0000000Z,2018-10-21T14:00:00.0000000Z,4,3.0
1415,461.0,461.0,458.71,458.71,2018-10-21T15:22:15.5230000Z,2018-10-21T15:07:58.6830000Z,2018-10-21T16:00:00.0000000Z,2018-10-21T15:00:00.0000000Z,2,0.87731633
1416,464.30155757,464.30155757,460.53232401,461.0,2018-10-21T16:42:27.7070000Z,2018-10-21T16:00:15.4730000Z,2018-10-21T17:00:00.0000000Z,2018-10-21T16:00:00.0000000Z,30,9.03047353
1417,462.26143694,463.99217015,461.0,463.99217015,2018-10-21T17:47:24.3470000Z,2018-10-21T17:07:08.1300000Z,2018-10-21T18:00:00.0000000Z,2018-10-21T17:00:00.0000000Z,13,9.05787978
1418,461.56425919,461.56425919,461.56425919,461.56425919,2018-10-21T18:21:55.2830000Z,2018-10-21T18:21:55.2830000Z,2018-10-21T19:00:00.0000000Z,2018-10-21T18:00:00.0000000Z,1,6.16959398
1419,464.49999902,464.49999902,462.26143694,462.26143694,2018-10-21T19:11:50.9600000Z,2018-10-21T19:11:50.9600000Z,2018-10-21T20:00:00.0000000Z,2018-10-21T19:00:00.0000000Z,3,1.0
1420,462.0,462.0,461.56425919,461.82140529,2018-10-21T20:29:04.1270000Z,2018-10-21T20:05:50.7070000Z,2018-10-21T21:00:00.0000000Z,2018-10-21T20:00:00.0000000Z,3,2.02252429
1421,464.0,464.0,462.0,462.00000002,2018-10-21T21:48:54.1830000Z,2018-10-21T21:02:03.3500000Z,2018-10-21T22:00:00.0000000Z,2018-10-21T21:00:00.0000000Z,4,0.25205562
1422,457.35330564,462.0,457.35330564,462.0,2018-10-21T22:59:41.6770000Z,2018-10-21T22:00:41.2500000Z,2018-10-21T23:00:00.0000000Z,2018-10-21T22:00:00.0000000Z,24,18.23076944
1423,457.0,458.02664716,454.21,457.35330564,2018-10-21T23:43:12.8900000Z,2018-10-21T23:00:33.8670000Z,2018-10-22T00:00:00.0000000Z,2018-10-21T23:00:00.0000000Z,26,33.71451852
1424,455.0,455.0,455.0,455.0,2018-10-22T00:30:05.0130000Z,2018-10-22T00:14:28.8430000Z,2018-10-22T01:00:00.0000000Z,2018-10-22T00:00:00.0000000Z,8,1.17655135
1425,457.76455615,457.76455615,455.00000001,455.00000001,2018-10-22T01:59:43.8170000Z,2018-10-22T01:16:55.8670000Z,2018-10-22T02:00:00.0000000Z,2018-10-22T01:00:00.0000000Z,3,0.86034004
1426,460.19439891,460.19439891,457.76455615,457.76455615,2018-10-22T02:30:36.5770000Z,2018-10-22T02:00:57.5400000Z,2018-10-22T03:00:00.0000000Z,2018-10-22T02:00:00.0000000Z,8,2.29112005
1427,460.0,462.8360628,457.06448436,457.06448436,2018-10-22T04:59:07.2900000Z,2018-10-22T04:18:38.0230000Z,2018-10-22T05:00:00.0000000Z,2018-10-22T04:00:00.0000000Z,12,2.08536142
1428,457.91618496,462.21417,457.91618496,462.21417,2018-10-22T05:50:38.1830000Z,2018-10-22T05:00:06.6670000Z,2018-10-22T06:00:00.0000000Z,2018-10-22T05:00:00.0000000Z,23,31.41032719
1429,459.90244699,460.0,458.97961827,460.0,2018-10-22T06:42:15.9030000Z,2018-10-22T06:27:42.7070000Z,2018-10-22T07:00:00.0000000Z,2018-10-22T06:00:00.0000000Z,3,0.05030676
1430,457.06448435,457.06448435,457.06448435,457.06448435,2018-10-22T07:50:12.9570000Z,2018-10-22T07:46:54.5730000Z,2018-10-22T08:00:00.0000000Z,2018-10-22T07:00:00.0000000Z,7,0.4476729
1431,452.0,455.00000462,451.79060259,455.00000462,2018-10-22T08:20:22.5700000Z,2018-10-22T08:00:20.3970000Z,2018-10-22T09:00:00.0000000Z,2018-10-22T08:00:00.0000000Z,18,9.89432439
1432,454.209646,454.209646,454.209646,454.209646,2018-10-22T09:14:50.0230000Z,2018-10-22T09:14:44.0230000Z,2018-10-22T10:00:00.0000000Z,2018-10-22T09:00:00.0000000Z,5,0.57612398
1433,455.00000783,456.99172468,455.0,456.99172468,2018-10-22T11:59:09.3270000Z,2018-10-22T11:07:22.6070000Z,2018-10-22T12:00:00.0000000Z,2018-10-22T11:00:00.0000000Z,4,1.64572334
1434,451.0,457.05057352,451.0,457.05057352,2018-10-22T13:32:52.9970000Z,2018-10-22T13:00:26.7800000Z,2018-10-22T14:00:00.0000000Z,2018-10-22T13:00:00.0000000Z,18,6.04190786
1435,452.26617313,452.26617313,452.26617313,452.26617313,2018-10-22T14:38:08.9900000Z,2018-10-22T14:38:08.9900000Z,2018-10-22T15:00:00.0000000Z,2018-10-22T14:00:00.0000000Z,1,0.03060502
1436,453.855,453.855,451.36724526,451.36724526,2018-10-22T16:59:36.0670000Z,2018-10-22T16:15:33.3600000Z,2018-10-22T17:00:00.0000000Z,2018-10-22T16:00:00.0000000Z,5,22.0924871
1437,454.91029552,454.91029552,453.855,453.855,2018-10-22T17:36:54.6230000Z,2018-10-22T17:00:28.7270000Z,2018-10-22T18:00:00.0000000Z,2018-10-22T17:00:00.0000000Z,4,0.52627611
1438,457.00082074,457.00082074,454.91029552,454.91029552,2018-10-22T18:26:43.9170000Z,2018-10-22T18:25:26.9800000Z,2018-10-22T19:00:00.0000000Z,2018-10-22T18:00:00.0000000Z,4,0.10757083
1439,452.0,454.99999999,452.0,454.43144527,2018-10-22T19:47:51.0530000Z,2018-10-22T19:14:20.7530000Z,2018-10-22T20:00:00.0000000Z,2018-10-22T19:00:00.0000000Z,7,20.79426678
1440,457.55441789,457.55441789,452.10008594,452.10008594,2018-10-22T20:53:35.0700000Z,2018-10-22T20:27:45.9770000Z,2018-10-22T21:00:00.0000000Z,2018-10-22T20:00:00.0000000Z,10,2.69673477
1441,456.20685084,457.5544179,456.20685084,457.5544179,2018-10-22T21:13:46.0900000Z,2018-10-22T21:08:49.2200000Z,2018-10-22T22:00:00.0000000Z,2018-10-22T21:00:00.0000000Z,2,0.02892612
1442,457.55441788,457.55441788,457.55441788,457.55441788,2018-10-22T23:49:26.3300000Z,2018-10-22T23:49:26.3300000Z,2018-10-23T00:00:00.0000000Z,2018-10-22T23:00:00.0000000Z,1,0.02185532
1443,456.13133086,456.1313309,456.13133086,456.13133088,2018-10-23T01:40:48.6530000Z,2018-10-23T01:18:20.9730000Z,2018-10-23T02:00:00.0000000Z,2018-10-23T01:00:00.0000000Z,3,0.47983259
1444,459.88885793,459.88885793,454.70836892,454.70836893,2018-10-23T02:55:01.3730000Z,2018-10-23T02:33:38.2530000Z,2018-10-23T03:00:00.0000000Z,2018-10-23T02:00:00.0000000Z,4,12.05838443
1445,450.99999999,454.70824384,450.99999999,454.70824384,2018-10-23T03:47:16.8830000Z,2018-10-23T03:16:34.9800000Z,2018-10-23T04:00:00.0000000Z,2018-10-23T03:00:00.0000000Z,17,7.28083913
1446,450.0,450.218736,447.74360982,450.218736,2018-10-23T04:53:02.0870000Z,2018-10-23T04:24:35.7400000Z,2018-10-23T05:00:00.0000000Z,2018-10-23T04:00:00.0000000Z,68,130.45938843
1447,454.46260395,454.46260395,450.5,450.5,2018-10-23T05:42:50.7870000Z,2018-10-23T05:27:56.2270000Z,2018-10-23T06:00:00.0000000Z,2018-10-23T05:00:00.0000000Z,2,1.04199974
1448,452.95388176,452.95388176,452.95388176,452.95388176,2018-10-23T06:51:54.6430000Z,2018-10-23T06:51:54.6430000Z,2018-10-23T07:00:00.0000000Z,2018-10-23T06:00:00.0000000Z,1,0.15071
1449,452.95388176,452.95388176,452.95388176,452.95388176,2018-10-23T07:34:27.7300000Z,2018-10-23T07:27:54.4530000Z,2018-10-23T08:00:00.0000000Z,2018-10-23T07:00:00.0000000Z,4,4.12348448
1450,450.0,451.85579299,450.0,451.85579299,2018-10-23T08:23:43.5130000Z,2018-10-23T08:16:17.8900000Z,2018-10-23T09:00:00.0000000Z,2018-10-23T08:00:00.0000000Z,3,1.12078628
1451,447.0,451.45995272,447.0,451.45995272,2018-10-23T09:45:38.6130000Z,2018-10-23T09:21:24.5800000Z,2018-10-23T10:00:00.0000000Z,2018-10-23T09:00:00.0000000Z,20,77.77405603
1452,448.13525587,448.57275796,443.13958833,446.0,2018-10-23T10:59:06.3770000Z,2018-10-23T10:38:15.4300000Z,2018-10-23T11:00:00.0000000Z,2018-10-23T10:00:00.0000000Z,28,18.66289305
1453,447.9892578,448.40977923,443.81906488,443.81906488,2018-10-23T11:40:12.8270000Z,2018-10-23T11:08:37.4900000Z,2018-10-23T12:00:00.0000000Z,2018-10-23T11:00:00.0000000Z,4,0.8725615600000001
1454,446.00000252,449.0,444.14086482,446.0,2018-10-23T12:49:45.6900000Z,2018-10-23T12:18:58.9470000Z,2018-10-23T13:00:00.0000000Z,2018-10-23T12:00:00.0000000Z,10,11.16550705
1455,450.89756024,451.09200414,447.8999551,451.09200413,2018-10-23T13:32:41.0200000Z,2018-10-23T13:16:41.4770000Z,2018-10-23T14:00:00.0000000Z,2018-10-23T13:00:00.0000000Z,4,1.66065412
1456,448.71698597,449.07533248,446.00000001,446.00000001,2018-10-23T14:45:00.0930000Z,2018-10-23T14:22:23.1470000Z,2018-10-23T15:00:00.0000000Z,2018-10-23T14:00:00.0000000Z,9,8.21097321
1457,446.00743892,450.55787178,446.00743892,448.7169865,2018-10-23T15:22:54.6200000Z,2018-10-23T15:00:07.1870000Z,2018-10-23T16:00:00.0000000Z,2018-10-23T15:00:00.0000000Z,14,0.83364766
1458,447.537916,447.537916,447.537916,447.537916,2018-10-23T16:15:58.5630000Z,2018-10-23T16:15:58.5630000Z,2018-10-23T17:00:00.0000000Z,2018-10-23T16:00:00.0000000Z,1,2.81
1459,449.42224592,449.63447696,449.42224592,449.63447696,2018-10-23T18:40:03.2700000Z,2018-10-23T18:28:37.4730000Z,2018-10-23T19:00:00.0000000Z,2018-10-23T18:00:00.0000000Z,2,0.3550811
1460,447.53791611,447.9637718,447.53791611,447.71191018,2018-10-23T19:41:06.8200000Z,2018-10-23T19:38:49.0370000Z,2018-10-23T20:00:00.0000000Z,2018-10-23T19:00:00.0000000Z,3,0.7489895
1461,447.5987075,452.61550765,447.5987075,452.61550765,2018-10-23T20:19:02.0300000Z,2018-10-23T20:11:25.9370000Z,2018-10-23T21:00:00.0000000Z,2018-10-23T20:00:00.0000000Z,2,4.8720985500000005
1462,448.53791662,451.77267978,448.0,449.53791605,2018-10-23T21:43:17.5170000Z,2018-10-23T21:03:59.6900000Z,2018-10-23T22:00:00.0000000Z,2018-10-23T21:00:00.0000000Z,50,116.17784831
1463,449.53791662,449.53791662,449.53791662,449.53791662,2018-10-23T23:59:03.2370000Z,2018-10-23T23:59:03.2370000Z,2018-10-24T00:00:00.0000000Z,2018-10-23T23:00:00.0000000Z,1,0.6656835600000001
1464,450.94368191,450.94368191,450.94368191,450.94368191,2018-10-24T00:52:29.1700000Z,2018-10-24T00:52:29.1700000Z,2018-10-24T01:00:00.0000000Z,2018-10-24T00:00:00.0000000Z,1,0.012
1465,453.70951523,453.70951523,453.7095086,453.7095086,2018-10-24T01:49:50.9800000Z,2018-10-24T01:49:50.9800000Z,2018-10-24T02:00:00.0000000Z,2018-10-24T01:00:00.0000000Z,2,4.8028
1466,453.59394043,453.59394043,453.59394043,453.59394043,2018-10-24T02:39:10.5400000Z,2018-10-24T02:39:10.5400000Z,2018-10-24T03:00:00.0000000Z,2018-10-24T02:00:00.0000000Z,1,0.10995517
1467,453.0,453.0,452.23339579,452.23339579,2018-10-24T03:35:48.7370000Z,2018-10-24T03:34:14.7670000Z,2018-10-24T04:00:00.0000000Z,2018-10-24T03:00:00.0000000Z,2,0.035
1468,455.0,455.0,450.80058479,453.5,2018-10-24T04:57:02.9730000Z,2018-10-24T04:08:50.7030000Z,2018-10-24T05:00:00.0000000Z,2018-10-24T04:00:00.0000000Z,7,5.50114606
1469,457.77138222,457.80384592,457.77138222,457.80384592,2018-10-24T05:24:03.7130000Z,2018-10-24T05:18:07.8900000Z,2018-10-24T06:00:00.0000000Z,2018-10-24T05:00:00.0000000Z,2,0.12545639
1470,453.15882575,453.15882575,453.15882567,453.15882567,2018-10-24T06:02:43.0700000Z,2018-10-24T06:02:39.2870000Z,2018-10-24T07:00:00.0000000Z,2018-10-24T06:00:00.0000000Z,2,0.027628530000000002
1471,449.40246085,455.15011882,449.40246083,455.15011882,2018-10-24T09:49:16.6870000Z,2018-10-24T09:20:23.0770000Z,2018-10-24T10:00:00.0000000Z,2018-10-24T09:00:00.0000000Z,9,0.96125212
1472,454.99987972,454.99987972,454.99961012,454.99961012,2018-10-24T12:41:02.0200000Z,2018-10-24T12:41:02.0200000Z,2018-10-24T13:00:00.0000000Z,2018-10-24T12:00:00.0000000Z,3,33.33098336
1473,456.05055807,456.05055807,455.72336663,455.72336663,2018-10-24T13:57:27.3970000Z,2018-10-24T13:30:02.3100000Z,2018-10-24T14:00:00.0000000Z,2018-10-24T13:00:00.0000000Z,4,0.38639039000000003
1474,452.00005693,456.0218058,452.00005693,456.0218058,2018-10-24T14:25:35.2470000Z,2018-10-24T14:25:33.6370000Z,2018-10-24T15:00:00.0000000Z,2018-10-24T14:00:00.0000000Z,4,0.63662333
1475,453.58526879,453.58526883,450.00009404,452.0,2018-10-24T15:59:51.9900000Z,2018-10-24T15:17:19.3000000Z,2018-10-24T16:00:00.0000000Z,2018-10-24T15:00:00.0000000Z,13,56.72926428
1476,451.00011804,451.00011804,451.00011804,451.00011804,2018-10-24T17:36:15.8530000Z,2018-10-24T17:36:15.8530000Z,2018-10-24T18:00:00.0000000Z,2018-10-24T17:00:00.0000000Z,1,0.00711601
1477,453.0,455.20129506,453.0,453.0,2018-10-24T18:44:04.4970000Z,2018-10-24T18:38:49.4370000Z,2018-10-24T19:00:00.0000000Z,2018-10-24T18:00:00.0000000Z,12,13.79010201
1478,449.36429258,452.99999916,449.36429258,452.99999915,2018-10-24T19:21:46.0400000Z,2018-10-24T19:06:49.2000000Z,2018-10-24T20:00:00.0000000Z,2018-10-24T19:00:00.0000000Z,11,7.05850879
1479,450.32372283,450.32372283,446.5,449.36429258,2018-10-24T20:47:58.0400000Z,2018-10-24T20:07:57.8500000Z,2018-10-24T21:00:00.0000000Z,2018-10-24T20:00:00.0000000Z,26,3.6607215699999998
1480,450.32372283,450.32372283,450.32372283,450.32372283,2018-10-24T21:36:02.1970000Z,2018-10-24T21:09:59.8970000Z,2018-10-24T22:00:00.0000000Z,2018-10-24T21:00:00.0000000Z,5,1.8148502899999999
1481,450.55529727,450.55529727,450.55529727,450.55529727,2018-10-25T00:00:05.4200000Z,2018-10-25T00:00:05.4200000Z,2018-10-25T01:00:00.0000000Z,2018-10-25T00:00:00.0000000Z,1,0.025
1482,447.99991109,448.0,443.72870544,448.0,2018-10-25T01:59:20.3700000Z,2018-10-25T01:55:33.9270000Z,2018-10-25T02:00:00.0000000Z,2018-10-25T01:00:00.0000000Z,12,43.3219675
1483,447.99118681,447.99165261,444.0,444.00000017,2018-10-25T02:38:43.5500000Z,2018-10-25T02:00:36.9670000Z,2018-10-25T03:00:00.0000000Z,2018-10-25T02:00:00.0000000Z,9,16.21397544
1484,447.9906528,447.9906528,447.9906528,447.9906528,2018-10-25T03:13:57.2800000Z,2018-10-25T03:13:57.2800000Z,2018-10-25T04:00:00.0000000Z,2018-10-25T03:00:00.0000000Z,1,0.32331619
1485,448.45066875,448.45066875,448.45066875,448.45066875,2018-10-25T06:34:14.7330000Z,2018-10-25T06:26:44.0630000Z,2018-10-25T07:00:00.0000000Z,2018-10-25T06:00:00.0000000Z,4,0.44267657
1486,446.01217962,449.67083819,446.01217962,447.00111337,2018-10-25T09:57:05.2000000Z,2018-10-25T09:18:28.5830000Z,2018-10-25T10:00:00.0000000Z,2018-10-25T09:00:00.0000000Z,8,22.24514495
1487,447.91607781,449.670838,446.50032927,446.50032927,2018-10-25T13:51:34.9600000Z,2018-10-25T13:05:48.8000000Z,2018-10-25T14:00:00.0000000Z,2018-10-25T13:00:00.0000000Z,8,4.85801513
1488,451.13389613,451.13389613,448.0,448.0,2018-10-25T16:36:03.6300000Z,2018-10-25T16:00:53.7670000Z,2018-10-25T17:00:00.0000000Z,2018-10-25T16:00:00.0000000Z,3,0.44520761000000003
1489,450.0,450.0,450.0,450.0,2018-10-25T17:29:11.1870000Z,2018-10-25T17:29:02.2800000Z,2018-10-25T18:00:00.0000000Z,2018-10-25T17:00:00.0000000Z,3,6.96056483
1490,447.80000001,448.0,447.80000001,448.0,2018-10-25T18:55:37.6300000Z,2018-10-25T18:45:18.1430000Z,2018-10-25T19:00:00.0000000Z,2018-10-25T18:00:00.0000000Z,3,0.13410789
1491,447.8,447.8,447.8,447.8,2018-10-25T19:58:31.7100000Z,2018-10-25T19:51:39.5270000Z,2018-10-25T20:00:00.0000000Z,2018-10-25T19:00:00.0000000Z,2,7.07919072
1492,447.43130078,449.46695081,447.43130078,449.27766901,2018-10-25T20:32:58.2700000Z,2018-10-25T20:00:19.7600000Z,2018-10-25T21:00:00.0000000Z,2018-10-25T20:00:00.0000000Z,6,0.12908467
1493,447.10000001,449.46694869,447.10000001,448.44912889,2018-10-25T21:54:17.8630000Z,2018-10-25T21:10:06.1000000Z,2018-10-25T22:00:00.0000000Z,2018-10-25T21:00:00.0000000Z,13,5.57571178
1494,449.46695699,449.46695699,446.6477126,447.10000001,2018-10-25T22:41:30.6100000Z,2018-10-25T22:28:28.8370000Z,2018-10-25T23:00:00.0000000Z,2018-10-25T22:00:00.0000000Z,3,0.21596991000000001
1495,449.46647499,449.46647499,446.00789779,448.28709016,2018-10-25T23:43:07.0370000Z,2018-10-25T23:02:24.6630000Z,2018-10-26T00:00:00.0000000Z,2018-10-25T23:00:00.0000000Z,5,0.39781057000000003
1496,445.307,446.00789779,445.307,446.00789779,2018-10-26T00:55:40.9970000Z,2018-10-26T00:02:10.9930000Z,2018-10-26T01:00:00.0000000Z,2018-10-26T00:00:00.0000000Z,4,1.26107905
1497,446.54062268,449.35253992,446.54062268,449.35253992,2018-10-26T01:40:09.1870000Z,2018-10-26T01:00:28.4570000Z,2018-10-26T02:00:00.0000000Z,2018-10-26T01:00:00.0000000Z,7,1.9854419600000002
1498,446.54062268,446.54062268,446.54062268,446.54062268,2018-10-26T02:35:14.3970000Z,2018-10-26T02:30:25.3230000Z,2018-10-26T03:00:00.0000000Z,2018-10-26T02:00:00.0000000Z,3,0.27748156
1499,442.03600001,445.307,442.03600001,445.307,2018-10-26T04:55:58.5330000Z,2018-10-26T04:02:08.1500000Z,2018-10-26T05:00:00.0000000Z,2018-10-26T04:00:00.0000000Z,13,11.77727415
1500,446.65683945,446.65683945,446.65683945,446.65683945,2018-10-26T05:33:37.3800000Z,2018-10-26T05:33:37.3800000Z,2018-10-26T06:00:00.0000000Z,2018-10-26T05:00:00.0000000Z,1,0.025
1501,442.03600004,446.34698669,442.03600004,446.34698669,2018-10-26T06:40:46.4900000Z,2018-10-26T06:00:30.3870000Z,2018-10-26T07:00:00.0000000Z,2018-10-26T06:00:00.0000000Z,3,1.01351663
1502,443.56419647,443.91484665,442.03600001,442.03600001,2018-10-26T07:55:28.4100000Z,2018-10-26T07:39:30.8670000Z,2018-10-26T08:00:00.0000000Z,2018-10-26T07:00:00.0000000Z,3,1.6276000000000002
1503,451.13391396,451.13391396,442.036,442.03600001,2018-10-26T08:49:32.0370000Z,2018-10-26T08:07:44.7000000Z,2018-10-26T09:00:00.0000000Z,2018-10-26T08:00:00.0000000Z,7,3.5789999999999997
1504,445.73306776,445.73306776,445.73306776,445.73306776,2018-10-26T09:22:52.5330000Z,2018-10-26T09:22:52.5330000Z,2018-10-26T10:00:00.0000000Z,2018-10-26T09:00:00.0000000Z,1,0.02187788
1505,445.00100016,447.83405399,445.00100016,447.83405399,2018-10-26T11:10:01.0670000Z,2018-10-26T11:03:24.4430000Z,2018-10-26T12:00:00.0000000Z,2018-10-26T11:00:00.0000000Z,6,2.02558143
1506,446.22210325,446.71012914,446.22210325,446.71012914,2018-10-26T13:30:02.0200000Z,2018-10-26T13:12:58.8330000Z,2018-10-26T14:00:00.0000000Z,2018-10-26T13:00:00.0000000Z,2,0.10534729999999999
1507,446.09198823,446.17468132,445.05009863,445.05009863,2018-10-26T14:55:38.0070000Z,2018-10-26T14:34:12.4370000Z,2018-10-26T15:00:00.0000000Z,2018-10-26T14:00:00.0000000Z,4,1.83922901
1508,445.62377991,445.62377991,445.62377991,445.62377991,2018-10-26T15:05:16.0230000Z,2018-10-26T15:05:16.0230000Z,2018-10-26T16:00:00.0000000Z,2018-10-26T15:00:00.0000000Z,1,0.04404706
1509,443.1763846,446.17638363,443.1763846,446.17638363,2018-10-26T16:44:54.6900000Z,2018-10-26T16:16:37.6730000Z,2018-10-26T17:00:00.0000000Z,2018-10-26T16:00:00.0000000Z,8,1.4793467200000001
1510,444.78182507,444.78182507,444.78182507,444.78182507,2018-10-26T17:14:46.3870000Z,2018-10-26T17:14:46.3870000Z,2018-10-26T18:00:00.0000000Z,2018-10-26T17:00:00.0000000Z,1,0.095
1511,444.87658062,444.87658062,444.78182507,444.78182507,2018-10-26T19:36:56.9230000Z,2018-10-26T19:32:37.9130000Z,2018-10-26T20:00:00.0000000Z,2018-10-26T19:00:00.0000000Z,3,0.07
1512,443.64025864,443.64025864,443.64025864,443.64025864,2018-10-26T20:34:36.3700000Z,2018-10-26T20:34:36.3700000Z,2018-10-26T21:00:00.0000000Z,2018-10-26T20:00:00.0000000Z,1,0.00747598
1513,444.63108883,444.63108883,443.64025864,443.64025864,2018-10-26T21:39:22.5770000Z,2018-10-26T21:31:41.2300000Z,2018-10-26T22:00:00.0000000Z,2018-10-26T21:00:00.0000000Z,2,0.41294707
1514,444.63108797,445.6219173,444.63108797,444.63108974,2018-10-26T23:46:40.1530000Z,2018-10-26T23:02:00.5600000Z,2018-10-27T00:00:00.0000000Z,2018-10-26T23:00:00.0000000Z,8,2.0719726
1515,444.63108797,445.62192083,444.63108797,445.62192083,2018-10-27T00:49:25.7600000Z,2018-10-27T00:03:50.0800000Z,2018-10-27T01:00:00.0000000Z,2018-10-27T00:00:00.0000000Z,5,1.50165381
1516,444.631,444.63108797,444.631,444.63108797,2018-10-27T01:51:34.2200000Z,2018-10-27T01:29:34.6070000Z,2018-10-27T02:00:00.0000000Z,2018-10-27T01:00:00.0000000Z,6,0.3513
1517,444.631,444.631,444.631,444.631,2018-10-27T02:19:13.5270000Z,2018-10-27T02:19:13.1700000Z,2018-10-27T03:00:00.0000000Z,2018-10-27T02:00:00.0000000Z,2,0.13916678
1518,442.038,443.64025864,442.036,443.64025864,2018-10-27T03:29:43.0570000Z,2018-10-27T03:15:52.1600000Z,2018-10-27T04:00:00.0000000Z,2018-10-27T03:00:00.0000000Z,16,9.09390449
1519,442.036,442.036,442.036,442.036,2018-10-27T04:47:16.6330000Z,2018-10-27T04:35:29.9200000Z,2018-10-27T05:00:00.0000000Z,2018-10-27T04:00:00.0000000Z,2,0.30262177
1520,442.5,442.5,442.5,442.5,2018-10-27T10:40:08.6130000Z,2018-10-27T10:40:08.6130000Z,2018-10-27T11:00:00.0000000Z,2018-10-27T10:00:00.0000000Z,1,0.1
1521,445.13535447,445.13535447,442.5,444.0,2018-10-27T12:43:46.9470000Z,2018-10-27T12:03:34.4970000Z,2018-10-27T13:00:00.0000000Z,2018-10-27T12:00:00.0000000Z,6,2.0559807
1522,442.036,442.50000002,442.036,442.50000002,2018-10-27T13:58:00.8900000Z,2018-10-27T13:48:19.8270000Z,2018-10-27T14:00:00.0000000Z,2018-10-27T13:00:00.0000000Z,11,23.40333844
1523,440.9002358,442.03600001,440.9002358,442.03600001,2018-10-27T14:52:15.4400000Z,2018-10-27T14:09:16.2100000Z,2018-10-27T15:00:00.0000000Z,2018-10-27T14:00:00.0000000Z,20,15.57950361
1524,440.0,440.9002358,440.0,440.9002358,2018-10-27T15:33:13.9230000Z,2018-10-27T15:31:23.7300000Z,2018-10-27T16:00:00.0000000Z,2018-10-27T15:00:00.0000000Z,13,1.32118984
1525,438.87601342,442.02359321,438.00001322,439.0,2018-10-27T16:53:01.6400000Z,2018-10-27T16:25:56.2800000Z,2018-10-27T17:00:00.0000000Z,2018-10-27T16:00:00.0000000Z,7,0.35044132
1526,438.00100166,441.50963117,438.00100012,438.00100012,2018-10-27T21:59:56.3800000Z,2018-10-27T21:47:26.3730000Z,2018-10-27T22:00:00.0000000Z,2018-10-27T21:00:00.0000000Z,3,0.9173671800000001
1527,438.10100704,442.90036406,438.00100195,438.00100195,2018-10-27T22:35:51.6400000Z,2018-10-27T22:13:32.4400000Z,2018-10-27T23:00:00.0000000Z,2018-10-27T22:00:00.0000000Z,9,0.22301514
1528,438.10201053,442.45245244,438.10201053,442.45245244,2018-10-27T23:44:02.9670000Z,2018-10-27T23:21:55.6130000Z,2018-10-28T00:00:00.0000000Z,2018-10-27T23:00:00.0000000Z,2,0.34256467
1529,442.2351654,442.2351654,442.23516523,442.23516523,2018-10-28T00:58:28.6470000Z,2018-10-28T00:58:28.6470000Z,2018-10-28T01:00:00.0000000Z,2018-10-28T00:00:00.0000000Z,3,0.56389681
1530,439.0,442.2331654,439.0,442.2331654,2018-10-28T01:41:56.7530000Z,2018-10-28T01:31:53.1100000Z,2018-10-28T02:00:00.0000000Z,2018-10-28T01:00:00.0000000Z,5,1.22269496
1531,439.0,439.216,439.0,439.216,2018-10-28T02:55:41.3330000Z,2018-10-28T02:27:57.8130000Z,2018-10-28T03:00:00.0000000Z,2018-10-28T02:00:00.0000000Z,4,0.67680082
1532,442.0,442.23051185,442.0,442.23051185,2018-10-28T03:16:49.0270000Z,2018-10-28T03:09:29.0300000Z,2018-10-28T04:00:00.0000000Z,2018-10-28T03:00:00.0000000Z,21,50.27862879
1533,439.00000688,439.00000688,439.00000688,439.00000688,2018-10-28T06:23:09.6830000Z,2018-10-28T06:23:09.6830000Z,2018-10-28T07:00:00.0000000Z,2018-10-28T06:00:00.0000000Z,1,2.0
1534,439.1,439.1,439.1,439.1,2018-10-28T07:30:12.0370000Z,2018-10-28T07:30:12.0370000Z,2018-10-28T08:00:00.0000000Z,2018-10-28T07:00:00.0000000Z,1,1.10442
1535,442.48302895,442.48302895,442.48302894,442.48302894,2018-10-28T08:00:52.3130000Z,2018-10-28T08:00:52.3130000Z,2018-10-28T09:00:00.0000000Z,2018-10-28T08:00:00.0000000Z,2,2.80617919
1536,441.0,441.0,441.0,441.0,2018-10-28T10:25:37.5800000Z,2018-10-28T10:16:20.6870000Z,2018-10-28T11:00:00.0000000Z,2018-10-28T10:00:00.0000000Z,23,49.99996737
1537,441.0,442.48301065,441.0,442.48301065,2018-10-28T11:50:31.2230000Z,2018-10-28T11:47:13.0670000Z,2018-10-28T12:00:00.0000000Z,2018-10-28T11:00:00.0000000Z,2,0.47694876
1538,440.0,440.0,440.0,440.0,2018-10-28T12:02:25.6300000Z,2018-10-28T12:02:25.6300000Z,2018-10-28T13:00:00.0000000Z,2018-10-28T12:00:00.0000000Z,1,0.01058718
1539,440.0,440.0,440.0,440.0,2018-10-28T15:57:49.6400000Z,2018-10-28T15:57:49.6400000Z,2018-10-28T16:00:00.0000000Z,2018-10-28T15:00:00.0000000Z,1,1.448
1540,440.0,440.0,440.0,440.0,2018-10-28T16:02:13.1630000Z,2018-10-28T16:02:13.1630000Z,2018-10-28T17:00:00.0000000Z,2018-10-28T16:00:00.0000000Z,1,0.40616672
1541,440.0,440.0,440.0,440.0,2018-10-28T18:48:29.2700000Z,2018-10-28T18:48:29.2700000Z,2018-10-28T19:00:00.0000000Z,2018-10-28T18:00:00.0000000Z,1,0.11855751
1542,439.0,439.11,439.0,439.11,2018-10-28T19:45:00.1930000Z,2018-10-28T19:44:36.4430000Z,2018-10-28T20:00:00.0000000Z,2018-10-28T19:00:00.0000000Z,3,0.56882268
1543,439.0,439.3,439.0,439.3,2018-10-28T20:09:35.4900000Z,2018-10-28T20:04:26.8700000Z,2018-10-28T21:00:00.0000000Z,2018-10-28T20:00:00.0000000Z,3,4.74974943
1544,438.65550053,439.0,438.65550053,439.0,2018-10-28T21:50:42.3100000Z,2018-10-28T21:50:42.3100000Z,2018-10-28T22:00:00.0000000Z,2018-10-28T21:00:00.0000000Z,3,0.28962863
1545,439.0,439.0,439.0,439.0,2018-10-28T22:24:42.1700000Z,2018-10-28T22:24:42.1700000Z,2018-10-28T23:00:00.0000000Z,2018-10-28T22:00:00.0000000Z,1,2.0
1546,441.74550139,444.01580179,441.33913763,441.33913763,2018-10-28T23:39:02.3470000Z,2018-10-28T23:19:28.5470000Z,2018-10-29T00:00:00.0000000Z,2018-10-28T23:00:00.0000000Z,9,1.33164226
1547,438.65550058,443.05156931,438.65550058,442.82262528,2018-10-29T02:54:16.4630000Z,2018-10-29T02:15:11.3230000Z,2018-10-29T03:00:00.0000000Z,2018-10-29T02:00:00.0000000Z,5,0.95658588
1548,440.0,442.08653464,440.0,442.08653464,2018-10-29T03:57:04.7400000Z,2018-10-29T03:01:18.2570000Z,2018-10-29T04:00:00.0000000Z,2018-10-29T03:00:00.0000000Z,5,1.51724028
1549,443.24789828,443.24789828,442.79601813,442.79601867,2018-10-29T04:35:50.3900000Z,2018-10-29T04:03:25.2070000Z,2018-10-29T05:00:00.0000000Z,2018-10-29T04:00:00.0000000Z,5,0.25826814
1550,442.12342226,442.12342226,442.12342226,442.12342226,2018-10-29T05:45:04.1600000Z,2018-10-29T05:45:04.1600000Z,2018-10-29T06:00:00.0000000Z,2018-10-29T05:00:00.0000000Z,1,0.022618120000000002
1551,439.54123234,442.12342226,439.54123234,441.12342226,2018-10-29T07:20:10.2630000Z,2018-10-29T07:01:51.7000000Z,2018-10-29T08:00:00.0000000Z,2018-10-29T07:00:00.0000000Z,6,0.77182728
1552,442.12342226,442.12342226,442.12342226,442.12342226,2018-10-29T08:42:14.1700000Z,2018-10-29T08:05:40.1330000Z,2018-10-29T09:00:00.0000000Z,2018-10-29T08:00:00.0000000Z,3,0.85123147
1553,440.4404404,442.0,440.4404404,442.0,2018-10-29T09:23:29.4100000Z,2018-10-29T09:20:16.9930000Z,2018-10-29T10:00:00.0000000Z,2018-10-29T09:00:00.0000000Z,18,50.04493893
1554,441.20344808,441.20344808,441.20344808,441.20344808,2018-10-29T10:23:54.1500000Z,2018-10-29T10:23:51.5430000Z,2018-10-29T11:00:00.0000000Z,2018-10-29T10:00:00.0000000Z,3,0.17500000000000002
1555,432.2,440.4404404,432.10000001,440.4404404,2018-10-29T11:41:02.1800000Z,2018-10-29T11:17:13.4130000Z,2018-10-29T12:00:00.0000000Z,2018-10-29T11:00:00.0000000Z,53,31.68621611
1556,419.29794508,434.33949856,415.86145246,434.33949856,2018-10-29T12:59:16.7970000Z,2018-10-29T12:08:20.7800000Z,2018-10-29T13:00:00.0000000Z,2018-10-29T12:00:00.0000000Z,135,56.19410067
1557,421.88343598,421.88343598,419.0,419.29793283,2018-10-29T13:56:55.2800000Z,2018-10-29T13:00:09.0000000Z,2018-10-29T14:00:00.0000000Z,2018-10-29T13:00:00.0000000Z,47,11.57066226
1558,421.5525626,422.18,420.0,421.44578492,2018-10-29T14:51:19.5270000Z,2018-10-29T14:14:24.0800000Z,2018-10-29T15:00:00.0000000Z,2018-10-29T14:00:00.0000000Z,11,20.97463087
1559,421.54148089,421.5414809,421.54148089,421.5414809,2018-10-29T15:52:20.9100000Z,2018-10-29T15:31:28.7430000Z,2018-10-29T16:00:00.0000000Z,2018-10-29T15:00:00.0000000Z,4,0.57248736
1560,416.93408338,421.26804914,416.93408338,421.26804914,2018-10-29T16:50:01.5970000Z,2018-10-29T16:03:24.2400000Z,2018-10-29T17:00:00.0000000Z,2018-10-29T16:00:00.0000000Z,8,0.61419604
1561,417.0,418.01495645,417.0,418.01495645,2018-10-29T17:59:28.3230000Z,2018-10-29T17:56:25.8970000Z,2018-10-29T18:00:00.0000000Z,2018-10-29T17:00:00.0000000Z,3,0.5436603999999999
1562,420.92680903,421.24315379,417.51882936,417.51882936,2018-10-29T18:40:08.1830000Z,2018-10-29T18:10:14.4870000Z,2018-10-29T19:00:00.0000000Z,2018-10-29T18:00:00.0000000Z,3,0.70688885
1563,415.00369889,421.0,415.00369889,421.0,2018-10-29T19:57:18.3930000Z,2018-10-29T19:16:26.2370000Z,2018-10-29T20:00:00.0000000Z,2018-10-29T19:00:00.0000000Z,18,27.73466979
1564,415.0,420.04248177,415.0,420.04248177,2018-10-29T20:53:28.3430000Z,2018-10-29T20:02:20.9170000Z,2018-10-29T21:00:00.0000000Z,2018-10-29T20:00:00.0000000Z,16,45.44069137
1565,417.34167917,417.34167917,417.34167917,417.34167917,2018-10-29T21:23:18.6500000Z,2018-10-29T21:20:22.9270000Z,2018-10-29T22:00:00.0000000Z,2018-10-29T21:00:00.0000000Z,2,0.11
1566,417.57863256,419.76950043,417.57863256,419.76950043,2018-10-29T22:57:16.8370000Z,2018-10-29T22:56:45.0700000Z,2018-10-29T23:00:00.0000000Z,2018-10-29T22:00:00.0000000Z,9,3.565
1567,419.0,420.31415938,419.0,420.31415938,2018-10-29T23:58:08.0330000Z,2018-10-29T23:33:04.9070000Z,2018-10-30T00:00:00.0000000Z,2018-10-29T23:00:00.0000000Z,19,20.99281444
1568,419.0,420.28848733,419.0,419.0,2018-10-30T00:41:25.0630000Z,2018-10-30T00:02:04.4170000Z,2018-10-30T01:00:00.0000000Z,2018-10-30T00:00:00.0000000Z,16,28.48270695
1569,419.00001,419.00001,419.00001,419.00001,2018-10-30T01:07:10.4870000Z,2018-10-30T01:07:10.4870000Z,2018-10-30T02:00:00.0000000Z,2018-10-30T01:00:00.0000000Z,1,0.05979938
1570,419.08533888,419.40456298,419.08533888,419.40456298,2018-10-30T03:41:54.1630000Z,2018-10-30T03:20:17.2800000Z,2018-10-30T04:00:00.0000000Z,2018-10-30T03:00:00.0000000Z,2,0.25048666
1571,421.5,423.30181896,421.5,422.20128235,2018-10-30T05:47:21.8200000Z,2018-10-30T05:15:01.1530000Z,2018-10-30T06:00:00.0000000Z,2018-10-30T05:00:00.0000000Z,22,22.39923567
1572,421.0,421.5,421.0,421.5,2018-10-30T06:33:53.1300000Z,2018-10-30T06:07:58.3900000Z,2018-10-30T07:00:00.0000000Z,2018-10-30T06:00:00.0000000Z,5,12.3564
1573,421.0,422.69024973,421.0,422.0,2018-10-30T07:25:39.0430000Z,2018-10-30T07:18:20.2330000Z,2018-10-30T08:00:00.0000000Z,2018-10-30T07:00:00.0000000Z,12,1.5692
1574,420.21220712,422.0,420.21220712,422.0,2018-10-30T08:36:54.2130000Z,2018-10-30T08:02:26.4100000Z,2018-10-30T09:00:00.0000000Z,2018-10-30T08:00:00.0000000Z,24,52.50049273
1575,421.71304109,421.72,420.21220712,420.21220712,2018-10-30T09:59:09.4030000Z,2018-10-30T09:00:31.3700000Z,2018-10-30T10:00:00.0000000Z,2018-10-30T09:00:00.0000000Z,5,1.64407507
1576,420.21220712,420.21220712,420.21220712,420.21220712,2018-10-30T10:37:25.2470000Z,2018-10-30T10:37:25.2470000Z,2018-10-30T11:00:00.0000000Z,2018-10-30T10:00:00.0000000Z,1,46.97987057
1577,421.59436148,421.59436148,421.59436148,421.59436148,2018-10-30T11:20:07.3900000Z,2018-10-30T11:20:07.3900000Z,2018-10-30T12:00:00.0000000Z,2018-10-30T11:00:00.0000000Z,1,0.026000000000000002
1578,422.5,422.5,422.5,422.5,2018-10-30T12:13:26.5430000Z,2018-10-30T12:13:26.5430000Z,2018-10-30T13:00:00.0000000Z,2018-10-30T12:00:00.0000000Z,1,0.47374042
1579,420.6,422.49999999,420.21220712,420.21220712,2018-10-30T13:47:56.9730000Z,2018-10-30T13:32:37.0870000Z,2018-10-30T14:00:00.0000000Z,2018-10-30T13:00:00.0000000Z,7,2.4266813
1580,422.79899618,422.79899618,420.21220712,420.21220712,2018-10-30T14:26:15.6270000Z,2018-10-30T14:03:59.2700000Z,2018-10-30T15:00:00.0000000Z,2018-10-30T14:00:00.0000000Z,3,0.7777371
1581,420.21220712,422.71245987,420.21220712,422.71245987,2018-10-30T15:59:23.0130000Z,2018-10-30T15:13:50.4600000Z,2018-10-30T16:00:00.0000000Z,2018-10-30T15:00:00.0000000Z,4,3.8146153099999998
1582,419.04327564,420.9230201,419.04327564,420.21220712,2018-10-30T16:47:01.0400000Z,2018-10-30T16:06:37.6230000Z,2018-10-30T17:00:00.0000000Z,2018-10-30T16:00:00.0000000Z,6,0.97020585
1583,419.04327564,419.5818888,419.04327564,419.5818888,2018-10-30T17:41:14.7670000Z,2018-10-30T17:16:45.3300000Z,2018-10-30T18:00:00.0000000Z,2018-10-30T17:00:00.0000000Z,7,1.79977048
1584,417.17124437,419.04327564,417.17124437,419.04327564,2018-10-30T18:49:12.0670000Z,2018-10-30T18:19:15.7030000Z,2018-10-30T19:00:00.0000000Z,2018-10-30T18:00:00.0000000Z,11,6.40621378
1585,420.55628967,420.55628967,420.03174381,420.03174381,2018-10-30T19:38:10.4870000Z,2018-10-30T19:22:50.8630000Z,2018-10-30T20:00:00.0000000Z,2018-10-30T19:00:00.0000000Z,2,0.0868626
1586,416.718294,420.03655641,416.718294,420.03655641,2018-10-30T20:50:17.5670000Z,2018-10-30T20:05:55.7230000Z,2018-10-30T21:00:00.0000000Z,2018-10-30T20:00:00.0000000Z,3,0.40410621
1587,416.718294,417.0,416.718294,417.0,2018-10-30T21:48:26.6400000Z,2018-10-30T21:47:12.7600000Z,2018-10-30T22:00:00.0000000Z,2018-10-30T21:00:00.0000000Z,3,1.37055475
1588,424.99999999,425.0,418.16570468,419.43195165,2018-10-30T22:57:42.7430000Z,2018-10-30T22:13:47.3770000Z,2018-10-30T23:00:00.0000000Z,2018-10-30T22:00:00.0000000Z,20,8.52737751
1589,424.99999999,424.99999999,421.81874983,424.99999999,2018-10-30T23:36:30.4800000Z,2018-10-30T23:09:12.7500000Z,2018-10-31T00:00:00.0000000Z,2018-10-30T23:00:00.0000000Z,5,0.79818855
1590,422.66389323,422.66389323,422.66389323,422.66389323,2018-10-31T01:14:37.2870000Z,2018-10-31T01:14:37.2870000Z,2018-10-31T02:00:00.0000000Z,2018-10-31T01:00:00.0000000Z,1,0.23600000000000002
1591,422.0192817,422.0192817,421.61355944,421.61355944,2018-10-31T02:39:18.0730000Z,2018-10-31T02:10:09.2600000Z,2018-10-31T03:00:00.0000000Z,2018-10-31T02:00:00.0000000Z,5,1.07069379
1592,424.9999977,424.99999923,424.99999769,424.99999922,2018-10-31T03:33:54.2730000Z,2018-10-31T03:07:31.2330000Z,2018-10-31T04:00:00.0000000Z,2018-10-31T03:00:00.0000000Z,4,7.534
1593,420.80439055,421.32709391,420.80439055,421.32709391,2018-10-31T05:49:02.3130000Z,2018-10-31T05:21:10.5170000Z,2018-10-31T06:00:00.0000000Z,2018-10-31T05:00:00.0000000Z,2,0.98
1594,422.35006149,423.59960717,419.00006844,423.59960717,2018-10-31T07:57:10.7400000Z,2018-10-31T07:16:56.2800000Z,2018-10-31T08:00:00.0000000Z,2018-10-31T07:00:00.0000000Z,4,0.63776902
1595,422.07984327,422.10694483,419.00010136,419.00010136,2018-10-31T08:28:15.8270000Z,2018-10-31T08:26:31.4800000Z,2018-10-31T09:00:00.0000000Z,2018-10-31T08:00:00.0000000Z,6,0.70789349
1596,421.49712174,421.49712174,421.49712174,421.49712174,2018-10-31T09:43:32.9170000Z,2018-10-31T09:43:32.9170000Z,2018-10-31T10:00:00.0000000Z,2018-10-31T09:00:00.0000000Z,1,0.2
1597,419.0,421.36744538,419.0,421.36744538,2018-10-31T10:56:20.5000000Z,2018-10-31T10:47:41.8900000Z,2018-10-31T11:00:00.0000000Z,2018-10-31T10:00:00.0000000Z,2,0.048909390000000004
1598,420.56056408,420.56056408,420.56056408,420.56056408,2018-10-31T13:05:09.5370000Z,2018-10-31T13:05:09.5370000Z,2018-10-31T14:00:00.0000000Z,2018-10-31T13:00:00.0000000Z,1,0.035
1599,412.0,420.14460802,412.0,420.14460802,2018-10-31T14:55:02.4230000Z,2018-10-31T14:23:55.8070000Z,2018-10-31T15:00:00.0000000Z,2018-10-31T14:00:00.0000000Z,21,2.48731286
1600,428.8207726,431.26810357,410.42949121,412.00000001,2018-10-31T15:58:04.7230000Z,2018-10-31T15:00:31.3700000Z,2018-10-31T16:00:00.0000000Z,2018-10-31T15:00:00.0000000Z,102,153.63683169
1601,428.0,430.09255765,427.0,427.0,2018-10-31T16:53:08.7770000Z,2018-10-31T16:10:55.5430000Z,2018-10-31T17:00:00.0000000Z,2018-10-31T16:00:00.0000000Z,8,2.9402931199999998
1602,429.62324733,429.62324733,429.62324733,429.62324733,2018-10-31T17:36:39.0870000Z,2018-10-31T17:36:39.0870000Z,2018-10-31T18:00:00.0000000Z,2018-10-31T17:00:00.0000000Z,1,1.14451432
1603,429.43932822,429.43932822,425.88937429,428.2569559,2018-10-31T18:51:57.1000000Z,2018-10-31T18:37:35.4200000Z,2018-10-31T19:00:00.0000000Z,2018-10-31T18:00:00.0000000Z,11,4.96753015
1604,426.52433459,426.52433459,426.52433459,426.52433459,2018-10-31T19:15:58.1770000Z,2018-10-31T19:15:58.1770000Z,2018-10-31T20:00:00.0000000Z,2018-10-31T19:00:00.0000000Z,1,0.02932449
1605,426.55125622,426.55125622,426.55125622,426.55125622,2018-10-31T20:08:07.0170000Z,2018-10-31T20:08:07.0170000Z,2018-10-31T21:00:00.0000000Z,2018-10-31T20:00:00.0000000Z,1,1.21610118
1606,426.4442441,426.4442441,426.29106939,426.2910694,2018-10-31T21:55:09.9630000Z,2018-10-31T21:36:15.1170000Z,2018-10-31T22:00:00.0000000Z,2018-10-31T21:00:00.0000000Z,3,20.84759657
1607,428.7,428.7,428.7,428.7,2018-10-31T22:27:40.6470000Z,2018-10-31T22:27:40.6470000Z,2018-10-31T23:00:00.0000000Z,2018-10-31T22:00:00.0000000Z,1,0.63554694
1608,427.5,428.2,427.5,428.2,2018-10-31T23:45:44.0070000Z,2018-10-31T23:30:15.5730000Z,2018-11-01T00:00:00.0000000Z,2018-10-31T23:00:00.0000000Z,2,0.66778786
1609,425.02811074,427.5,425.02811074,427.5,2018-11-01T00:55:30.0930000Z,2018-11-01T00:00:38.7630000Z,2018-11-01T01:00:00.0000000Z,2018-11-01T00:00:00.0000000Z,5,6.56040568
1610,425.03275451,425.03275451,425.03275451,425.03275451,2018-11-01T01:01:19.7430000Z,2018-11-01T01:01:19.7430000Z,2018-11-01T02:00:00.0000000Z,2018-11-01T01:00:00.0000000Z,1,0.02823529
1611,427.993121,428.0,427.80294936,427.80294937,2018-11-01T02:47:59.6800000Z,2018-11-01T02:18:21.8630000Z,2018-11-01T03:00:00.0000000Z,2018-11-01T02:00:00.0000000Z,11,23.49218478
1612,429.00945596,429.00945596,425.43434261,425.43434261,2018-11-01T03:27:12.6900000Z,2018-11-01T03:17:46.4970000Z,2018-11-01T04:00:00.0000000Z,2018-11-01T03:00:00.0000000Z,3,0.29872535
1613,428.76853842,428.76853842,425.0,425.00018332,2018-11-01T04:58:52.5170000Z,2018-11-01T04:30:33.7970000Z,2018-11-01T05:00:00.0000000Z,2018-11-01T04:00:00.0000000Z,4,0.94046147
1614,424.43835857,424.43835857,424.43835857,424.43835857,2018-11-01T06:28:24.2200000Z,2018-11-01T06:28:24.2200000Z,2018-11-01T07:00:00.0000000Z,2018-11-01T06:00:00.0000000Z,1,0.04705289
1615,427.28276364,427.28276364,424.43835857,424.43835857,2018-11-01T07:51:00.7870000Z,2018-11-01T07:27:10.5230000Z,2018-11-01T08:00:00.0000000Z,2018-11-01T07:00:00.0000000Z,11,4.30355081
1616,427.04301869,427.0430187,424.40694195,424.40694195,2018-11-01T08:38:23.8870000Z,2018-11-01T08:23:43.8900000Z,2018-11-01T09:00:00.0000000Z,2018-11-01T08:00:00.0000000Z,6,3.17410974
1617,427.53242538,427.53242538,427.53242538,427.53242538,2018-11-01T09:11:41.0730000Z,2018-11-01T09:11:41.0730000Z,2018-11-01T10:00:00.0000000Z,2018-11-01T09:00:00.0000000Z,1,0.024
1618,427.57205859,427.57205859,427.57205859,427.57205859,2018-11-01T10:10:59.9900000Z,2018-11-01T10:10:59.9900000Z,2018-11-01T11:00:00.0000000Z,2018-11-01T10:00:00.0000000Z,1,0.1
1619,427.19070008,427.19070008,427.19070008,427.19070008,2018-11-01T11:42:46.7800000Z,2018-11-01T11:42:46.7800000Z,2018-11-01T12:00:00.0000000Z,2018-11-01T11:00:00.0000000Z,1,0.29424753
1620,426.75704379,426.75704379,426.75704379,426.75704379,2018-11-01T13:30:07.1830000Z,2018-11-01T13:30:07.1830000Z,2018-11-01T14:00:00.0000000Z,2018-11-01T13:00:00.0000000Z,1,0.06122598
1621,423.90729938,427.42836791,423.90729938,427.42836791,2018-11-01T15:25:16.6670000Z,2018-11-01T15:10:31.3430000Z,2018-11-01T16:00:00.0000000Z,2018-11-01T15:00:00.0000000Z,5,0.13123079999999998
1622,424.057,424.057,424.057,424.057,2018-11-01T16:48:49.5500000Z,2018-11-01T16:43:55.6030000Z,2018-11-01T17:00:00.0000000Z,2018-11-01T16:00:00.0000000Z,2,0.07132000000000001
1623,426.76822776,427.41509981,426.76822776,427.41509981,2018-11-01T17:59:44.0770000Z,2018-11-01T17:00:07.8500000Z,2018-11-01T18:00:00.0000000Z,2018-11-01T17:00:00.0000000Z,2,0.08367575000000001
1624,426.92518016,426.92518016,426.92518016,426.92518016,2018-11-01T18:43:24.5470000Z,2018-11-01T18:43:24.5470000Z,2018-11-01T19:00:00.0000000Z,2018-11-01T18:00:00.0000000Z,1,0.2525
1625,425.3235932,425.3235932,425.17605325,425.17605325,2018-11-01T20:55:06.0730000Z,2018-11-01T20:53:02.3030000Z,2018-11-01T21:00:00.0000000Z,2018-11-01T20:00:00.0000000Z,2,2.25163948
1626,427.04370447,429.99999958,427.04370447,429.99999958,2018-11-01T21:55:38.0830000Z,2018-11-01T21:53:52.5500000Z,2018-11-01T22:00:00.0000000Z,2018-11-01T21:00:00.0000000Z,2,0.08095509000000001
1627,428.61615205,428.767,428.61615205,428.63933226,2018-11-01T22:59:08.6200000Z,2018-11-01T22:53:18.6730000Z,2018-11-01T23:00:00.0000000Z,2018-11-01T22:00:00.0000000Z,5,95.30297012
1628,430.1482679,430.1482679,430.0,430.0,2018-11-02T00:58:48.5130000Z,2018-11-02T00:58:48.3230000Z,2018-11-02T01:00:00.0000000Z,2018-11-02T00:00:00.0000000Z,2,0.07179729
1629,432.98071624,432.98071624,432.0,432.0,2018-11-02T01:55:41.3770000Z,2018-11-02T01:44:01.2330000Z,2018-11-02T02:00:00.0000000Z,2018-11-02T01:00:00.0000000Z,4,0.31487044000000003
1630,429.38933362,432.98071575,429.38933362,432.9807156,2018-11-02T02:04:01.1470000Z,2018-11-02T02:03:05.0500000Z,2018-11-02T03:00:00.0000000Z,2018-11-02T02:00:00.0000000Z,3,0.81900055
1631,428.53981847,428.53981847,428.51712632,428.51712788,2018-11-02T05:22:24.3930000Z,2018-11-02T05:20:28.6870000Z,2018-11-02T06:00:00.0000000Z,2018-11-02T05:00:00.0000000Z,3,7.0
1632,428.0,428.0,428.0,428.0,2018-11-02T07:39:25.8770000Z,2018-11-02T07:39:25.8770000Z,2018-11-02T08:00:00.0000000Z,2018-11-02T07:00:00.0000000Z,1,0.00892563
1633,427.0,429.05407431,427.0,429.05407431,2018-11-02T08:59:28.7800000Z,2018-11-02T08:49:05.1830000Z,2018-11-02T09:00:00.0000000Z,2018-11-02T08:00:00.0000000Z,3,0.04877636
1634,429.05407442,429.05407442,425.8839778,425.8839778,2018-11-02T09:07:07.9400000Z,2018-11-02T09:02:31.8670000Z,2018-11-02T10:00:00.0000000Z,2018-11-02T09:00:00.0000000Z,3,1.01047268
1635,429.03699474,429.03699474,429.03699474,429.03699474,2018-11-02T10:08:08.0200000Z,2018-11-02T10:08:08.0200000Z,2018-11-02T11:00:00.0000000Z,2018-11-02T10:00:00.0000000Z,1,0.031
1636,440.0059749,440.0059749,426.00037219,426.00037219,2018-11-02T12:56:02.3830000Z,2018-11-02T12:14:54.8870000Z,2018-11-02T13:00:00.0000000Z,2018-11-02T12:00:00.0000000Z,38,127.3401384
1637,455.28100299,464.0,438.49070322,438.49070322,2018-11-02T13:49:30.4200000Z,2018-11-02T13:00:18.2030000Z,2018-11-02T14:00:00.0000000Z,2018-11-02T13:00:00.0000000Z,177,95.34503354
1638,459.82241554,462.99982924,454.99477681,458.61921456,2018-11-02T14:58:15.1030000Z,2018-11-02T14:04:43.8600000Z,2018-11-02T15:00:00.0000000Z,2018-11-02T14:00:00.0000000Z,33,45.20320698
1639,456.50002254,462.99990753,456.50002254,462.99990752,2018-11-02T15:57:39.6100000Z,2018-11-02T15:07:05.7800000Z,2018-11-02T16:00:00.0000000Z,2018-11-02T15:00:00.0000000Z,18,19.19828606
1640,460.49999999,462.07866244,457.12142766,462.07866244,2018-11-02T16:49:48.9330000Z,2018-11-02T16:16:07.2470000Z,2018-11-02T17:00:00.0000000Z,2018-11-02T16:00:00.0000000Z,13,13.68071085
1641,466.47805722,474.0,460.5,460.5,2018-11-02T17:57:12.4430000Z,2018-11-02T17:12:26.0500000Z,2018-11-02T18:00:00.0000000Z,2018-11-02T17:00:00.0000000Z,75,22.17994781
1642,470.69450273,476.833,466.64428225,467.0,2018-11-02T18:56:16.6970000Z,2018-11-02T18:07:15.3230000Z,2018-11-02T19:00:00.0000000Z,2018-11-02T18:00:00.0000000Z,27,10.22862126
1643,467.94876602,473.87503548,467.94876157,471.18842685,2018-11-02T19:59:14.5370000Z,2018-11-02T19:05:01.8400000Z,2018-11-02T20:00:00.0000000Z,2018-11-02T19:00:00.0000000Z,18,19.6488585
1644,466.02304514,470.13717538,466.02304514,470.13717538,2018-11-02T20:58:43.0170000Z,2018-11-02T20:10:11.5870000Z,2018-11-02T21:00:00.0000000Z,2018-11-02T20:00:00.0000000Z,17,17.47590002
1645,464.43403773,467.35245545,464.43403773,466.03,2018-11-02T21:58:51.0900000Z,2018-11-02T21:16:31.8530000Z,2018-11-02T22:00:00.0000000Z,2018-11-02T21:00:00.0000000Z,44,27.8671297
1646,463.59971257,464.43403773,463.5,464.43403773,2018-11-02T22:45:39.2600000Z,2018-11-02T22:01:14.1130000Z,2018-11-02T23:00:00.0000000Z,2018-11-02T22:00:00.0000000Z,4,3.43891232
1647,462.67058304,464.0,462.67058304,464.0,2018-11-03T00:47:52.4970000Z,2018-11-03T00:21:34.7930000Z,2018-11-03T01:00:00.0000000Z,2018-11-03T00:00:00.0000000Z,9,2.90654
1648,463.60576842,463.60576842,463.60576842,463.60576842,2018-11-03T01:08:24.9500000Z,2018-11-03T01:08:24.9500000Z,2018-11-03T02:00:00.0000000Z,2018-11-03T01:00:00.0000000Z,1,0.018000000000000002
1649,463.00039749,467.9999994,463.00000001,463.9,2018-11-03T02:53:21.2670000Z,2018-11-03T02:00:52.4600000Z,2018-11-03T03:00:00.0000000Z,2018-11-03T02:00:00.0000000Z,15,18.91226428
1650,466.7,466.7,463.00056559,463.00056559,2018-11-03T03:59:56.1400000Z,2018-11-03T03:00:08.1570000Z,2018-11-03T04:00:00.0000000Z,2018-11-03T03:00:00.0000000Z,4,0.2016545
1651,463.03074935,466.87643318,463.03074935,466.87643318,2018-11-03T04:55:04.9800000Z,2018-11-03T04:01:58.9070000Z,2018-11-03T05:00:00.0000000Z,2018-11-03T04:00:00.0000000Z,2,0.44912434
1652,466.08994007,466.0931769,463.00010524,463.00010525,2018-11-03T05:51:37.0370000Z,2018-11-03T05:12:20.6370000Z,2018-11-03T06:00:00.0000000Z,2018-11-03T05:00:00.0000000Z,7,16.63279676
1653,464.0,464.99999998,464.0,464.99999998,2018-11-03T07:58:23.0770000Z,2018-11-03T07:30:02.0170000Z,2018-11-03T08:00:00.0000000Z,2018-11-03T07:00:00.0000000Z,3,0.37247521
1654,464.0,464.0,463.0,463.0,2018-11-03T08:51:20.5370000Z,2018-11-03T08:14:40.4800000Z,2018-11-03T09:00:00.0000000Z,2018-11-03T08:00:00.0000000Z,13,4.19823035
1655,458.05856547,463.0,456.00000248,463.0,2018-11-03T09:55:41.2900000Z,2018-11-03T09:21:20.2170000Z,2018-11-03T10:00:00.0000000Z,2018-11-03T09:00:00.0000000Z,30,25.37490939
1656,470.0,470.0,461.88999999,461.88999999,2018-11-03T10:59:48.5770000Z,2018-11-03T10:52:26.6070000Z,2018-11-03T11:00:00.0000000Z,2018-11-03T10:00:00.0000000Z,13,6.04997511
1657,477.05366248,477.30750126,470.0,470.0,2018-11-03T11:26:06.6030000Z,2018-11-03T11:00:02.3730000Z,2018-11-03T12:00:00.0000000Z,2018-11-03T11:00:00.0000000Z,141,77.68414297
1658,476.16204907,482.98371882,476.16204366,477.0,2018-11-03T12:44:37.9270000Z,2018-11-03T12:06:47.8200000Z,2018-11-03T13:00:00.0000000Z,2018-11-03T12:00:00.0000000Z,77,216.41034788
1659,470.16564034,482.36696059,470.16462208,482.36696043,2018-11-03T13:59:14.7100000Z,2018-11-03T13:02:18.7970000Z,2018-11-03T14:00:00.0000000Z,2018-11-03T13:00:00.0000000Z,24,16.925511020000002
1660,472.00000001,473.57553277,472.00000001,473.57553277,2018-11-03T14:50:49.7970000Z,2018-11-03T14:08:11.3700000Z,2018-11-03T15:00:00.0000000Z,2018-11-03T14:00:00.0000000Z,10,26.22619439
1661,476.86425586,476.86425586,473.0,473.0,2018-11-03T15:57:50.7170000Z,2018-11-03T15:21:08.6000000Z,2018-11-03T16:00:00.0000000Z,2018-11-03T15:00:00.0000000Z,3,0.37000959
1662,476.86,478.00261333,476.86,476.86425586,2018-11-03T16:28:55.8170000Z,2018-11-03T16:09:23.9270000Z,2018-11-03T17:00:00.0000000Z,2018-11-03T16:00:00.0000000Z,4,11.49720968
1663,478.0,478.0,471.96006622,474.3,2018-11-03T17:50:36.1030000Z,2018-11-03T17:09:19.9230000Z,2018-11-03T18:00:00.0000000Z,2018-11-03T17:00:00.0000000Z,28,106.57927754
1664,482.59498317,482.59499602,481.5235,481.5235,2018-11-03T18:59:40.4570000Z,2018-11-03T18:59:07.9500000Z,2018-11-03T19:00:00.0000000Z,2018-11-03T18:00:00.0000000Z,5,79.38746266
1665,484.9999986,484.9999986,478.20100172,482.594,2018-11-03T19:36:26.1530000Z,2018-11-03T19:00:04.6130000Z,2018-11-03T20:00:00.0000000Z,2018-11-03T19:00:00.0000000Z,35,43.52032453
1666,485.99999997,487.0,482.85147982,484.9999986,2018-11-03T20:49:42.2000000Z,2018-11-03T20:05:34.0130000Z,2018-11-03T21:00:00.0000000Z,2018-11-03T20:00:00.0000000Z,133,246.46629996
1667,478.00000842,482.9995373,477.49380981,482.00000305,2018-11-03T21:52:44.6900000Z,2018-11-03T21:06:04.1130000Z,2018-11-03T22:00:00.0000000Z,2018-11-03T21:00:00.0000000Z,105,326.84165866
1668,482.249,483.399,479.956,480.42741121,2018-11-03T22:47:45.0600000Z,2018-11-03T22:02:57.2730000Z,2018-11-03T23:00:00.0000000Z,2018-11-03T22:00:00.0000000Z,60,9.28939594
1669,482.749,484.657,478.0000681,481.0,2018-11-03T23:58:58.0230000Z,2018-11-03T23:03:42.0030000Z,2018-11-04T00:00:00.0000000Z,2018-11-03T23:00:00.0000000Z,39,31.35850728
1670,486.999,487.0,479.13864983,479.13864983,2018-11-04T00:59:45.8770000Z,2018-11-04T00:31:51.2600000Z,2018-11-04T01:00:00.0000000Z,2018-11-04T00:00:00.0000000Z,57,36.92168167
1671,490.16414977,491.174105,485.7,486.99997297,2018-11-04T01:46:02.0900000Z,2018-11-04T01:00:30.3000000Z,2018-11-04T02:00:00.0000000Z,2018-11-04T01:00:00.0000000Z,38,17.49749779
1672,500.0,501.99999998,490.00300001,491.174105,2018-11-04T02:59:53.4600000Z,2018-11-04T02:01:38.2000000Z,2018-11-04T03:00:00.0000000Z,2018-11-04T02:00:00.0000000Z,121,50.10573605
1673,501.99999613,504.0,495.36512498,500.0,2018-11-04T03:56:55.0570000Z,2018-11-04T03:02:17.1200000Z,2018-11-04T04:00:00.0000000Z,2018-11-04T03:00:00.0000000Z,108,301.63164005
1674,515.0,515.0,501.0,501.0,2018-11-04T04:55:03.1200000Z,2018-11-04T04:01:42.0500000Z,2018-11-04T05:00:00.0000000Z,2018-11-04T04:00:00.0000000Z,321,573.30469307
1675,525.22785547,525.22785547,508.00000018,514.30008966,2018-11-04T05:59:35.9000000Z,2018-11-04T05:00:05.8200000Z,2018-11-04T06:00:00.0000000Z,2018-11-04T05:00:00.0000000Z,89,79.83465663
1676,531.99999633,551.63590103,524.5,524.5,2018-11-04T06:58:36.0900000Z,2018-11-04T06:00:11.7130000Z,2018-11-04T07:00:00.0000000Z,2018-11-04T06:00:00.0000000Z,204,180.83143278
1677,537.99592127,538.47118283,524.71413508,531.89999997,2018-11-04T07:55:28.0770000Z,2018-11-04T07:00:57.4570000Z,2018-11-04T08:00:00.0000000Z,2018-11-04T07:00:00.0000000Z,100,110.78491857
1678,542.034,542.099,528.0,533.0,2018-11-04T08:59:10.8330000Z,2018-11-04T08:05:33.2430000Z,2018-11-04T09:00:00.0000000Z,2018-11-04T08:00:00.0000000Z,103,36.87263508
1679,539.083,546.0738,535.00000844,542.099,2018-11-04T09:59:55.2100000Z,2018-11-04T09:00:19.1500000Z,2018-11-04T10:00:00.0000000Z,2018-11-04T09:00:00.0000000Z,88,30.59670247
1680,537.8449998,539.083,530.0,539.083,2018-11-04T10:49:32.0770000Z,2018-11-04T10:00:05.8330000Z,2018-11-04T11:00:00.0000000Z,2018-11-04T10:00:00.0000000Z,56,49.84487106
1681,536.9,537.844,531.88074338,536.0,2018-11-04T11:59:53.7600000Z,2018-11-04T11:07:52.1770000Z,2018-11-04T12:00:00.0000000Z,2018-11-04T11:00:00.0000000Z,65,23.89981404
1682,547.3192035,553.59,533.75637127,533.75637127,2018-11-04T12:57:43.4230000Z,2018-11-04T12:00:02.3100000Z,2018-11-04T13:00:00.0000000Z,2018-11-04T12:00:00.0000000Z,156,303.25663159
1683,558.36139028,558.36139028,542.02760417,542.02760417,2018-11-04T13:58:28.9400000Z,2018-11-04T13:00:03.3370000Z,2018-11-04T14:00:00.0000000Z,2018-11-04T13:00:00.0000000Z,35,20.86707441
1684,552.79747118,555.58998982,546.60200309,555.58998982,2018-11-04T14:58:28.7230000Z,2018-11-04T14:00:19.2870000Z,2018-11-04T15:00:00.0000000Z,2018-11-04T14:00:00.0000000Z,36,29.93091856
1685,570.99999996,573.65459696,548.28881686,552.79747657,2018-11-04T15:59:34.9670000Z,2018-11-04T15:01:02.1200000Z,2018-11-04T16:00:00.0000000Z,2018-11-04T15:00:00.0000000Z,213,156.63654169
1686,573.38864994,580.0,562.1013748,565.55,2018-11-04T16:56:54.1330000Z,2018-11-04T16:02:45.3200000Z,2018-11-04T17:00:00.0000000Z,2018-11-04T16:00:00.0000000Z,101,162.28086701
1687,585.57262479,585.57262479,567.88104545,573.389,2018-11-04T17:59:00.0600000Z,2018-11-04T17:00:03.8930000Z,2018-11-04T18:00:00.0000000Z,2018-11-04T17:00:00.0000000Z,73,47.29843584
1688,589.999,592.0,579.82538912,585.57262479,2018-11-04T18:59:26.0800000Z,2018-11-04T18:00:34.8600000Z,2018-11-04T19:00:00.0000000Z,2018-11-04T18:00:00.0000000Z,155,122.05544117
1689,561.0,591.99940798,560.0,588.47414187,2018-11-04T19:58:20.7530000Z,2018-11-04T19:00:01.7370000Z,2018-11-04T20:00:00.0000000Z,2018-11-04T19:00:00.0000000Z,115,57.05653259
1690,558.00148025,560.29310036,550.00031224,560.00058969,2018-11-04T20:59:55.4030000Z,2018-11-04T20:00:11.3830000Z,2018-11-04T21:00:00.0000000Z,2018-11-04T20:00:00.0000000Z,106,141.8203934
1691,560.0,569.12293889,556.60657136,558.00148025,2018-11-04T21:39:23.9330000Z,2018-11-04T21:03:02.2070000Z,2018-11-04T22:00:00.0000000Z,2018-11-04T21:00:00.0000000Z,42,30.20927758
1692,567.00049744,574.61982646,560.27325125,560.33,2018-11-04T22:56:15.5170000Z,2018-11-04T22:05:15.8070000Z,2018-11-04T23:00:00.0000000Z,2018-11-04T22:00:00.0000000Z,47,15.18189852
1693,570.0,579.15881055,570.0,574.61982662,2018-11-04T23:58:11.4730000Z,2018-11-04T23:03:58.4400000Z,2018-11-05T00:00:00.0000000Z,2018-11-04T23:00:00.0000000Z,35,11.33269575
1694,566.19842613,569.32498453,555.00000347,569.32498453,2018-11-05T00:58:40.1870000Z,2018-11-05T00:07:03.2770000Z,2018-11-05T01:00:00.0000000Z,2018-11-05T00:00:00.0000000Z,22,4.5350673
1695,545.40193923,565.15320547,541.35757079,565.15320547,2018-11-05T01:58:39.0300000Z,2018-11-05T01:01:03.9400000Z,2018-11-05T02:00:00.0000000Z,2018-11-05T01:00:00.0000000Z,78,43.63381483
1696,544.34538092,546.63096811,540.00000001,540.00000001,2018-11-05T02:50:49.0930000Z,2018-11-05T02:00:49.3600000Z,2018-11-05T03:00:00.0000000Z,2018-11-05T02:00:00.0000000Z,31,60.01906993
1697,544.89193718,550.04544195,542.079676,542.079676,2018-11-05T03:53:10.4930000Z,2018-11-05T03:01:01.6600000Z,2018-11-05T04:00:00.0000000Z,2018-11-05T03:00:00.0000000Z,29,19.21847037
1698,545.62097741,547.523,545.62097741,545.62097741,2018-11-05T04:59:11.8630000Z,2018-11-05T04:34:12.8000000Z,2018-11-05T05:00:00.0000000Z,2018-11-05T04:00:00.0000000Z,25,5.14894851
1699,548.56476096,548.56476097,540.79451711,545.0,2018-11-05T05:58:52.6300000Z,2018-11-05T05:00:02.4130000Z,2018-11-05T06:00:00.0000000Z,2018-11-05T05:00:00.0000000Z,34,28.39227355
1700,564.3,568.057,547.3471481,548.56476096,2018-11-05T06:59:32.3930000Z,2018-11-05T06:00:07.8200000Z,2018-11-05T07:00:00.0000000Z,2018-11-05T06:00:00.0000000Z,79,40.40784596
1701,558.73144833,564.0,552.8248684,564.0,2018-11-05T07:55:09.7130000Z,2018-11-05T07:00:17.1470000Z,2018-11-05T08:00:00.0000000Z,2018-11-05T07:00:00.0000000Z,21,24.86022483
1702,556.0,557.28248579,556.0,557.28248575,2018-11-05T08:21:59.1530000Z,2018-11-05T08:07:40.1330000Z,2018-11-05T09:00:00.0000000Z,2018-11-05T08:00:00.0000000Z,5,0.93758255
1703,565.70972265,565.70972265,554.01799594,556.0,2018-11-05T09:58:58.1430000Z,2018-11-05T09:02:54.7070000Z,2018-11-05T10:00:00.0000000Z,2018-11-05T09:00:00.0000000Z,76,29.1360883
1704,570.49999998,576.76275057,565.0,565.709,2018-11-05T10:53:01.2900000Z,2018-11-05T10:02:19.9200000Z,2018-11-05T11:00:00.0000000Z,2018-11-05T10:00:00.0000000Z,139,27.08933079
1705,564.16676098,570.92749897,560.374196,570.5,2018-11-05T11:41:05.5670000Z,2018-11-05T11:06:35.7970000Z,2018-11-05T12:00:00.0000000Z,2018-11-05T11:00:00.0000000Z,34,24.3308755
1706,570.0,570.0,564.07780593,568.69683954,2018-11-05T12:45:41.8500000Z,2018-11-05T12:11:07.1000000Z,2018-11-05T13:00:00.0000000Z,2018-11-05T12:00:00.0000000Z,35,21.16575364
1707,579.27013189,582.0,565.87441593,565.87441593,2018-11-05T13:59:40.5330000Z,2018-11-05T13:00:05.6370000Z,2018-11-05T14:00:00.0000000Z,2018-11-05T13:00:00.0000000Z,58,31.46543644
1708,581.10962372,583.23912388,575.0437487,580.0,2018-11-05T14:59:11.7300000Z,2018-11-05T14:11:19.7370000Z,2018-11-05T15:00:00.0000000Z,2018-11-05T14:00:00.0000000Z,37,24.18672184
1709,556.40212507,569.41411684,556.40212507,569.41411684,2018-11-05T15:55:02.4100000Z,2018-11-05T15:11:22.9530000Z,2018-11-05T16:00:00.0000000Z,2018-11-05T15:00:00.0000000Z,43,88.17275026
1710,559.89707833,560.99888343,552.359,558.75543675,2018-11-05T16:55:53.8070000Z,2018-11-05T16:01:21.0400000Z,2018-11-05T17:00:00.0000000Z,2018-11-05T16:00:00.0000000Z,188,606.43248565
1711,547.0,558.3,547.0,558.3,2018-11-05T17:48:29.0000000Z,2018-11-05T17:03:00.2030000Z,2018-11-05T18:00:00.0000000Z,2018-11-05T17:00:00.0000000Z,59,106.13434413
1712,553.50000001,559.93091725,547.81050023,547.81050023,2018-11-05T18:53:30.4530000Z,2018-11-05T18:01:50.7530000Z,2018-11-05T19:00:00.0000000Z,2018-11-05T18:00:00.0000000Z,26,28.20620049
1713,558.0,558.0,555.57232838,556.11813477,2018-11-05T19:31:30.0070000Z,2018-11-05T19:08:26.6200000Z,2018-11-05T20:00:00.0000000Z,2018-11-05T19:00:00.0000000Z,5,0.48967182000000004
1714,563.607,563.607,558.0,558.0,2018-11-05T20:59:07.9030000Z,2018-11-05T20:39:56.1730000Z,2018-11-05T21:00:00.0000000Z,2018-11-05T20:00:00.0000000Z,24,66.43035812
1715,558.6,563.607,558.6,563.607,2018-11-05T21:47:01.0600000Z,2018-11-05T21:00:10.4870000Z,2018-11-05T22:00:00.0000000Z,2018-11-05T21:00:00.0000000Z,37,17.76705025
1716,558.0,558.0,556.46425997,556.46425998,2018-11-05T22:46:05.5400000Z,2018-11-05T22:16:06.8300000Z,2018-11-05T23:00:00.0000000Z,2018-11-05T22:00:00.0000000Z,31,29.03424
1717,561.0,561.0,554.13421089,556.0,2018-11-05T23:53:37.9330000Z,2018-11-05T23:21:00.8830000Z,2018-11-06T00:00:00.0000000Z,2018-11-05T23:00:00.0000000Z,17,1.15190383
1718,556.0,560.72038485,554.5137529,560.72038485,2018-11-06T00:46:09.5900000Z,2018-11-06T00:03:11.5700000Z,2018-11-06T01:00:00.0000000Z,2018-11-06T00:00:00.0000000Z,179,80.63657396
1719,556.00066341,559.65133786,556.00066341,559.45873251,2018-11-06T01:37:10.9500000Z,2018-11-06T01:19:14.7770000Z,2018-11-06T02:00:00.0000000Z,2018-11-06T01:00:00.0000000Z,6,1.3548132800000001
1720,564.96038087,568.0,561.0,561.0,2018-11-06T02:27:22.6270000Z,2018-11-06T02:02:43.6300000Z,2018-11-06T03:00:00.0000000Z,2018-11-06T02:00:00.0000000Z,18,8.83336215
1721,563.49999998,563.49999998,559.52075488,559.52075488,2018-11-06T03:58:49.2400000Z,2018-11-06T03:55:56.4200000Z,2018-11-06T04:00:00.0000000Z,2018-11-06T03:00:00.0000000Z,5,1.63325759
1722,562.47193872,566.50049399,562.47193872,564.107,2018-11-06T04:37:06.3930000Z,2018-11-06T04:06:11.1270000Z,2018-11-06T05:00:00.0000000Z,2018-11-06T04:00:00.0000000Z,20,5.70424692
1723,556.0,560.52,556.0,560.52,2018-11-06T05:48:36.3400000Z,2018-11-06T05:15:25.0300000Z,2018-11-06T06:00:00.0000000Z,2018-11-06T05:00:00.0000000Z,22,14.3453368
1724,559.0,560.0,559.0,559.2833168,2018-11-06T06:51:36.4830000Z,2018-11-06T06:04:30.8800000Z,2018-11-06T07:00:00.0000000Z,2018-11-06T06:00:00.0000000Z,10,4.0285222
1725,558.51436314,562.2,557.20172078,559.0,2018-11-06T07:52:52.0330000Z,2018-11-06T07:34:21.7500000Z,2018-11-06T08:00:00.0000000Z,2018-11-06T07:00:00.0000000Z,8,4.28133374
1726,568.2,568.2,561.0,561.0,2018-11-06T08:56:35.7770000Z,2018-11-06T08:21:08.6430000Z,2018-11-06T09:00:00.0000000Z,2018-11-06T08:00:00.0000000Z,31,3.87978877
1727,572.0,572.0,567.0,567.99999998,2018-11-06T09:58:06.0770000Z,2018-11-06T09:00:58.7730000Z,2018-11-06T10:00:00.0000000Z,2018-11-06T09:00:00.0000000Z,53,14.80609246
1728,566.349,573.0,565.4,573.0,2018-11-06T10:58:50.7230000Z,2018-11-06T10:05:57.2370000Z,2018-11-06T11:00:00.0000000Z,2018-11-06T10:00:00.0000000Z,121,126.58251337
1729,568.0,572.79004139,565.40200002,565.40200002,2018-11-06T11:59:58.3800000Z,2018-11-06T11:03:20.2630000Z,2018-11-06T12:00:00.0000000Z,2018-11-06T11:00:00.0000000Z,38,38.16899492
1730,599.30052982,605.0,565.402,568.0,2018-11-06T12:58:30.6330000Z,2018-11-06T12:00:03.6930000Z,2018-11-06T13:00:00.0000000Z,2018-11-06T12:00:00.0000000Z,117,61.67740756
1731,602.0,615.0,599.0,602.9,2018-11-06T13:50:02.0570000Z,2018-11-06T13:00:06.6870000Z,2018-11-06T14:00:00.0000000Z,2018-11-06T13:00:00.0000000Z,168,152.67901715
1732,606.898,617.91603136,604.96085533,606.0,2018-11-06T14:59:53.4970000Z,2018-11-06T14:03:55.3030000Z,2018-11-06T15:00:00.0000000Z,2018-11-06T14:00:00.0000000Z,142,108.42319092
1733,607.67,616.30303724,603.23414334,606.146,2018-11-06T15:59:01.2400000Z,2018-11-06T15:01:13.1570000Z,2018-11-06T16:00:00.0000000Z,2018-11-06T15:00:00.0000000Z,102,199.41772818
1734,602.0,609.0,599.998,608.34292223,2018-11-06T16:41:16.7170000Z,2018-11-06T16:00:07.4000000Z,2018-11-06T17:00:00.0000000Z,2018-11-06T16:00:00.0000000Z,78,32.82172325
1735,605.4170736,609.65004499,603.94635848,603.94635848,2018-11-06T17:31:53.8770000Z,2018-11-06T17:03:13.3100000Z,2018-11-06T18:00:00.0000000Z,2018-11-06T17:00:00.0000000Z,20,6.640354
1736,614.8723913,614.8723913,606.5,607.0,2018-11-06T18:57:15.9600000Z,2018-11-06T18:01:29.9430000Z,2018-11-06T19:00:00.0000000Z,2018-11-06T18:00:00.0000000Z,15,8.56534322
1737,602.0,613.7211833,601.03554048,612.2952366,2018-11-06T19:58:51.0870000Z,2018-11-06T19:16:22.7930000Z,2018-11-06T20:00:00.0000000Z,2018-11-06T19:00:00.0000000Z,162,81.22507141
1738,605.61129348,611.75236583,603.27954839,604.41221622,2018-11-06T20:55:32.9770000Z,2018-11-06T20:02:18.9670000Z,2018-11-06T21:00:00.0000000Z,2018-11-06T20:00:00.0000000Z,27,25.63345232
1739,623.19285013,626.0,608.001,612.8400819,2018-11-06T21:59:38.2730000Z,2018-11-06T21:13:42.4170000Z,2018-11-06T22:00:00.0000000Z,2018-11-06T21:00:00.0000000Z,111,61.49767511
1740,629.20294111,631.0,619.16991882,619.75746552,2018-11-06T22:55:15.7630000Z,2018-11-06T22:03:16.9870000Z,2018-11-06T23:00:00.0000000Z,2018-11-06T22:00:00.0000000Z,78,35.23969594
1741,637.46771403,637.46771403,621.656,628.999,2018-11-06T23:58:07.5570000Z,2018-11-06T23:02:14.6270000Z,2018-11-07T00:00:00.0000000Z,2018-11-06T23:00:00.0000000Z,115,106.12555456
1742,619.22999996,636.99999999,614.04,634.00000002,2018-11-07T00:43:40.5500000Z,2018-11-07T00:03:39.4630000Z,2018-11-07T01:00:00.0000000Z,2018-11-07T00:00:00.0000000Z,121,129.41773643
1743,623.4,624.443,619.0,619.2,2018-11-07T01:59:32.3500000Z,2018-11-07T01:03:33.7200000Z,2018-11-07T02:00:00.0000000Z,2018-11-07T01:00:00.0000000Z,24,25.15120892
1744,619.98699615,622.80629534,619.98699615,622.80629534,2018-11-07T02:51:27.6370000Z,2018-11-07T02:00:49.9800000Z,2018-11-07T03:00:00.0000000Z,2018-11-07T02:00:00.0000000Z,13,9.36321482
1745,626.0,630.0,617.87841851,617.87841851,2018-11-07T03:30:44.7100000Z,2018-11-07T03:00:08.2570000Z,2018-11-07T04:00:00.0000000Z,2018-11-07T03:00:00.0000000Z,34,47.03020281
1746,618.00000008,626.0,618.00000008,622.83466687,2018-11-07T04:59:04.4500000Z,2018-11-07T04:04:08.7570000Z,2018-11-07T05:00:00.0000000Z,2018-11-07T04:00:00.0000000Z,62,70.41559797
1747,620.0,621.99999999,617.87841851,618.10000001,2018-11-07T05:55:20.0770000Z,2018-11-07T05:01:39.0200000Z,2018-11-07T06:00:00.0000000Z,2018-11-07T05:00:00.0000000Z,24,19.91262893
1748,617.8747927,621.51794274,616.55974154,620.0,2018-11-07T06:59:46.1900000Z,2018-11-07T06:13:58.9970000Z,2018-11-07T07:00:00.0000000Z,2018-11-07T06:00:00.0000000Z,13,10.90693207
1749,630.828198,630.828198,617.64763926,617.64763926,2018-11-07T07:58:24.1570000Z,2018-11-07T07:00:05.4700000Z,2018-11-07T08:00:00.0000000Z,2018-11-07T07:00:00.0000000Z,47,33.98871658
1750,639.47031414,644.0,630.0,630.0,2018-11-07T08:48:19.2870000Z,2018-11-07T08:01:12.5730000Z,2018-11-07T09:00:00.0000000Z,2018-11-07T08:00:00.0000000Z,109,95.33850568
1751,634.017,643.49999996,634.016,639.0,2018-11-07T09:58:02.9200000Z,2018-11-07T09:00:06.5800000Z,2018-11-07T10:00:00.0000000Z,2018-11-07T09:00:00.0000000Z,49,7.4969487
1752,632.78811859,634.01799999,626.032,634.017,2018-11-07T10:56:07.9930000Z,2018-11-07T10:01:47.4470000Z,2018-11-07T11:00:00.0000000Z,2018-11-07T10:00:00.0000000Z,36,17.552918730000002
1753,641.92053593,641.92053593,632.7881186,633.4,2018-11-07T11:59:17.0300000Z,2018-11-07T11:02:50.5900000Z,2018-11-07T12:00:00.0000000Z,2018-11-07T11:00:00.0000000Z,51,5.89340805
1754,635.702,641.07770655,632.90092772,639.0,2018-11-07T12:56:26.6300000Z,2018-11-07T12:02:58.9600000Z,2018-11-07T13:00:00.0000000Z,2018-11-07T12:00:00.0000000Z,81,121.98471569
1755,636.56108209,646.69631931,634.0,635.92510944,2018-11-07T13:58:25.0570000Z,2018-11-07T13:01:19.0330000Z,2018-11-07T14:00:00.0000000Z,2018-11-07T13:00:00.0000000Z,80,74.64358384
1756,624.0,638.0,615.74261999,638.0,2018-11-07T14:52:56.7100000Z,2018-11-07T14:03:42.5700000Z,2018-11-07T15:00:00.0000000Z,2018-11-07T14:00:00.0000000Z,98,65.68250716
1757,616.88,623.72089186,608.00000802,623.72089186,2018-11-07T15:59:26.4170000Z,2018-11-07T15:00:14.3170000Z,2018-11-07T16:00:00.0000000Z,2018-11-07T15:00:00.0000000Z,92,69.29254018
1758,621.0,626.32294985,614.16226728,616.88,2018-11-07T16:51:24.2130000Z,2018-11-07T16:00:10.1830000Z,2018-11-07T17:00:00.0000000Z,2018-11-07T16:00:00.0000000Z,38,43.15388942
1759,625.0,625.0,618.49097924,619.43902482,2018-11-07T17:48:21.4400000Z,2018-11-07T17:03:05.5030000Z,2018-11-07T18:00:00.0000000Z,2018-11-07T17:00:00.0000000Z,11,4.19214557
1760,624.36756001,626.32496703,624.36756001,625.0,2018-11-07T18:55:39.6970000Z,2018-11-07T18:07:22.6930000Z,2018-11-07T19:00:00.0000000Z,2018-11-07T18:00:00.0000000Z,8,14.99637353
1761,620.0,621.05262465,620.0,621.05262465,2018-11-07T19:52:48.1530000Z,2018-11-07T19:33:20.2630000Z,2018-11-07T20:00:00.0000000Z,2018-11-07T19:00:00.0000000Z,5,0.29614039999999997
1762,615.00018414,619.52309532,615.0,617.97677919,2018-11-07T20:37:00.2830000Z,2018-11-07T20:05:24.8700000Z,2018-11-07T21:00:00.0000000Z,2018-11-07T20:00:00.0000000Z,19,7.55689198
1763,624.37066784,624.37066784,612.625,615.03773419,2018-11-07T21:57:10.9830000Z,2018-11-07T21:00:06.0530000Z,2018-11-07T22:00:00.0000000Z,2018-11-07T21:00:00.0000000Z,45,11.27656972
1764,627.37801896,628.99999999,624.0,624.0,2018-11-07T22:50:35.7900000Z,2018-11-07T22:00:04.5230000Z,2018-11-07T23:00:00.0000000Z,2018-11-07T22:00:00.0000000Z,24,17.71936227
1765,620.0,620.0,618.0,620.0,2018-11-07T23:53:35.5300000Z,2018-11-07T23:07:01.0930000Z,2018-11-08T00:00:00.0000000Z,2018-11-07T23:00:00.0000000Z,14,29.09268285
1766,617.12094752,624.99978406,617.11094752,617.11095407,2018-11-08T00:58:34.1230000Z,2018-11-08T00:03:49.7900000Z,2018-11-08T01:00:00.0000000Z,2018-11-08T00:00:00.0000000Z,27,49.33540779
1767,616.0,617.12094752,615.70000004,617.12094752,2018-11-08T01:49:34.4200000Z,2018-11-08T01:00:11.8600000Z,2018-11-08T02:00:00.0000000Z,2018-11-08T01:00:00.0000000Z,10,10.72130156
1768,589.95285753,616.0,585.0,616.0,2018-11-08T02:59:48.9000000Z,2018-11-08T02:06:55.6000000Z,2018-11-08T03:00:00.0000000Z,2018-11-08T02:00:00.0000000Z,243,143.13683588
1769,582.0,598.76999463,578.00000005,596.99998796,2018-11-08T03:57:27.0600000Z,2018-11-08T03:00:03.9800000Z,2018-11-08T04:00:00.0000000Z,2018-11-08T03:00:00.0000000Z,131,90.71298445
1770,592.9,592.903,581.0,581.0,2018-11-08T04:57:13.7470000Z,2018-11-08T04:00:22.9900000Z,2018-11-08T05:00:00.0000000Z,2018-11-08T04:00:00.0000000Z,88,82.44737351
1771,590.16000069,592.90099979,586.761,592.9,2018-11-08T05:47:04.6900000Z,2018-11-08T05:03:07.5870000Z,2018-11-08T06:00:00.0000000Z,2018-11-08T05:00:00.0000000Z,52,126.39157383
1772,586.76072522,592.0,586.76072522,588.011,2018-11-08T06:53:41.6300000Z,2018-11-08T06:01:35.5000000Z,2018-11-08T07:00:00.0000000Z,2018-11-08T06:00:00.0000000Z,51,61.59873368
1773,599.000056,599.000056,591.821,592.0,2018-11-08T07:59:02.9900000Z,2018-11-08T07:08:33.6130000Z,2018-11-08T08:00:00.0000000Z,2018-11-08T07:00:00.0000000Z,65,30.78776825
1774,598.9,603.0,598.065,599.000056,2018-11-08T08:58:19.9070000Z,2018-11-08T08:01:17.1700000Z,2018-11-08T09:00:00.0000000Z,2018-11-08T08:00:00.0000000Z,84,92.1373316
1775,596.74598019,600.95644521,592.25273468,598.9,2018-11-08T09:58:04.1730000Z,2018-11-08T09:02:52.1070000Z,2018-11-08T10:00:00.0000000Z,2018-11-08T09:00:00.0000000Z,38,14.61958756
1776,597.55594556,602.789,597.17156425,597.17156425,2018-11-08T10:57:48.3770000Z,2018-11-08T10:02:26.3570000Z,2018-11-08T11:00:00.0000000Z,2018-11-08T10:00:00.0000000Z,15,4.97164503
1777,595.807,603.90862631,594.6123947,599.73897983,2018-11-08T11:59:14.7300000Z,2018-11-08T11:00:05.7100000Z,2018-11-08T12:00:00.0000000Z,2018-11-08T11:00:00.0000000Z,52,13.3648281
1778,603.0,603.0,594.6123947,594.613,2018-11-08T12:55:07.2630000Z,2018-11-08T12:00:46.1230000Z,2018-11-08T13:00:00.0000000Z,2018-11-08T12:00:00.0000000Z,47,2.15048264
1779,607.0,608.728344,602.0,603.603,2018-11-08T13:57:01.6200000Z,2018-11-08T13:02:54.3730000Z,2018-11-08T14:00:00.0000000Z,2018-11-08T13:00:00.0000000Z,29,10.55333437
1780,602.0,606.0,599.24963217,604.99281446,2018-11-08T14:27:45.6570000Z,2018-11-08T14:04:27.0270000Z,2018-11-08T15:00:00.0000000Z,2018-11-08T14:00:00.0000000Z,23,10.36320999
1781,590.52873401,602.0,590.52873401,602.0,2018-11-08T15:59:54.7500000Z,2018-11-08T15:14:55.5300000Z,2018-11-08T16:00:00.0000000Z,2018-11-08T15:00:00.0000000Z,36,24.47194483
1782,593.25179805,594.46172237,585.2,593.00428183,2018-11-08T16:57:05.3530000Z,2018-11-08T16:02:22.5200000Z,2018-11-08T17:00:00.0000000Z,2018-11-08T16:00:00.0000000Z,65,49.6225559
1783,595.65429799,597.44,593.25179805,593.25179805,2018-11-08T17:55:48.8930000Z,2018-11-08T17:03:12.7430000Z,2018-11-08T18:00:00.0000000Z,2018-11-08T17:00:00.0000000Z,10,1.05026333
1784,595.32723614,597.43980699,589.897,595.65429799,2018-11-08T18:49:37.9900000Z,2018-11-08T18:06:13.4070000Z,2018-11-08T19:00:00.0000000Z,2018-11-08T18:00:00.0000000Z,22,11.68940382
1785,594.0,594.0,586.936,590.87134576,2018-11-08T19:57:05.2100000Z,2018-11-08T19:09:39.7070000Z,2018-11-08T20:00:00.0000000Z,2018-11-08T19:00:00.0000000Z,13,1.7252853
1786,597.09992116,600.55830289,594.0,594.0,2018-11-08T20:57:38.6000000Z,2018-11-08T20:00:27.4070000Z,2018-11-08T21:00:00.0000000Z,2018-11-08T20:00:00.0000000Z,28,29.14650898
1787,594.20343188,598.438,593.08014972,597.099,2018-11-08T21:54:48.4570000Z,2018-11-08T21:03:45.1130000Z,2018-11-08T22:00:00.0000000Z,2018-11-08T21:00:00.0000000Z,21,18.19688961
1788,579.92345742,598.43898761,575.11000001,598.438,2018-11-08T22:56:31.7330000Z,2018-11-08T22:00:35.4330000Z,2018-11-08T23:00:00.0000000Z,2018-11-08T22:00:00.0000000Z,131,114.77459613
1789,575.11,583.47097687,575.11,583.47097687,2018-11-08T23:51:31.1830000Z,2018-11-08T23:05:35.6300000Z,2018-11-09T00:00:00.0000000Z,2018-11-08T23:00:00.0000000Z,26,3.5037734
1790,583.47088117,585.42007523,579.72008176,579.72008176,2018-11-09T00:20:07.8830000Z,2018-11-09T00:13:59.2630000Z,2018-11-09T01:00:00.0000000Z,2018-11-09T00:00:00.0000000Z,19,7.22181855
1791,573.3,579.88141026,570.041,579.88141026,2018-11-09T01:59:59.0400000Z,2018-11-09T01:34:44.5930000Z,2018-11-09T02:00:00.0000000Z,2018-11-09T01:00:00.0000000Z,26,12.86150574
1792,570.0,575.74141,570.0,573.3,2018-11-09T02:58:47.2500000Z,2018-11-09T02:00:02.7430000Z,2018-11-09T03:00:00.0000000Z,2018-11-09T02:00:00.0000000Z,22,27.00998471
1793,581.99999999,582.0,572.0,572.0,2018-11-09T03:53:10.8700000Z,2018-11-09T03:13:03.3230000Z,2018-11-09T04:00:00.0000000Z,2018-11-09T03:00:00.0000000Z,134,335.85024768
1794,584.4479775,585.71770388,581.0,582.0,2018-11-09T04:50:32.1470000Z,2018-11-09T04:02:13.5000000Z,2018-11-09T05:00:00.0000000Z,2018-11-09T04:00:00.0000000Z,14,29.221673
1795,585.18385478,585.18385478,581.0,584.448,2018-11-09T05:57:09.5030000Z,2018-11-09T05:11:37.3070000Z,2018-11-09T06:00:00.0000000Z,2018-11-09T05:00:00.0000000Z,7,4.51686854
1796,585.0,585.0,578.0,581.0,2018-11-09T06:54:19.7470000Z,2018-11-09T06:15:29.8830000Z,2018-11-09T07:00:00.0000000Z,2018-11-09T06:00:00.0000000Z,17,55.25503003
1797,595.47088558,595.47088558,585.0,585.0,2018-11-09T07:59:55.5700000Z,2018-11-09T07:35:57.2600000Z,2018-11-09T08:00:00.0000000Z,2018-11-09T07:00:00.0000000Z,18,41.45878507
1798,594.0,601.0,594.0,595.47088558,2018-11-09T08:49:00.4600000Z,2018-11-09T08:00:01.6630000Z,2018-11-09T09:00:00.0000000Z,2018-11-09T08:00:00.0000000Z,41,37.20107355
1799,579.09234873,594.0,579.09234873,594.0,2018-11-09T09:58:53.1370000Z,2018-11-09T09:03:36.9670000Z,2018-11-09T10:00:00.0000000Z,2018-11-09T09:00:00.0000000Z,25,31.2500545
1800,583.51310885,585.0,581.26738561,585.0,2018-11-09T10:31:58.6000000Z,2018-11-09T10:15:54.9070000Z,2018-11-09T11:00:00.0000000Z,2018-11-09T10:00:00.0000000Z,13,100.15234756
1801,584.50680211,588.0,584.50680211,588.0,2018-11-09T11:53:58.9600000Z,2018-11-09T11:31:10.1770000Z,2018-11-09T12:00:00.0000000Z,2018-11-09T11:00:00.0000000Z,10,2.4162
1802,580.99999973,586.89895685,578.18222733,584.50680229,2018-11-09T12:57:36.0070000Z,2018-11-09T12:01:58.0230000Z,2018-11-09T13:00:00.0000000Z,2018-11-09T12:00:00.0000000Z,19,4.53988226
1803,572.10000001,578.0,565.401,578.0,2018-11-09T13:59:51.3630000Z,2018-11-09T13:02:51.6600000Z,2018-11-09T14:00:00.0000000Z,2018-11-09T13:00:00.0000000Z,187,524.54842232
1804,567.5000001,572.2,565.40100015,572.2,2018-11-09T14:57:15.7600000Z,2018-11-09T14:04:59.3600000Z,2018-11-09T15:00:00.0000000Z,2018-11-09T14:00:00.0000000Z,47,112.69080628
1805,568.00000001,572.33740329,568.00000001,570.0,2018-11-09T15:59:13.7870000Z,2018-11-09T15:01:01.3930000Z,2018-11-09T16:00:00.0000000Z,2018-11-09T15:00:00.0000000Z,33,27.29554859
1806,575.5,575.5,575.5,575.5,2018-11-09T16:25:24.1200000Z,2018-11-09T16:25:24.1200000Z,2018-11-09T17:00:00.0000000Z,2018-11-09T16:00:00.0000000Z,1,0.02957252
1807,569.12437854,574.67171259,567.5,574.67171259,2018-11-09T17:58:13.8370000Z,2018-11-09T17:00:04.1400000Z,2018-11-09T18:00:00.0000000Z,2018-11-09T17:00:00.0000000Z,15,21.35697668
1808,566.54433706,568.74159289,566.54433706,568.74159289,2018-11-09T18:55:51.5030000Z,2018-11-09T18:10:18.2900000Z,2018-11-09T19:00:00.0000000Z,2018-11-09T18:00:00.0000000Z,28,33.63968397
1809,569.03765114,569.26329342,563.17941655,565.62738572,2018-11-09T19:45:16.0830000Z,2018-11-09T19:02:15.6730000Z,2018-11-09T20:00:00.0000000Z,2018-11-09T19:00:00.0000000Z,36,71.99206705
1810,565.77326717,566.39873459,565.03765114,565.03765114,2018-11-09T20:39:47.8530000Z,2018-11-09T20:00:21.6930000Z,2018-11-09T21:00:00.0000000Z,2018-11-09T20:00:00.0000000Z,5,4.39297918
1811,548.09091846,563.0,541.73082684,562.56200015,2018-11-09T21:51:33.9430000Z,2018-11-09T21:04:49.0330000Z,2018-11-09T22:00:00.0000000Z,2018-11-09T21:00:00.0000000Z,872,558.63678899
1812,545.53170504,548.90261333,533.10000017,548.90261333,2018-11-09T22:55:29.0100000Z,2018-11-09T22:02:26.0470000Z,2018-11-09T23:00:00.0000000Z,2018-11-09T22:00:00.0000000Z,260,139.50497288
1813,546.0,550.35549882,540.13046735,542.90021993,2018-11-09T23:49:00.4670000Z,2018-11-09T23:07:01.5170000Z,2018-11-10T00:00:00.0000000Z,2018-11-09T23:00:00.0000000Z,19,28.87779494
1814,546.62731799,549.99999436,540.23193963,543.05762906,2018-11-10T00:59:04.6430000Z,2018-11-10T00:02:42.5800000Z,2018-11-10T01:00:00.0000000Z,2018-11-10T00:00:00.0000000Z,34,122.63248626
1815,547.37537034,548.89999999,536.00000041,546.62731799,2018-11-10T01:59:32.9470000Z,2018-11-10T01:12:37.0500000Z,2018-11-10T02:00:00.0000000Z,2018-11-10T01:00:00.0000000Z,33,16.59345057
1816,548.0,552.0,547.37537034,547.37537034,2018-11-10T02:58:43.0300000Z,2018-11-10T02:22:28.0600000Z,2018-11-10T03:00:00.0000000Z,2018-11-10T02:00:00.0000000Z,30,7.84426602
1817,552.02255871,554.99999999,548.0,548.0,2018-11-10T03:55:09.3370000Z,2018-11-10T03:00:11.0200000Z,2018-11-10T04:00:00.0000000Z,2018-11-10T03:00:00.0000000Z,11,24.02676957
1818,554.99999999,554.99999999,547.23539793,547.23539793,2018-11-10T04:57:59.8730000Z,2018-11-10T04:24:08.1600000Z,2018-11-10T05:00:00.0000000Z,2018-11-10T04:00:00.0000000Z,16,29.92666211
1819,554.5327039,554.5327039,551.6327112,551.63271121,2018-11-10T05:20:33.9630000Z,2018-11-10T05:11:04.5230000Z,2018-11-10T06:00:00.0000000Z,2018-11-10T05:00:00.0000000Z,3,1.03964355
1820,549.80566325,556.49689432,545.38452236,554.5327112,2018-11-10T06:59:32.6900000Z,2018-11-10T06:03:04.4830000Z,2018-11-10T07:00:00.0000000Z,2018-11-10T06:00:00.0000000Z,22,15.338546
1821,549.0,551.8709234,549.0,551.8709234,2018-11-10T07:55:57.8170000Z,2018-11-10T07:04:07.1700000Z,2018-11-10T08:00:00.0000000Z,2018-11-10T07:00:00.0000000Z,5,8.21294256
1822,542.1,552.986592,542.1,549.16573369,2018-11-10T08:57:50.3970000Z,2018-11-10T08:07:21.6230000Z,2018-11-10T09:00:00.0000000Z,2018-11-10T08:00:00.0000000Z,35,6.91458816
1823,546.44927064,547.98832478,540.00000002,543.00648888,2018-11-10T09:57:56.8700000Z,2018-11-10T09:00:17.1500000Z,2018-11-10T10:00:00.0000000Z,2018-11-10T09:00:00.0000000Z,27,44.19356513
1824,537.58208825,545.44926956,536.31891088,545.44926956,2018-11-10T10:48:19.6270000Z,2018-11-10T10:00:12.8900000Z,2018-11-10T11:00:00.0000000Z,2018-11-10T10:00:00.0000000Z,42,44.98437628
1825,545.00000001,547.09892111,540.6821,540.6821,2018-11-10T11:35:48.7530000Z,2018-11-10T11:00:08.2470000Z,2018-11-10T12:00:00.0000000Z,2018-11-10T11:00:00.0000000Z,19,30.56663617
1826,552.56984571,552.56984571,545.00000055,545.00000055,2018-11-10T12:55:56.5570000Z,2018-11-10T12:02:23.2170000Z,2018-11-10T13:00:00.0000000Z,2018-11-10T12:00:00.0000000Z,24,20.07398392
1827,552.56991032,552.56991032,550.5637434,552.0,2018-11-10T13:58:47.1000000Z,2018-11-10T13:17:56.9730000Z,2018-11-10T14:00:00.0000000Z,2018-11-10T13:00:00.0000000Z,27,30.89026007
1828,546.0,550.56369774,546.0,550.56369774,2018-11-10T14:56:49.9100000Z,2018-11-10T14:05:41.8030000Z,2018-11-10T15:00:00.0000000Z,2018-11-10T14:00:00.0000000Z,15,30.34
1829,547.00001854,550.563697,547.00000012,550.563697,2018-11-10T15:36:43.4900000Z,2018-11-10T15:12:00.2930000Z,2018-11-10T16:00:00.0000000Z,2018-11-10T15:00:00.0000000Z,6,6.37979099
1830,560.70665756,568.48931912,550.0,550.0,2018-11-10T16:52:42.1030000Z,2018-11-10T16:02:51.2670000Z,2018-11-10T17:00:00.0000000Z,2018-11-10T16:00:00.0000000Z,57,21.72011913
1831,561.85975835,569.26325993,560.70665756,560.70665756,2018-11-10T17:47:58.5530000Z,2018-11-10T17:12:16.4270000Z,2018-11-10T18:00:00.0000000Z,2018-11-10T17:00:00.0000000Z,10,5.25902664
1832,569.26321986,569.26321987,565.0,565.0,2018-11-10T18:47:49.6370000Z,2018-11-10T18:05:44.5470000Z,2018-11-10T19:00:00.0000000Z,2018-11-10T18:00:00.0000000Z,7,4.55514984
1833,558.60000139,568.67983379,558.60000139,563.26330415,2018-11-10T19:56:01.7970000Z,2018-11-10T19:02:01.7630000Z,2018-11-10T20:00:00.0000000Z,2018-11-10T19:00:00.0000000Z,33,33.29783559
1834,555.77246542,564.81893997,555.77246542,559.86550392,2018-11-10T20:52:00.6630000Z,2018-11-10T20:01:05.0100000Z,2018-11-10T21:00:00.0000000Z,2018-11-10T20:00:00.0000000Z,20,38.82640359
1835,565.02904384,565.02904384,563.5823174,563.5823174,2018-11-10T21:58:08.9670000Z,2018-11-10T21:27:22.2900000Z,2018-11-10T22:00:00.0000000Z,2018-11-10T21:00:00.0000000Z,4,1.20620778
1836,562.60030181,565.02889867,562.60016071,565.02889867,2018-11-10T22:58:43.5800000Z,2018-11-10T22:09:01.6770000Z,2018-11-10T23:00:00.0000000Z,2018-11-10T22:00:00.0000000Z,5,4.73572083
1837,559.07621229,566.9,554.728831,562.92358749,2018-11-10T23:55:50.1200000Z,2018-11-10T23:12:18.9570000Z,2018-11-11T00:00:00.0000000Z,2018-11-10T23:00:00.0000000Z,20,3.06337188
1838,551.98809264,558.17983729,550.64694559,556.0,2018-11-11T00:59:17.5370000Z,2018-11-11T00:11:25.1570000Z,2018-11-11T01:00:00.0000000Z,2018-11-11T00:00:00.0000000Z,29,26.81535542
1839,551.98809264,558.30020778,551.98809264,558.30020778,2018-11-11T01:50:26.8070000Z,2018-11-11T01:18:31.0970000Z,2018-11-11T02:00:00.0000000Z,2018-11-11T01:00:00.0000000Z,3,0.2027802
1840,547.52,555.43353081,545.04742316,551.98809264,2018-11-11T02:30:12.6300000Z,2018-11-11T02:06:38.4070000Z,2018-11-11T03:00:00.0000000Z,2018-11-11T02:00:00.0000000Z,20,17.27115554
1841,547.52,547.52,541.31307376,545.0,2018-11-11T03:36:56.8270000Z,2018-11-11T03:09:57.4770000Z,2018-11-11T04:00:00.0000000Z,2018-11-11T03:00:00.0000000Z,9,0.40851934
1842,552.14520994,552.25508319,550.52,552.25508319,2018-11-11T04:28:27.6530000Z,2018-11-11T04:20:05.2270000Z,2018-11-11T05:00:00.0000000Z,2018-11-11T04:00:00.0000000Z,3,1.95724902
1843,552.25489646,552.25489646,547.0,550.52,2018-11-11T05:53:19.9800000Z,2018-11-11T05:01:11.1170000Z,2018-11-11T06:00:00.0000000Z,2018-11-11T05:00:00.0000000Z,10,4.40281044
1844,557.96838657,557.96838657,549.81249845,550.0,2018-11-11T06:59:36.8000000Z,2018-11-11T06:02:21.7500000Z,2018-11-11T07:00:00.0000000Z,2018-11-11T06:00:00.0000000Z,4,0.38014706
1845,551.95173388,557.65747559,551.95173388,557.65747558,2018-11-11T07:48:53.4170000Z,2018-11-11T07:29:32.3400000Z,2018-11-11T08:00:00.0000000Z,2018-11-11T07:00:00.0000000Z,12,1.72287145
1846,551.95173389,551.95173389,551.95173389,551.95173389,2018-11-11T08:26:06.1230000Z,2018-11-11T08:26:06.1230000Z,2018-11-11T09:00:00.0000000Z,2018-11-11T08:00:00.0000000Z,1,0.00896607
1847,551.64653769,551.64653769,545.9139089,545.9139089,2018-11-11T10:59:26.6670000Z,2018-11-11T10:11:07.1130000Z,2018-11-11T11:00:00.0000000Z,2018-11-11T10:00:00.0000000Z,3,0.56846866
1848,542.59674214,551.64646817,540.0,551.64646817,2018-11-11T11:55:43.0300000Z,2018-11-11T11:03:39.2070000Z,2018-11-11T12:00:00.0000000Z,2018-11-11T11:00:00.0000000Z,34,94.26178836
1849,545.9998921,545.9998921,540.60840696,542.59628791,2018-11-11T12:57:43.6030000Z,2018-11-11T12:03:41.7030000Z,2018-11-11T13:00:00.0000000Z,2018-11-11T12:00:00.0000000Z,16,89.37013659
1850,546.0,546.0,546.0,546.0,2018-11-11T13:20:58.3200000Z,2018-11-11T13:20:56.6300000Z,2018-11-11T14:00:00.0000000Z,2018-11-11T13:00:00.0000000Z,5,0.99966393
1851,543.43482971,545.0,540.91431902,545.0,2018-11-11T14:52:00.4600000Z,2018-11-11T14:09:58.4500000Z,2018-11-11T15:00:00.0000000Z,2018-11-11T14:00:00.0000000Z,6,0.30538318000000003
1852,529.25439495,543.0,526.0000002,543.0,2018-11-11T15:57:26.4070000Z,2018-11-11T15:08:14.2270000Z,2018-11-11T16:00:00.0000000Z,2018-11-11T15:00:00.0000000Z,74,48.83790901
1853,528.99993977,528.99993977,520.73063281,527.0,2018-11-11T16:49:19.0170000Z,2018-11-11T16:01:04.3530000Z,2018-11-11T17:00:00.0000000Z,2018-11-11T16:00:00.0000000Z,101,90.99614346
1854,525.329275,531.99999994,525.00000007,529.25439495,2018-11-11T17:56:50.7970000Z,2018-11-11T17:00:20.9500000Z,2018-11-11T18:00:00.0000000Z,2018-11-11T17:00:00.0000000Z,31,37.15905186
1855,527.901,527.901,519.375,525.0,2018-11-11T18:53:04.9770000Z,2018-11-11T18:08:05.6670000Z,2018-11-11T19:00:00.0000000Z,2018-11-11T18:00:00.0000000Z,39,29.35795838
1856,532.79798959,532.88762799,528.0,528.0,2018-11-11T19:52:08.1530000Z,2018-11-11T19:02:38.2630000Z,2018-11-11T20:00:00.0000000Z,2018-11-11T19:00:00.0000000Z,6,0.5719296700000001
1857,533.0,535.67973667,528.24460292,528.24460292,2018-11-11T20:59:27.5130000Z,2018-11-11T20:10:36.6630000Z,2018-11-11T21:00:00.0000000Z,2018-11-11T20:00:00.0000000Z,15,1.7311068299999999
1858,534.48840265,534.48840265,533.0,533.0,2018-11-11T21:19:30.8270000Z,2018-11-11T21:06:23.5270000Z,2018-11-11T22:00:00.0000000Z,2018-11-11T21:00:00.0000000Z,3,0.46530829999999995
1859,530.0,531.99996529,525.04504736,526.0,2018-11-11T22:54:18.2600000Z,2018-11-11T22:04:22.2100000Z,2018-11-11T23:00:00.0000000Z,2018-11-11T22:00:00.0000000Z,27,24.60276472
1860,536.22000001,536.22000001,528.86861385,530.0,2018-11-11T23:52:34.0470000Z,2018-11-11T23:02:12.8270000Z,2018-11-12T00:00:00.0000000Z,2018-11-11T23:00:00.0000000Z,63,52.60439731
1861,538.62780671,538.99171419,523.65737392,536.79852464,2018-11-12T00:57:03.8400000Z,2018-11-12T00:01:27.9870000Z,2018-11-12T01:00:00.0000000Z,2018-11-12T00:00:00.0000000Z,56,242.74832014
1862,536.80493938,538.62780435,534.79333,535.90523793,2018-11-12T01:27:54.4430000Z,2018-11-12T01:02:29.8970000Z,2018-11-12T02:00:00.0000000Z,2018-11-12T01:00:00.0000000Z,13,18.58065595
1863,531.94815504,531.94815505,531.94815504,531.94815505,2018-11-12T02:27:23.1230000Z,2018-11-12T02:05:41.6230000Z,2018-11-12T03:00:00.0000000Z,2018-11-12T02:00:00.0000000Z,4,1.52989736
1864,522.0,528.12289793,522.0,528.12289793,2018-11-12T03:58:31.4200000Z,2018-11-12T03:39:42.5800000Z,2018-11-12T04:00:00.0000000Z,2018-11-12T03:00:00.0000000Z,11,6.52931299
1865,523.0,526.9816956,522.2,523.0,2018-11-12T04:56:06.9300000Z,2018-11-12T04:00:13.9230000Z,2018-11-12T05:00:00.0000000Z,2018-11-12T04:00:00.0000000Z,15,3.72217745
1866,520.0,522.99,516.71729531,522.8,2018-11-12T05:52:36.9600000Z,2018-11-12T05:04:25.9870000Z,2018-11-12T06:00:00.0000000Z,2018-11-12T05:00:00.0000000Z,53,204.35101521
1867,514.83626649,520.0,512.0,520.0,2018-11-12T06:52:33.3200000Z,2018-11-12T06:00:42.9930000Z,2018-11-12T07:00:00.0000000Z,2018-11-12T06:00:00.0000000Z,79,302.31598295
1868,506.0,517.3999721,506.0,512.00002526,2018-11-12T07:59:57.5900000Z,2018-11-12T07:01:09.7370000Z,2018-11-12T08:00:00.0000000Z,2018-11-12T07:00:00.0000000Z,87,193.55560862
1869,523.0,525.35873666,506.0,506.0,2018-11-12T08:58:38.8500000Z,2018-11-12T08:00:13.7600000Z,2018-11-12T09:00:00.0000000Z,2018-11-12T08:00:00.0000000Z,39,29.82311847
1870,529.70352013,529.93362593,524.0,526.98170528,2018-11-12T09:54:30.6870000Z,2018-11-12T09:08:23.2630000Z,2018-11-12T10:00:00.0000000Z,2018-11-12T09:00:00.0000000Z,20,8.72023176
1871,524.52399994,528.1,522.29854025,527.1,2018-11-12T10:54:28.3330000Z,2018-11-12T10:02:29.9500000Z,2018-11-12T11:00:00.0000000Z,2018-11-12T10:00:00.0000000Z,32,48.75329044
1872,523.18,523.20514723,514.55131097,520.5,2018-11-12T11:51:51.2700000Z,2018-11-12T11:02:55.4000000Z,2018-11-12T12:00:00.0000000Z,2018-11-12T11:00:00.0000000Z,29,12.55506701
1873,531.75458733,539.0,525.0,525.0,2018-11-12T12:48:37.8300000Z,2018-11-12T12:15:22.6600000Z,2018-11-12T13:00:00.0000000Z,2018-11-12T12:00:00.0000000Z,48,27.48806814
1874,539.0,539.0,529.98310942,535.75678042,2018-11-12T13:40:05.3830000Z,2018-11-12T13:07:05.4800000Z,2018-11-12T14:00:00.0000000Z,2018-11-12T13:00:00.0000000Z,14,32.41943087
1875,537.75484743,541.20961803,531.0,539.0,2018-11-12T14:54:21.5330000Z,2018-11-12T14:02:21.5000000Z,2018-11-12T15:00:00.0000000Z,2018-11-12T14:00:00.0000000Z,25,4.77098539
1876,533.96628807,537.84860383,530.0,536.0,2018-11-12T15:46:29.5300000Z,2018-11-12T15:02:04.6930000Z,2018-11-12T16:00:00.0000000Z,2018-11-12T15:00:00.0000000Z,19,21.25053177
1877,533.0,536.8218934,533.0,536.82164969,2018-11-12T16:53:22.6030000Z,2018-11-12T16:18:16.2270000Z,2018-11-12T17:00:00.0000000Z,2018-11-12T16:00:00.0000000Z,11,6.94266437
1878,522.00001605,530.00000001,522.00001605,530.00000001,2018-11-12T17:53:47.1330000Z,2018-11-12T17:00:40.6330000Z,2018-11-12T18:00:00.0000000Z,2018-11-12T17:00:00.0000000Z,17,5.14935182
1879,525.0,527.73982022,521.30249017,522.00001252,2018-11-12T18:48:26.5800000Z,2018-11-12T18:26:15.5970000Z,2018-11-12T19:00:00.0000000Z,2018-11-12T18:00:00.0000000Z,22,20.01004525
1880,527.59824135,527.59824135,520.43837288,520.43837288,2018-11-12T19:55:50.4070000Z,2018-11-12T19:18:34.4630000Z,2018-11-12T20:00:00.0000000Z,2018-11-12T19:00:00.0000000Z,7,0.63927632
1881,524.85592309,524.85592309,523.37553432,523.37553432,2018-11-12T20:51:05.0470000Z,2018-11-12T20:05:48.7770000Z,2018-11-12T21:00:00.0000000Z,2018-11-12T20:00:00.0000000Z,3,2.6276897
1882,519.0,523.59785014,516.81645242,523.59785014,2018-11-12T21:51:37.4200000Z,2018-11-12T21:22:29.2630000Z,2018-11-12T22:00:00.0000000Z,2018-11-12T21:00:00.0000000Z,16,69.54793235
1883,524.0,524.19,516.81645803,519.0,2018-11-12T22:58:09.4630000Z,2018-11-12T22:07:24.2800000Z,2018-11-12T23:00:00.0000000Z,2018-11-12T22:00:00.0000000Z,17,3.77869825
1884,520.0,524.85592309,520.0,524.85592309,2018-11-12T23:58:47.2300000Z,2018-11-12T23:01:07.9530000Z,2018-11-13T00:00:00.0000000Z,2018-11-12T23:00:00.0000000Z,9,2.96506861
1885,518.0,523.99675173,515.01,520.52000001,2018-11-13T00:57:07.1700000Z,2018-11-13T00:03:54.1630000Z,2018-11-13T01:00:00.0000000Z,2018-11-13T00:00:00.0000000Z,39,16.18051478
1886,515.93617691,515.93617691,509.1,515.01,2018-11-13T01:47:35.6830000Z,2018-11-13T01:19:13.0000000Z,2018-11-13T02:00:00.0000000Z,2018-11-13T01:00:00.0000000Z,22,19.84999891
1887,511.15836909,515.94398739,510.0,510.00000017,2018-11-13T02:56:37.1030000Z,2018-11-13T02:06:23.4500000Z,2018-11-13T03:00:00.0000000Z,2018-11-13T02:00:00.0000000Z,15,7.21806505
1888,511.0,515.94425477,511.0,514.87617213,2018-11-13T03:50:31.3300000Z,2018-11-13T03:20:38.9800000Z,2018-11-13T04:00:00.0000000Z,2018-11-13T03:00:00.0000000Z,12,10.44995408
1889,518.0,518.0,512.00000002,512.00000002,2018-11-13T04:31:22.6500000Z,2018-11-13T04:07:14.4100000Z,2018-11-13T05:00:00.0000000Z,2018-11-13T04:00:00.0000000Z,12,5.33577819
1890,512.70995411,520.10502502,512.70995411,520.005027,2018-11-13T05:36:42.5200000Z,2018-11-13T05:10:54.4500000Z,2018-11-13T06:00:00.0000000Z,2018-11-13T05:00:00.0000000Z,11,30.1063421
1891,517.59875,519.98821919,514.6342744,514.6342744,2018-11-13T06:53:31.3630000Z,2018-11-13T06:02:30.4830000Z,2018-11-13T07:00:00.0000000Z,2018-11-13T06:00:00.0000000Z,9,8.304766709999999
1892,518.09,518.09,515.6,515.60000001,2018-11-13T07:59:59.2100000Z,2018-11-13T07:11:39.5900000Z,2018-11-13T08:00:00.0000000Z,2018-11-13T07:00:00.0000000Z,15,33.10319205
1893,516.00000002,519.4,516.00000002,518.09,2018-11-13T08:46:11.4600000Z,2018-11-13T08:02:52.5270000Z,2018-11-13T09:00:00.0000000Z,2018-11-13T08:00:00.0000000Z,9,6.52506323
1894,515.0,516.46647465,512.0,512.00000002,2018-11-13T09:59:25.5270000Z,2018-11-13T09:08:25.0400000Z,2018-11-13T10:00:00.0000000Z,2018-11-13T09:00:00.0000000Z,13,11.86490707
1895,514.89493038,516.29359478,512.62072209,513.0,2018-11-13T10:50:05.8470000Z,2018-11-13T10:05:27.2230000Z,2018-11-13T11:00:00.0000000Z,2018-11-13T10:00:00.0000000Z,8,9.25504161
1896,546.00195088,553.16231163,515.89493038,515.89493038,2018-11-13T11:59:22.7670000Z,2018-11-13T11:02:16.9370000Z,2018-11-13T12:00:00.0000000Z,2018-11-13T11:00:00.0000000Z,187,299.08863991
1897,538.65537601,553.0,537.43954466,549.77999779,2018-11-13T12:58:12.7500000Z,2018-11-13T12:00:14.0330000Z,2018-11-13T13:00:00.0000000Z,2018-11-13T12:00:00.0000000Z,49,37.17893249
1898,535.0,546.69998989,535.0,543.56869,2018-11-13T13:56:44.8430000Z,2018-11-13T13:24:11.7100000Z,2018-11-13T14:00:00.0000000Z,2018-11-13T13:00:00.0000000Z,38,56.44726735
1899,534.20536005,537.03939928,526.00000007,535.0,2018-11-13T14:58:16.0730000Z,2018-11-13T14:01:05.1500000Z,2018-11-13T15:00:00.0000000Z,2018-11-13T14:00:00.0000000Z,55,104.03470167
1900,532.0,536.25317304,531.00000631,534.55094342,2018-11-13T15:59:29.5230000Z,2018-11-13T15:23:08.7200000Z,2018-11-13T16:00:00.0000000Z,2018-11-13T15:00:00.0000000Z,129,242.18349788
1901,540.00002935,545.25261173,530.95884878,533.12456,2018-11-13T16:59:42.3430000Z,2018-11-13T16:01:53.5330000Z,2018-11-13T17:00:00.0000000Z,2018-11-13T16:00:00.0000000Z,221,250.38204605
1902,548.881,553.0,540.0,540.00004104,2018-11-13T17:47:43.2930000Z,2018-11-13T17:01:13.0330000Z,2018-11-13T18:00:00.0000000Z,2018-11-13T17:00:00.0000000Z,202,149.93493807
1903,528.54093184,542.80127894,522.70802785,542.80127894,2018-11-13T18:58:39.0030000Z,2018-11-13T18:01:00.9330000Z,2018-11-13T19:00:00.0000000Z,2018-11-13T18:00:00.0000000Z,107,111.38209369
1904,528.16543308,531.50909773,522.76130585,524.83696864,2018-11-13T19:51:37.5200000Z,2018-11-13T19:00:32.7730000Z,2018-11-13T20:00:00.0000000Z,2018-11-13T19:00:00.0000000Z,38,5.95628664
1905,531.73221608,531.73221608,529.63500006,529.63500006,2018-11-13T20:14:20.4330000Z,2018-11-13T20:13:39.6000000Z,2018-11-13T21:00:00.0000000Z,2018-11-13T20:00:00.0000000Z,2,0.01488982
1906,526.87495522,529.63500001,525.19676763,529.63500001,2018-11-13T21:53:03.9600000Z,2018-11-13T21:08:25.0500000Z,2018-11-13T22:00:00.0000000Z,2018-11-13T21:00:00.0000000Z,19,6.49833909
1907,520.87051189,527.0,520.87050307,526.87495522,2018-11-13T22:50:41.8130000Z,2018-11-13T22:12:30.8330000Z,2018-11-13T23:00:00.0000000Z,2018-11-13T22:00:00.0000000Z,17,3.71575648
1908,519.000093,522.0,519.0,520.87050309,2018-11-13T23:52:08.9070000Z,2018-11-13T23:00:38.1300000Z,2018-11-14T00:00:00.0000000Z,2018-11-13T23:00:00.0000000Z,117,174.0375616
1909,524.68279274,525.2,518.0486204,518.0486204,2018-11-14T00:59:49.8800000Z,2018-11-14T00:05:48.0130000Z,2018-11-14T01:00:00.0000000Z,2018-11-14T00:00:00.0000000Z,30,15.96570028
1910,530.452,530.452,521.16302989,522.71835779,2018-11-14T01:56:00.8400000Z,2018-11-14T01:01:29.0400000Z,2018-11-14T02:00:00.0000000Z,2018-11-14T01:00:00.0000000Z,107,45.37187548
1911,528.19955444,529.79374749,528.19955444,529.79374749,2018-11-14T02:16:45.1500000Z,2018-11-14T02:08:43.2570000Z,2018-11-14T03:00:00.0000000Z,2018-11-14T02:00:00.0000000Z,2,0.50732834
1912,530.40066104,533.99990753,529.50000066,531.62170726,2018-11-14T03:59:43.7970000Z,2018-11-14T03:09:25.4830000Z,2018-11-14T04:00:00.0000000Z,2018-11-14T03:00:00.0000000Z,24,34.90857017
1913,531.37535406,532.07045721,528.73836594,528.73836594,2018-11-14T04:53:40.8330000Z,2018-11-14T04:02:07.3330000Z,2018-11-14T05:00:00.0000000Z,2018-11-14T04:00:00.0000000Z,21,8.44960084
1914,530.46382635,533.9990753,529.98174214,531.32999365,2018-11-14T05:58:35.8430000Z,2018-11-14T05:18:19.1730000Z,2018-11-14T06:00:00.0000000Z,2018-11-14T05:00:00.0000000Z,14,15.70828384
1915,533.48743355,534.50179689,533.00000016,534.0,2018-11-14T06:58:48.5730000Z,2018-11-14T06:00:26.6470000Z,2018-11-14T07:00:00.0000000Z,2018-11-14T06:00:00.0000000Z,18,30.14505487
1916,528.88178874,533.4633,527.28318548,533.4633,2018-11-14T07:53:48.0370000Z,2018-11-14T07:11:35.9500000Z,2018-11-14T08:00:00.0000000Z,2018-11-14T07:00:00.0000000Z,65,46.10434891
1917,524.20039217,530.64,522.00234211,528.0,2018-11-14T08:58:49.5000000Z,2018-11-14T08:01:05.1670000Z,2018-11-14T09:00:00.0000000Z,2018-11-14T08:00:00.0000000Z,23,14.34648389
1918,491.6378194,523.64473413,486.83266914,523.64473413,2018-11-14T09:59:47.2470000Z,2018-11-14T09:00:03.3470000Z,2018-11-14T10:00:00.0000000Z,2018-11-14T09:00:00.0000000Z,652,863.84075056
1919,490.97035761,497.0,485.0,491.57228909,2018-11-14T10:58:58.5200000Z,2018-11-14T10:00:25.6530000Z,2018-11-14T11:00:00.0000000Z,2018-11-14T10:00:00.0000000Z,132,145.11289292
1920,487.35756366,493.2921262,480.0,485.0,2018-11-14T11:56:49.9630000Z,2018-11-14T11:04:53.6730000Z,2018-11-14T12:00:00.0000000Z,2018-11-14T11:00:00.0000000Z,209,104.22152363
1921,489.99999999,493.29622178,484.00000002,489.03550704,2018-11-14T12:59:25.4130000Z,2018-11-14T12:00:05.8130000Z,2018-11-14T13:00:00.0000000Z,2018-11-14T12:00:00.0000000Z,35,73.52109867
1922,489.55108478,490.97333233,485.96953798,490.0,2018-11-14T13:58:58.7800000Z,2018-11-14T13:00:00.9770000Z,2018-11-14T14:00:00.0000000Z,2018-11-14T13:00:00.0000000Z,60,66.04219807
1923,486.75372744,493.32050656,483.21137602,489.45653352,2018-11-14T14:57:14.9400000Z,2018-11-14T14:02:44.5870000Z,2018-11-14T15:00:00.0000000Z,2018-11-14T14:00:00.0000000Z,126,277.84246288
1924,474.99999493,486.0,469.00009247,486.0,2018-11-14T15:59:58.6800000Z,2018-11-14T15:09:43.0200000Z,2018-11-14T16:00:00.0000000Z,2018-11-14T15:00:00.0000000Z,303,282.5873289
1925,440.0,481.5334947,426.0,472.56917705,2018-11-14T16:58:48.8400000Z,2018-11-14T16:00:08.1930000Z,2018-11-14T17:00:00.0000000Z,2018-11-14T16:00:00.0000000Z,616,594.23075633
1926,459.7763315,461.01820123,434.00000002,441.46989415,2018-11-14T17:59:57.9770000Z,2018-11-14T17:01:12.3300000Z,2018-11-14T18:00:00.0000000Z,2018-11-14T17:00:00.0000000Z,343,484.48879019
1927,440.90285668,458.52396244,440.44626153,454.00000017,2018-11-14T18:58:41.7630000Z,2018-11-14T18:01:20.6370000Z,2018-11-14T19:00:00.0000000Z,2018-11-14T18:00:00.0000000Z,113,179.94491574
1928,444.55353894,445.28598278,427.14943155,441.00000017,2018-11-14T19:58:41.7570000Z,2018-11-14T19:00:19.5330000Z,2018-11-14T20:00:00.0000000Z,2018-11-14T19:00:00.0000000Z,96,127.90390909
1929,441.0,446.23747786,436.00036998,444.55353902,2018-11-14T20:59:44.8900000Z,2018-11-14T20:05:50.1170000Z,2018-11-14T21:00:00.0000000Z,2018-11-14T20:00:00.0000000Z,22,24.0658906
1930,447.0,451.83624748,440.0,441.0,2018-11-14T21:55:13.2000000Z,2018-11-14T21:00:03.9400000Z,2018-11-14T22:00:00.0000000Z,2018-11-14T21:00:00.0000000Z,46,54.57343097
1931,448.0,450.0,442.5,447.17557456,2018-11-14T22:51:16.5270000Z,2018-11-14T22:03:50.0800000Z,2018-11-14T23:00:00.0000000Z,2018-11-14T22:00:00.0000000Z,86,72.76610658
1932,450.41961213,453.0,444.0,444.0,2018-11-14T23:57:16.7570000Z,2018-11-14T23:00:10.5630000Z,2018-11-15T00:00:00.0000000Z,2018-11-14T23:00:00.0000000Z,32,9.11202894
1933,452.99999983,457.87763239,448.0,449.47503942,2018-11-15T00:57:07.8370000Z,2018-11-15T00:04:01.3800000Z,2018-11-15T01:00:00.0000000Z,2018-11-15T00:00:00.0000000Z,45,22.35073535
1934,445.0,450.09869317,445.0,448.20000035,2018-11-15T01:59:47.8200000Z,2018-11-15T01:03:26.3700000Z,2018-11-15T02:00:00.0000000Z,2018-11-15T01:00:00.0000000Z,77,85.22255796
1935,423.16415421,445.0,423.16415421,445.0,2018-11-15T02:55:46.5330000Z,2018-11-15T02:00:13.1030000Z,2018-11-15T03:00:00.0000000Z,2018-11-15T02:00:00.0000000Z,216,103.24047865
1936,438.28362748,438.28362748,423.16443182,423.16452429,2018-11-15T03:57:49.3600000Z,2018-11-15T03:00:07.6400000Z,2018-11-15T04:00:00.0000000Z,2018-11-15T03:00:00.0000000Z,37,18.55994107
1937,435.49436785,435.49436785,423.588,431.36481646,2018-11-15T04:58:24.0400000Z,2018-11-15T04:08:19.4470000Z,2018-11-15T05:00:00.0000000Z,2018-11-15T04:00:00.0000000Z,15,3.83103051
1938,443.71493849,443.71493849,431.0445366,433.89629939,2018-11-15T05:57:38.4700000Z,2018-11-15T05:00:12.8130000Z,2018-11-15T06:00:00.0000000Z,2018-11-15T05:00:00.0000000Z,45,97.73460237
1939,444.78269859,447.99187999,437.41511269,437.42511269,2018-11-15T06:59:54.2200000Z,2018-11-15T06:07:09.7430000Z,2018-11-15T07:00:00.0000000Z,2018-11-15T06:00:00.0000000Z,40,36.48110108
1940,472.0,476.83196045,445.1972764,445.66244834,2018-11-15T07:59:47.6170000Z,2018-11-15T07:00:26.5630000Z,2018-11-15T08:00:00.0000000Z,2018-11-15T07:00:00.0000000Z,349,201.39448035
1941,455.15072425,484.48339937,454.2444224,472.00000017,2018-11-15T08:57:28.1000000Z,2018-11-15T08:00:28.6500000Z,2018-11-15T09:00:00.0000000Z,2018-11-15T08:00:00.0000000Z,504,370.14240577
1942,472.0,474.90342313,455.15072426,455.15072426,2018-11-15T09:59:04.2870000Z,2018-11-15T09:01:13.3300000Z,2018-11-15T10:00:00.0000000Z,2018-11-15T09:00:00.0000000Z,69,30.46132529
1943,448.00000003,472.0,441.00000005,472.0,2018-11-15T10:57:40.3070000Z,2018-11-15T10:02:52.9530000Z,2018-11-15T11:00:00.0000000Z,2018-11-15T10:00:00.0000000Z,168,36.09554905
1944,456.66753409,462.27916203,448.0,448.0,2018-11-15T11:51:36.8330000Z,2018-11-15T11:02:53.8700000Z,2018-11-15T12:00:00.0000000Z,2018-11-15T11:00:00.0000000Z,60,36.691862
1945,448.03376153,459.09094465,448.03376153,448.03376155,2018-11-15T12:59:51.6270000Z,2018-11-15T12:04:41.2700000Z,2018-11-15T13:00:00.0000000Z,2018-11-15T12:00:00.0000000Z,50,55.70878846
1946,441.93739689,458.0,432.86453578,448.03376153,2018-11-15T13:58:06.0670000Z,2018-11-15T13:00:04.7670000Z,2018-11-15T14:00:00.0000000Z,2018-11-15T13:00:00.0000000Z,125,260.7973365
1947,416.7,439.35,416.7,439.35,2018-11-15T14:59:38.9230000Z,2018-11-15T14:00:10.8530000Z,2018-11-15T15:00:00.0000000Z,2018-11-15T14:00:00.0000000Z,170,52.32280049
1948,459.99999979,459.99999979,416.7,416.7,2018-11-15T15:59:03.4430000Z,2018-11-15T15:00:18.6130000Z,2018-11-15T16:00:00.0000000Z,2018-11-15T15:00:00.0000000Z,246,176.34683336
1949,385.015,470.0,333.0,455.84573752,2018-11-15T16:59:20.7200000Z,2018-11-15T16:00:18.4170000Z,2018-11-15T17:00:00.0000000Z,2018-11-15T16:00:00.0000000Z,707,229.04689216
1950,386.1,409.89391895,371.00604143,399.38699943,2018-11-15T17:59:18.0870000Z,2018-11-15T17:00:22.3470000Z,2018-11-15T18:00:00.0000000Z,2018-11-15T17:00:00.0000000Z,392,95.42673735
1951,404.0,443.65663297,385.5,386.10000018,2018-11-15T18:58:47.5300000Z,2018-11-15T18:01:19.0430000Z,2018-11-15T19:00:00.0000000Z,2018-11-15T18:00:00.0000000Z,216,74.4160704
1952,407.99999428,433.68868726,390.0,400.8098822,2018-11-15T19:57:18.8300000Z,2018-11-15T19:01:39.4900000Z,2018-11-15T20:00:00.0000000Z,2018-11-15T19:00:00.0000000Z,128,56.37882471
1953,381.309,407.9999954,381.1,407.99999524,2018-11-15T20:59:46.2830000Z,2018-11-15T20:00:06.3530000Z,2018-11-15T21:00:00.0000000Z,2018-11-15T20:00:00.0000000Z,262,79.59286614
1954,387.00000039,396.65014999,381.30700099,381.31,2018-11-15T21:58:42.2700000Z,2018-11-15T21:00:25.2530000Z,2018-11-15T22:00:00.0000000Z,2018-11-15T21:00:00.0000000Z,119,23.19199843
1955,400.01,403.99799977,387.0000002,392.0,2018-11-15T22:55:20.5570000Z,2018-11-15T22:00:19.8200000Z,2018-11-15T23:00:00.0000000Z,2018-11-15T22:00:00.0000000Z,77,10.57022859
1956,393.00000004,403.99799994,392.00000001,400.0,2018-11-15T23:58:27.4000000Z,2018-11-15T23:02:09.4170000Z,2018-11-16T00:00:00.0000000Z,2018-11-15T23:00:00.0000000Z,57,14.48247892
1957,398.00000222,422.31529,394.00000026,394.00000026,2018-11-16T00:59:43.4400000Z,2018-11-16T00:00:08.4030000Z,2018-11-16T01:00:00.0000000Z,2018-11-16T00:00:00.0000000Z,96,85.29093062
1958,395.00000001,429.0,382.0,398.00000093,2018-11-16T01:59:17.6330000Z,2018-11-16T01:00:08.7100000Z,2018-11-16T02:00:00.0000000Z,2018-11-16T01:00:00.0000000Z,436,439.90475214
1959,394.9999998,400.0,391.0,395.0000002,2018-11-16T02:57:03.6530000Z,2018-11-16T02:02:00.4070000Z,2018-11-16T03:00:00.0000000Z,2018-11-16T02:00:00.0000000Z,31,7.1317772
1960,395.10000017,402.48269732,391.10000039,393.01510762,2018-11-16T03:56:17.5630000Z,2018-11-16T03:00:17.7230000Z,2018-11-16T04:00:00.0000000Z,2018-11-16T03:00:00.0000000Z,20,3.02537742
1961,363.90730251,395.1,363.90730247,395.1,2018-11-16T04:59:02.6770000Z,2018-11-16T04:03:48.3970000Z,2018-11-16T05:00:00.0000000Z,2018-11-16T04:00:00.0000000Z,322,162.68869198
1962,360.79500784,381.99999997,351.24772637,374.99999924,2018-11-16T05:59:54.6700000Z,2018-11-16T05:01:53.4970000Z,2018-11-16T06:00:00.0000000Z,2018-11-16T05:00:00.0000000Z,211,136.71143501
1963,370.71752884,375.219475,360.79500519,375.21947477,2018-11-16T06:59:47.5570000Z,2018-11-16T06:06:02.0630000Z,2018-11-16T07:00:00.0000000Z,2018-11-16T06:00:00.0000000Z,62,19.77209837
1964,359.49999479,378.99999975,350.29094386,366.00000017,2018-11-16T07:58:32.2000000Z,2018-11-16T07:18:55.6970000Z,2018-11-16T08:00:00.0000000Z,2018-11-16T07:00:00.0000000Z,85,42.20759775
1965,356.10000018,369.57838203,356.1,366.10507552,2018-11-16T08:59:59.6700000Z,2018-11-16T08:00:33.9230000Z,2018-11-16T09:00:00.0000000Z,2018-11-16T08:00:00.0000000Z,193,117.71918862
1966,340.00000001,359.13553302,336.2793061,359.13553302,2018-11-16T09:59:16.2600000Z,2018-11-16T09:00:20.4500000Z,2018-11-16T10:00:00.0000000Z,2018-11-16T09:00:00.0000000Z,376,118.0594844
1967,342.99428814,348.63821119,333.0,339.99999984,2018-11-16T10:59:59.1430000Z,2018-11-16T10:00:16.6700000Z,2018-11-16T11:00:00.0000000Z,2018-11-16T10:00:00.0000000Z,193,52.95830625
1968,353.91519999,355.42529685,340.00000019,342.99428814,2018-11-16T11:57:47.8030000Z,2018-11-16T11:00:00.6130000Z,2018-11-16T12:00:00.0000000Z,2018-11-16T11:00:00.0000000Z,96,215.30943263
1969,342.00400004,348.99999981,341.00400004,344.0000108,2018-11-16T12:59:59.4730000Z,2018-11-16T12:00:20.8730000Z,2018-11-16T13:00:00.0000000Z,2018-11-16T12:00:00.0000000Z,55,13.242661
1970,340.99999841,348.09096474,323.99999999,342.00400004,2018-11-16T13:52:22.1830000Z,2018-11-16T13:00:01.1000000Z,2018-11-16T14:00:00.0000000Z,2018-11-16T13:00:00.0000000Z,376,208.93831006
1971,342.05500036,348.09096469,323.0,328.75312772,2018-11-16T14:57:45.9570000Z,2018-11-16T14:05:31.6530000Z,2018-11-16T15:00:00.0000000Z,2018-11-16T14:00:00.0000000Z,251,191.18014117
1972,334.0,345.0,330.00000001,342.05500036,2018-11-16T15:59:37.7200000Z,2018-11-16T15:02:30.9670000Z,2018-11-16T16:00:00.0000000Z,2018-11-16T15:00:00.0000000Z,55,14.97943283
1973,332.6931565,344.0,330.0,334.0,2018-11-16T16:56:43.8170000Z,2018-11-16T16:03:17.3370000Z,2018-11-16T17:00:00.0000000Z,2018-11-16T16:00:00.0000000Z,45,27.82990483
1974,330.00000018,341.54994978,330.0,335.0,2018-11-16T17:58:28.6100000Z,2018-11-16T17:12:42.6670000Z,2018-11-16T18:00:00.0000000Z,2018-11-16T17:00:00.0000000Z,52,30.79567161
1975,343.99999882,343.99999882,330.0,338.61732405,2018-11-16T18:38:37.3030000Z,2018-11-16T18:07:15.9430000Z,2018-11-16T19:00:00.0000000Z,2018-11-16T18:00:00.0000000Z,18,9.4222597
1976,334.00000001,340.99999999,333.0,340.99999999,2018-11-16T19:58:40.0700000Z,2018-11-16T19:09:55.4930000Z,2018-11-16T20:00:00.0000000Z,2018-11-16T19:00:00.0000000Z,37,25.28136186
1977,332.29,334.2,328.0,334.2,2018-11-16T20:41:14.0000000Z,2018-11-16T20:00:19.8200000Z,2018-11-16T21:00:00.0000000Z,2018-11-16T20:00:00.0000000Z,17,8.27553071
1978,330.876546,344.9999938,330.546,334.99999969,2018-11-16T21:58:58.9600000Z,2018-11-16T21:01:48.0370000Z,2018-11-16T22:00:00.0000000Z,2018-11-16T21:00:00.0000000Z,66,21.5580096
1979,323.08000032,331.27999639,323.00000019,330.546,2018-11-16T22:50:02.6200000Z,2018-11-16T22:01:04.4030000Z,2018-11-16T23:00:00.0000000Z,2018-11-16T22:00:00.0000000Z,83,18.83504641
1980,315.00000017,323.00000019,309.00000001,323.00000019,2018-11-16T23:57:04.8930000Z,2018-11-16T23:02:23.8530000Z,2018-11-17T00:00:00.0000000Z,2018-11-16T23:00:00.0000000Z,405,388.55428413
1981,303.98980049,315.00000017,298.00000065,315.00000017,2018-11-17T00:54:12.8770000Z,2018-11-17T00:00:31.0600000Z,2018-11-17T01:00:00.0000000Z,2018-11-17T00:00:00.0000000Z,170,136.91281587
1982,301.0,309.0,295.0,306.0,2018-11-17T01:50:07.2500000Z,2018-11-17T01:07:10.5930000Z,2018-11-17T02:00:00.0000000Z,2018-11-17T01:00:00.0000000Z,225,218.64771575
1983,300.0,306.04163924,293.99999999,300.09008592,2018-11-17T02:57:38.8530000Z,2018-11-17T02:04:40.6600000Z,2018-11-17T03:00:00.0000000Z,2018-11-17T02:00:00.0000000Z,87,84.91662241
1984,303.0,313.0,296.0000132,305.99999999,2018-11-17T03:58:41.4230000Z,2018-11-17T03:00:14.5300000Z,2018-11-17T04:00:00.0000000Z,2018-11-17T03:00:00.0000000Z,1035,708.34742839
1985,303.89999981,305.0,296.10012506,303.0,2018-11-17T04:58:53.9600000Z,2018-11-17T04:00:51.3330000Z,2018-11-17T05:00:00.0000000Z,2018-11-17T04:00:00.0000000Z,674,522.65392432
1986,294.00000625,303.0,290.48198292,302.99999983,2018-11-17T05:59:58.2970000Z,2018-11-17T05:00:37.0700000Z,2018-11-17T06:00:00.0000000Z,2018-11-17T05:00:00.0000000Z,246,205.47983997
1987,299.0,301.99999965,290.48198311,293.0,2018-11-17T06:59:41.4900000Z,2018-11-17T06:00:04.7670000Z,2018-11-17T07:00:00.0000000Z,2018-11-17T06:00:00.0000000Z,56,47.77378121
1988,331.08823121,340.0,299.0,299.0,2018-11-17T07:59:36.2930000Z,2018-11-17T07:00:27.3970000Z,2018-11-17T08:00:00.0000000Z,2018-11-17T07:00:00.0000000Z,170,95.49892902
1989,320.39911984,340.0,316.46815574,331.08823122,2018-11-17T08:56:03.6000000Z,2018-11-17T08:01:11.7330000Z,2018-11-17T09:00:00.0000000Z,2018-11-17T08:00:00.0000000Z,68,40.97952301
1990,307.0,337.87455667,307.0,325.00007189,2018-11-17T09:59:56.6670000Z,2018-11-17T09:10:04.5570000Z,2018-11-17T10:00:00.0000000Z,2018-11-17T09:00:00.0000000Z,53,23.45761302
1991,306.0,333.0,299.00000009,307.00000002,2018-11-17T10:55:58.5670000Z,2018-11-17T10:01:01.8870000Z,2018-11-17T11:00:00.0000000Z,2018-11-17T10:00:00.0000000Z,81,55.88361179
1992,310.00000294,311.0,304.99999361,306.0,2018-11-17T11:49:01.8070000Z,2018-11-17T11:02:27.5670000Z,2018-11-17T12:00:00.0000000Z,2018-11-17T11:00:00.0000000Z,133,56.48364684
1993,301.997475,313.00000001,300.40501335,312.99999983,2018-11-17T12:58:07.1470000Z,2018-11-17T12:02:28.2300000Z,2018-11-17T13:00:00.0000000Z,2018-11-17T12:00:00.0000000Z,73,9.45412733
1994,304.01752549,310.67724149,299.00000285,300.00000032,2018-11-17T13:54:01.8170000Z,2018-11-17T13:00:56.3100000Z,2018-11-17T14:00:00.0000000Z,2018-11-17T13:00:00.0000000Z,72,7.5863847
1995,312.69630133,312.69630133,301.00000032,302.50500017,2018-11-17T14:58:31.6300000Z,2018-11-17T14:01:42.3370000Z,2018-11-17T15:00:00.0000000Z,2018-11-17T14:00:00.0000000Z,109,14.291759859999999
1996,307.04006447,330.0,304.000044,312.69626133,2018-11-17T15:59:04.6700000Z,2018-11-17T15:01:12.5130000Z,2018-11-17T16:00:00.0000000Z,2018-11-17T15:00:00.0000000Z,151,10.12376428
1997,317.9,319.50712231,304.00001333,310.11046512,2018-11-17T16:59:26.9900000Z,2018-11-17T16:00:41.6900000Z,2018-11-17T17:00:00.0000000Z,2018-11-17T16:00:00.0000000Z,180,55.90033154
1998,314.68336286,320.59500012,305.42857085,315.12780115,2018-11-17T17:59:55.1400000Z,2018-11-17T17:00:27.6670000Z,2018-11-17T18:00:00.0000000Z,2018-11-17T17:00:00.0000000Z,87,27.29868983
1999,317.99999968,317.99999968,309.540001,317.83019648,2018-11-17T18:59:16.5070000Z,2018-11-17T18:00:12.3600000Z,2018-11-17T19:00:00.0000000Z,2018-11-17T18:00:00.0000000Z,44,4.71847176
2000,310.47472452,316.77857499,305.86378727,315.20256219,2018-11-17T19:58:49.7770000Z,2018-11-17T19:04:06.1730000Z,2018-11-17T20:00:00.0000000Z,2018-11-17T19:00:00.0000000Z,98,24.07355761
2001,312.0,320.0,307.39310762,310.47472452,2018-11-17T20:41:12.7700000Z,2018-11-17T20:00:50.0930000Z,2018-11-17T21:00:00.0000000Z,2018-11-17T20:00:00.0000000Z,47,4.29074403
2002,307.39310622,309.54000191,305.86378728,309.54000191,2018-11-17T21:52:10.3800000Z,2018-11-17T21:35:06.0270000Z,2018-11-17T22:00:00.0000000Z,2018-11-17T21:00:00.0000000Z,15,0.7006432
2003,310.0,312.99,305.42857086,307.70049933,2018-11-17T22:58:23.8700000Z,2018-11-17T22:28:19.3430000Z,2018-11-17T23:00:00.0000000Z,2018-11-17T22:00:00.0000000Z,10,1.05212747
2004,322.63745804,322.63749838,310.1,310.10000017,2018-11-17T23:53:01.5500000Z,2018-11-17T23:01:33.6130000Z,2018-11-18T00:00:00.0000000Z,2018-11-17T23:00:00.0000000Z,53,14.52225883
2005,319.99999704,322.63749838,310.2001064,313.0000036,2018-11-18T00:43:02.8270000Z,2018-11-18T00:04:58.1270000Z,2018-11-18T01:00:00.0000000Z,2018-11-18T00:00:00.0000000Z,44,7.57784971
2006,313.00000437,319.99999704,313.00000437,313.00000437,2018-11-18T01:55:42.5830000Z,2018-11-18T01:22:52.9570000Z,2018-11-18T02:00:00.0000000Z,2018-11-18T01:00:00.0000000Z,9,6.0416951
2007,318.2,319.04094674,318.2,319.04094674,2018-11-18T03:33:20.2430000Z,2018-11-18T03:06:59.0370000Z,2018-11-18T04:00:00.0000000Z,2018-11-18T03:00:00.0000000Z,2,0.11843553
2008,315.88179999,318.49999469,315.88179999,317.88179999,2018-11-18T04:42:48.5870000Z,2018-11-18T04:07:53.7500000Z,2018-11-18T05:00:00.0000000Z,2018-11-18T04:00:00.0000000Z,17,5.05751342
2009,324.25068604,324.25068604,318.2,318.49999468,2018-11-18T05:55:38.0130000Z,2018-11-18T05:27:17.8500000Z,2018-11-18T06:00:00.0000000Z,2018-11-18T05:00:00.0000000Z,28,3.65771057
2010,317.51,334.99999361,316.0000016,316.0000016,2018-11-18T06:51:38.9000000Z,2018-11-18T06:00:01.2900000Z,2018-11-18T07:00:00.0000000Z,2018-11-18T06:00:00.0000000Z,93,45.98997198
2011,318.1,332.821963,318.1,320.50437919,2018-11-18T07:57:35.7200000Z,2018-11-18T07:02:09.5870000Z,2018-11-18T08:00:00.0000000Z,2018-11-18T07:00:00.0000000Z,64,10.65866544
2012,319.3708,319.3708,317.15,318.1,2018-11-18T08:10:14.0330000Z,2018-11-18T08:00:41.5400000Z,2018-11-18T09:00:00.0000000Z,2018-11-18T08:00:00.0000000Z,37,15.43293307
2013,315.0,329.5,313.0,329.17049705,2018-11-18T09:58:56.9400000Z,2018-11-18T09:05:58.2630000Z,2018-11-18T10:00:00.0000000Z,2018-11-18T09:00:00.0000000Z,65,11.51406628
2014,308.0,315.57,308.0,315.0,2018-11-18T10:57:42.7100000Z,2018-11-18T10:03:00.6700000Z,2018-11-18T11:00:00.0000000Z,2018-11-18T10:00:00.0000000Z,59,7.88919112
2015,300.00000004,308.53499983,300.00000004,307.0,2018-11-18T11:58:11.6230000Z,2018-11-18T11:00:14.6400000Z,2018-11-18T12:00:00.0000000Z,2018-11-18T11:00:00.0000000Z,40,21.961146630000002
2016,311.21654526,319.0,303.45472842,304.01904046,2018-11-18T12:51:31.2200000Z,2018-11-18T12:01:03.6900000Z,2018-11-18T13:00:00.0000000Z,2018-11-18T12:00:00.0000000Z,48,5.25410783
2017,308.98005379,309.28903384,305.0,305.00001078,2018-11-18T13:57:33.6800000Z,2018-11-18T13:11:31.0500000Z,2018-11-18T14:00:00.0000000Z,2018-11-18T13:00:00.0000000Z,17,2.19129739
2018,305.00000001,311.07060607,305.00000001,308.98005379,2018-11-18T14:58:41.8300000Z,2018-11-18T14:04:39.6800000Z,2018-11-18T15:00:00.0000000Z,2018-11-18T14:00:00.0000000Z,18,7.84668544
2019,310.04058977,311.0,305.00000002,305.00000002,2018-11-18T15:36:24.8100000Z,2018-11-18T15:08:14.0400000Z,2018-11-18T16:00:00.0000000Z,2018-11-18T15:00:00.0000000Z,22,3.21688478
2020,314.0,314.0,310.0405,310.0405,2018-11-18T16:50:29.3200000Z,2018-11-18T16:13:47.8230000Z,2018-11-18T17:00:00.0000000Z,2018-11-18T16:00:00.0000000Z,18,6.59831565
2021,310.04071592,310.04071592,310.04071592,310.04071592,2018-11-18T17:56:30.8430000Z,2018-11-18T17:30:08.4200000Z,2018-11-18T18:00:00.0000000Z,2018-11-18T17:00:00.0000000Z,6,0.8750663200000001
2022,313.45815354,313.45819354,313.45815354,313.45819354,2018-11-18T18:39:09.1670000Z,2018-11-18T18:38:13.5230000Z,2018-11-18T19:00:00.0000000Z,2018-11-18T18:00:00.0000000Z,5,1.06466443
2023,311.00002754,313.99995997,311.00000123,313.99995997,2018-11-18T19:16:53.4470000Z,2018-11-18T19:00:21.8430000Z,2018-11-18T20:00:00.0000000Z,2018-11-18T19:00:00.0000000Z,9,0.48288362
2024,310.04059139,316.5364496,310.0405,311.0,2018-11-18T20:56:54.7530000Z,2018-11-18T20:04:31.1730000Z,2018-11-18T21:00:00.0000000Z,2018-11-18T20:00:00.0000000Z,28,7.3063695
2025,310.04050001,310.04059139,310.0405,310.04059139,2018-11-18T21:59:01.8570000Z,2018-11-18T21:00:24.6830000Z,2018-11-18T22:00:00.0000000Z,2018-11-18T21:00:00.0000000Z,15,1.47965571
2026,310.04049983,310.0405,309.99680514,310.0405,2018-11-18T22:18:40.4200000Z,2018-11-18T22:05:59.5000000Z,2018-11-18T23:00:00.0000000Z,2018-11-18T22:00:00.0000000Z,10,0.55939824
2027,313.0,313.0,310.04049983,310.04049983,2018-11-18T23:59:34.3070000Z,2018-11-18T23:45:31.0870000Z,2018-11-19T00:00:00.0000000Z,2018-11-18T23:00:00.0000000Z,21,6.44440888
2028,305.00000001,318.17750785,305.00000001,318.17750785,2018-11-19T00:29:16.3200000Z,2018-11-19T00:00:33.5130000Z,2018-11-19T01:00:00.0000000Z,2018-11-19T00:00:00.0000000Z,92,18.9802853
2029,294.0,305.00000001,291.0,305.00000001,2018-11-19T01:52:27.2870000Z,2018-11-19T01:03:26.2770000Z,2018-11-19T02:00:00.0000000Z,2018-11-19T01:00:00.0000000Z,194,46.32275403
2030,289.04547968,294.11499983,289.04547968,294.0,2018-11-19T02:59:47.7630000Z,2018-11-19T02:00:17.6330000Z,2018-11-19T03:00:00.0000000Z,2018-11-19T02:00:00.0000000Z,285,9.44645579
2031,293.96090614,294.115,283.54513028,289.04547968,2018-11-19T03:53:36.6100000Z,2018-11-19T03:00:23.8730000Z,2018-11-19T04:00:00.0000000Z,2018-11-19T03:00:00.0000000Z,97,8.431805690000001
2032,285.18000019,294.0,285.16872056,293.960894,2018-11-19T04:49:02.1530000Z,2018-11-19T04:04:52.9530000Z,2018-11-19T05:00:00.0000000Z,2018-11-19T04:00:00.0000000Z,53,14.32145342
2033,272.0,285.18000001,266.05500036,285.18000001,2018-11-19T05:59:56.4370000Z,2018-11-19T05:14:36.7970000Z,2018-11-19T06:00:00.0000000Z,2018-11-19T05:00:00.0000000Z,226,61.12018879
2034,274.11673277,274.11673277,268.14352558,272.0,2018-11-19T06:50:19.3900000Z,2018-11-19T06:01:58.0370000Z,2018-11-19T07:00:00.0000000Z,2018-11-19T06:00:00.0000000Z,74,37.09847391
2035,275.99999637,276.85790009,269.00004062,276.85790009,2018-11-19T07:57:30.0070000Z,2018-11-19T07:01:13.5700000Z,2018-11-19T08:00:00.0000000Z,2018-11-19T07:00:00.0000000Z,41,21.15564146
2036,260.01000002,270.56235347,260.0,269.0,2018-11-19T08:55:52.8200000Z,2018-11-19T08:03:30.2530000Z,2018-11-19T09:00:00.0000000Z,2018-11-19T08:00:00.0000000Z,161,128.5791549
2037,260.00000035,274.882628,260.0,264.62,2018-11-19T09:59:21.4600000Z,2018-11-19T09:06:28.3770000Z,2018-11-19T10:00:00.0000000Z,2018-11-19T09:00:00.0000000Z,70,89.58022156
2038,266.0,266.0,260.00000037,260.00000037,2018-11-19T10:55:51.1770000Z,2018-11-19T10:00:33.1970000Z,2018-11-19T11:00:00.0000000Z,2018-11-19T10:00:00.0000000Z,75,31.82058119
2039,274.88262772,274.88262772,262.09910815,266.0,2018-11-19T11:52:07.9370000Z,2018-11-19T11:14:35.7700000Z,2018-11-19T12:00:00.0000000Z,2018-11-19T11:00:00.0000000Z,12,1.9951195400000001
2040,260.06012616,274.88262798,260.06012616,274.88262798,2018-11-19T12:46:02.6170000Z,2018-11-19T12:09:22.9170000Z,2018-11-19T13:00:00.0000000Z,2018-11-19T12:00:00.0000000Z,28,7.75433706
2041,262.99998599,262.99999411,251.10843351,262.51269307,2018-11-19T13:55:57.3000000Z,2018-11-19T13:01:16.9500000Z,2018-11-19T14:00:00.0000000Z,2018-11-19T13:00:00.0000000Z,665,383.577122
2042,255.0,270.00000004,243.00000002,254.69702425,2018-11-19T14:59:07.1930000Z,2018-11-19T14:00:09.4230000Z,2018-11-19T15:00:00.0000000Z,2018-11-19T14:00:00.0000000Z,122,242.77155396
2043,255.0,267.78567491,243.31000032,255.0,2018-11-19T15:58:16.6670000Z,2018-11-19T15:00:58.7430000Z,2018-11-19T16:00:00.0000000Z,2018-11-19T15:00:00.0000000Z,231,439.48178805
2044,255.26606726,258.99999964,243.79662032,253.00001942,2018-11-19T16:42:16.9470000Z,2018-11-19T16:02:12.9900000Z,2018-11-19T17:00:00.0000000Z,2018-11-19T16:00:00.0000000Z,127,59.72178412
2045,243.54848677,257.99999999,243.54848677,248.00000017,2018-11-19T17:59:46.1200000Z,2018-11-19T17:02:09.0270000Z,2018-11-19T18:00:00.0000000Z,2018-11-19T17:00:00.0000000Z,83,32.8703072
2046,244.55603421,245.02450546,235.60000818,244.55603528,2018-11-19T18:52:53.5170000Z,2018-11-19T18:00:15.1530000Z,2018-11-19T19:00:00.0000000Z,2018-11-19T18:00:00.0000000Z,50,20.06917792
2047,246.99995408,246.99999999,236.54999949,244.30854331,2018-11-19T19:58:49.9100000Z,2018-11-19T19:00:10.7970000Z,2018-11-19T20:00:00.0000000Z,2018-11-19T19:00:00.0000000Z,108,94.92691249
2048,246.99976163,246.99988564,241.0,244.00000001,2018-11-19T20:36:28.5170000Z,2018-11-19T20:14:36.4330000Z,2018-11-19T21:00:00.0000000Z,2018-11-19T20:00:00.0000000Z,16,7.38325411
2049,243.99993239,246.99989422,233.55000179,246.99989422,2018-11-19T21:51:04.7500000Z,2018-11-19T21:00:21.1070000Z,2018-11-19T22:00:00.0000000Z,2018-11-19T21:00:00.0000000Z,71,80.55289009
2050,232.80598793,243.99991478,231.00000001,238.0,2018-11-19T22:53:21.2470000Z,2018-11-19T22:08:13.0100000Z,2018-11-19T23:00:00.0000000Z,2018-11-19T22:00:00.0000000Z,35,26.66747901
2051,240.0,243.9995833,235.01369501,243.9995833,2018-11-19T23:54:33.5830000Z,2018-11-19T23:05:55.5730000Z,2018-11-20T00:00:00.0000000Z,2018-11-19T23:00:00.0000000Z,9,21.95662
2052,239.4,241.99989871,236.5,239.99999982,2018-11-20T00:58:18.9570000Z,2018-11-20T00:09:08.2130000Z,2018-11-20T01:00:00.0000000Z,2018-11-20T00:00:00.0000000Z,53,115.74250488
2053,233.0,238.78337468,226.00000088,238.0,2018-11-20T01:55:44.5670000Z,2018-11-20T01:08:27.7500000Z,2018-11-20T02:00:00.0000000Z,2018-11-20T01:00:00.0000000Z,170,139.14400086
2054,239.4,239.4,229.187,229.18721786,2018-11-20T02:48:07.2600000Z,2018-11-20T02:05:22.9830000Z,2018-11-20T03:00:00.0000000Z,2018-11-20T02:00:00.0000000Z,120,276.60801234
2055,230.95696563,237.0,226.37501035,237.0,2018-11-20T03:51:46.6030000Z,2018-11-20T03:05:52.4900000Z,2018-11-20T04:00:00.0000000Z,2018-11-20T03:00:00.0000000Z,51,17.41778325
2056,223.65945041,233.00000505,221.00000003,232.42822619,2018-11-20T04:58:55.2670000Z,2018-11-20T04:02:32.2830000Z,2018-11-20T05:00:00.0000000Z,2018-11-20T04:00:00.0000000Z,194,136.04028454
2057,214.08921959,221.00000028,210.98651242,221.00000028,2018-11-20T05:58:13.9130000Z,2018-11-20T05:00:13.8800000Z,2018-11-20T06:00:00.0000000Z,2018-11-20T05:00:00.0000000Z,248,339.65550888
2058,209.0,217.22530052,206.99998414,217.22530051,2018-11-20T06:58:56.1100000Z,2018-11-20T06:02:56.5200000Z,2018-11-20T07:00:00.0000000Z,2018-11-20T06:00:00.0000000Z,142,69.7021499
2059,213.69941206,219.99985715,208.8177399,208.8177399,2018-11-20T07:58:09.9600000Z,2018-11-20T07:00:10.2070000Z,2018-11-20T08:00:00.0000000Z,2018-11-20T07:00:00.0000000Z,155,444.13370722
2060,200.99997692,213.69941187,195.01309342,213.69941187,2018-11-20T08:59:35.4100000Z,2018-11-20T08:00:08.8400000Z,2018-11-20T09:00:00.0000000Z,2018-11-20T08:00:00.0000000Z,275,596.55277881
2061,211.99999999,211.99999999,200.99994699,200.99995007,2018-11-20T09:55:34.2500000Z,2018-11-20T09:01:17.2100000Z,2018-11-20T10:00:00.0000000Z,2018-11-20T09:00:00.0000000Z,78,88.52222039
2062,221.38633059,227.0,209.85517716,212.06251582,2018-11-20T10:57:51.1530000Z,2018-11-20T10:12:47.7630000Z,2018-11-20T11:00:00.0000000Z,2018-11-20T10:00:00.0000000Z,101,249.73788316
2063,222.81413155,231.92965131,217.1895983,218.44255354,2018-11-20T11:59:23.8030000Z,2018-11-20T11:01:48.2430000Z,2018-11-20T12:00:00.0000000Z,2018-11-20T11:00:00.0000000Z,78,238.17958021
2064,248.889,260.66276064,220.83290617,226.24003878,2018-11-20T12:59:45.6870000Z,2018-11-20T12:01:01.5600000Z,2018-11-20T13:00:00.0000000Z,2018-11-20T12:00:00.0000000Z,482,772.10218965
2065,245.93591626,250.15183325,236.73934347,243.71192189,2018-11-20T13:50:47.7530000Z,2018-11-20T13:00:52.4270000Z,2018-11-20T14:00:00.0000000Z,2018-11-20T13:00:00.0000000Z,431,464.15157753
2066,252.66219602,262.0,241.43724903,241.43724903,2018-11-20T14:59:08.1700000Z,2018-11-20T14:00:15.5570000Z,2018-11-20T15:00:00.0000000Z,2018-11-20T14:00:00.0000000Z,350,138.21990963
2067,261.99999843,261.99999843,247.2578595,253.18632585,2018-11-20T15:59:59.0400000Z,2018-11-20T15:01:00.9700000Z,2018-11-20T16:00:00.0000000Z,2018-11-20T15:00:00.0000000Z,136,205.28807159
2068,252.0,273.99999998,251.0,261.99999844,2018-11-20T16:58:56.2130000Z,2018-11-20T16:00:00.9600000Z,2018-11-20T17:00:00.0000000Z,2018-11-20T16:00:00.0000000Z,90,108.91261457
2069,242.00000151,258.52399409,242.00000004,254.0,2018-11-20T17:59:53.9300000Z,2018-11-20T17:05:43.2630000Z,2018-11-20T18:00:00.0000000Z,2018-11-20T17:00:00.0000000Z,73,44.50028678
2070,250.0,250.0,240.24380791,242.00000152,2018-11-20T18:54:11.8900000Z,2018-11-20T18:00:11.7270000Z,2018-11-20T19:00:00.0000000Z,2018-11-20T18:00:00.0000000Z,41,47.14611244
2071,241.112,245.00000022,238.63972747,245.00000022,2018-11-20T19:47:02.9400000Z,2018-11-20T19:08:01.7500000Z,2018-11-20T20:00:00.0000000Z,2018-11-20T19:00:00.0000000Z,75,41.01327116
2072,232.0,242.57104682,225.00000006,242.57104682,2018-11-20T20:53:09.9470000Z,2018-11-20T20:03:11.5730000Z,2018-11-20T21:00:00.0000000Z,2018-11-20T20:00:00.0000000Z,209,232.00572371
2073,234.15906224,236.0,232.20599881,232.20599881,2018-11-20T21:34:47.7400000Z,2018-11-20T21:09:55.8330000Z,2018-11-20T22:00:00.0000000Z,2018-11-20T21:00:00.0000000Z,34,26.78791575
2074,224.00000007,237.13275369,220.97521747,236.99999963,2018-11-20T22:59:56.8230000Z,2018-11-20T22:01:24.4300000Z,2018-11-20T23:00:00.0000000Z,2018-11-20T22:00:00.0000000Z,140,208.51508004
2075,227.00000003,227.00000003,218.99999984,224.00000007,2018-11-20T23:59:17.1730000Z,2018-11-20T23:00:03.1830000Z,2018-11-21T00:00:00.0000000Z,2018-11-20T23:00:00.0000000Z,89,106.67812583
2076,231.0,241.13861852,225.56390998,228.36482709,2018-11-21T00:59:20.9000000Z,2018-11-21T00:01:56.9470000Z,2018-11-21T01:00:00.0000000Z,2018-11-21T00:00:00.0000000Z,109,43.10865435
2077,232.57919136,238.36600692,225.56390998,233.8077623,2018-11-21T01:39:42.8730000Z,2018-11-21T01:06:46.5270000Z,2018-11-21T02:00:00.0000000Z,2018-11-21T01:00:00.0000000Z,26,20.02152681
2078,235.0,243.69144281,233.0,235.39542538,2018-11-21T02:42:55.3900000Z,2018-11-21T02:12:34.0000000Z,2018-11-21T03:00:00.0000000Z,2018-11-21T02:00:00.0000000Z,68,66.02003454
2079,240.96287422,241.01,234.00014203,236.0,2018-11-21T03:52:23.2930000Z,2018-11-21T03:00:26.9770000Z,2018-11-21T04:00:00.0000000Z,2018-11-21T03:00:00.0000000Z,25,24.98966767
2080,238.0,241.749,233.55222973,241.749,2018-11-21T04:56:47.4830000Z,2018-11-21T04:16:53.1670000Z,2018-11-21T05:00:00.0000000Z,2018-11-21T04:00:00.0000000Z,14,11.90589872
2081,234.99998048,235.9,233.03783438,235.34014532,2018-11-21T05:59:10.9530000Z,2018-11-21T05:19:09.8830000Z,2018-11-21T06:00:00.0000000Z,2018-11-21T05:00:00.0000000Z,14,43.8909848
2082,238.1,238.1,231.0,234.99995549,2018-11-21T06:58:12.6430000Z,2018-11-21T06:00:51.7230000Z,2018-11-21T07:00:00.0000000Z,2018-11-21T06:00:00.0000000Z,117,80.26864521
2083,239.99999502,239.99999704,237.1,238.99999992,2018-11-21T07:57:08.1470000Z,2018-11-21T07:00:42.1670000Z,2018-11-21T08:00:00.0000000Z,2018-11-21T07:00:00.0000000Z,26,31.06728794
2084,249.33989084,249.43999772,239.01811244,240.0,2018-11-21T08:58:04.5800000Z,2018-11-21T08:04:18.0570000Z,2018-11-21T09:00:00.0000000Z,2018-11-21T08:00:00.0000000Z,36,45.23618568
2085,250.94960124,250.94999995,243.37112176,249.33985251,2018-11-21T09:54:02.9830000Z,2018-11-21T09:00:41.2600000Z,2018-11-21T10:00:00.0000000Z,2018-11-21T09:00:00.0000000Z,53,109.12464707
2086,246.99996646,246.99996646,239.1596612,245.79183459,2018-11-21T10:57:29.2670000Z,2018-11-21T10:04:08.5700000Z,2018-11-21T11:00:00.0000000Z,2018-11-21T10:00:00.0000000Z,16,14.39229042
2087,241.00048985,246.9998031,240.24380621,246.9998031,2018-11-21T11:48:01.3100000Z,2018-11-21T11:06:47.3330000Z,2018-11-21T12:00:00.0000000Z,2018-11-21T11:00:00.0000000Z,11,15.83915918
2088,250.94960693,250.94960693,243.0,243.34980314,2018-11-21T12:47:18.9400000Z,2018-11-21T12:16:16.3800000Z,2018-11-21T13:00:00.0000000Z,2018-11-21T12:00:00.0000000Z,8,1.05212635
2089,235.19317404,247.94937736,235.19317404,247.94937736,2018-11-21T13:59:33.9600000Z,2018-11-21T13:02:22.7900000Z,2018-11-21T14:00:00.0000000Z,2018-11-21T13:00:00.0000000Z,77,28.22637542
2090,238.84570267,240.4238381,233.68669368,234.0,2018-11-21T14:49:26.1300000Z,2018-11-21T14:01:26.4370000Z,2018-11-21T15:00:00.0000000Z,2018-11-21T14:00:00.0000000Z,35,21.64585129
2091,243.4748335,244.47499951,236.38480046,238.0,2018-11-21T15:55:14.9500000Z,2018-11-21T15:02:12.6600000Z,2018-11-21T16:00:00.0000000Z,2018-11-21T15:00:00.0000000Z,18,50.46818341
2092,239.99999983,240.00000017,235.0,237.0,2018-11-21T16:52:38.8570000Z,2018-11-21T16:16:27.6400000Z,2018-11-21T17:00:00.0000000Z,2018-11-21T16:00:00.0000000Z,14,23.71296198
2093,233.48750011,237.00005829,233.48750011,237.00005202,2018-11-21T17:43:55.8900000Z,2018-11-21T17:11:58.6400000Z,2018-11-21T18:00:00.0000000Z,2018-11-21T17:00:00.0000000Z,98,57.55846644
2094,241.78540366,241.78540366,229.00000353,233.4875003,2018-11-21T18:57:59.6200000Z,2018-11-21T18:17:06.9230000Z,2018-11-21T19:00:00.0000000Z,2018-11-21T18:00:00.0000000Z,9,6.71007146
2095,235.9572114,240.7853278,228.00000014,240.7853278,2018-11-21T19:54:31.8900000Z,2018-11-21T19:04:03.0700000Z,2018-11-21T20:00:00.0000000Z,2018-11-21T19:00:00.0000000Z,39,203.7971993
2096,233.50000001,235.9572114,230.00000017,230.00000168,2018-11-21T20:58:54.4670000Z,2018-11-21T20:06:10.2100000Z,2018-11-21T21:00:00.0000000Z,2018-11-21T20:00:00.0000000Z,13,5.97367166
2097,231.44581438,233.50000025,230.0,233.50000025,2018-11-21T21:36:21.6670000Z,2018-11-21T21:05:52.3700000Z,2018-11-21T22:00:00.0000000Z,2018-11-21T21:00:00.0000000Z,25,51.91161125
2098,235.95706127,235.95755292,235.95686064,235.95686064,2018-11-21T22:54:08.8770000Z,2018-11-21T22:05:50.7230000Z,2018-11-21T23:00:00.0000000Z,2018-11-21T22:00:00.0000000Z,8,8.03833621
2099,238.0,238.0,238.0,238.0,2018-11-22T02:54:53.9030000Z,2018-11-22T02:54:53.8900000Z,2018-11-22T03:00:00.0000000Z,2018-11-22T02:00:00.0000000Z,38,0.61368199
2100,235.06147916,240.0,234.0,240.0,2018-11-22T03:49:35.8030000Z,2018-11-22T03:06:16.6200000Z,2018-11-22T04:00:00.0000000Z,2018-11-22T03:00:00.0000000Z,69,23.39617515
2101,235.5000002,239.62454913,234.0,235.50000002,2018-11-22T04:49:13.3600000Z,2018-11-22T04:14:39.1000000Z,2018-11-22T05:00:00.0000000Z,2018-11-22T04:00:00.0000000Z,10,3.39702766
2102,235.5000002,236.0,231.80194087,236.0,2018-11-22T05:51:33.8300000Z,2018-11-22T05:12:34.0930000Z,2018-11-22T06:00:00.0000000Z,2018-11-22T05:00:00.0000000Z,11,11.13463421
2103,233.6,236.59478985,233.54392754,233.54392754,2018-11-22T06:59:04.3700000Z,2018-11-22T06:02:54.9030000Z,2018-11-22T07:00:00.0000000Z,2018-11-22T06:00:00.0000000Z,16,5.87527869
2104,231.80193923,235.21185895,231.80193923,232.70748565,2018-11-22T07:59:42.7700000Z,2018-11-22T07:05:30.2130000Z,2018-11-22T08:00:00.0000000Z,2018-11-22T07:00:00.0000000Z,24,34.90859447
2105,232.85551547,233.97540351,232.85551547,233.97540351,2018-11-22T08:23:32.6900000Z,2018-11-22T08:01:12.9930000Z,2018-11-22T09:00:00.0000000Z,2018-11-22T08:00:00.0000000Z,9,11.75550984
2106,226.99920807,232.03317612,221.00000791,232.03317612,2018-11-22T09:55:17.4930000Z,2018-11-22T09:01:30.3130000Z,2018-11-22T10:00:00.0000000Z,2018-11-22T09:00:00.0000000Z,42,44.35292007
2107,226.99950258,226.99956179,221.29225383,224.29225366,2018-11-22T10:59:15.1070000Z,2018-11-22T10:00:23.9770000Z,2018-11-22T11:00:00.0000000Z,2018-11-22T10:00:00.0000000Z,15,28.50013099
2108,225.0,227.0,221.29225781,226.99946568,2018-11-22T11:47:39.4900000Z,2018-11-22T11:01:10.4530000Z,2018-11-22T12:00:00.0000000Z,2018-11-22T11:00:00.0000000Z,17,35.44805923
2109,221.29225188,227.0001721,221.29225188,225.99999999,2018-11-22T12:57:52.0370000Z,2018-11-22T12:20:28.5100000Z,2018-11-22T13:00:00.0000000Z,2018-11-22T12:00:00.0000000Z,43,48.74234585
2110,220.0,221.29225187,219.00000013,221.29225187,2018-11-22T13:16:01.6600000Z,2018-11-22T13:01:43.7200000Z,2018-11-22T14:00:00.0000000Z,2018-11-22T13:00:00.0000000Z,25,38.18604552
2111,224.4994503,224.99936931,220.0,220.52811655,2018-11-22T14:37:46.4100000Z,2018-11-22T14:11:48.5000000Z,2018-11-22T15:00:00.0000000Z,2018-11-22T14:00:00.0000000Z,23,90.69832107
2112,222.499,222.999861,220.00000017,220.00000032,2018-11-22T15:51:10.0430000Z,2018-11-22T15:11:17.8830000Z,2018-11-22T16:00:00.0000000Z,2018-11-22T15:00:00.0000000Z,12,9.4973802
2113,218.9143663,220.00000035,214.00006961,220.00000035,2018-11-22T16:41:42.0730000Z,2018-11-22T16:07:42.5500000Z,2018-11-22T17:00:00.0000000Z,2018-11-22T16:00:00.0000000Z,40,58.19768925
2114,220.12955083,222.41093669,217.45682846,218.91406467,2018-11-22T17:58:21.2500000Z,2018-11-22T17:03:29.5970000Z,2018-11-22T18:00:00.0000000Z,2018-11-22T17:00:00.0000000Z,22,58.13185309
2115,220.34969213,220.34969213,220.34969213,220.34969213,2018-11-22T18:02:25.6500000Z,2018-11-22T18:02:17.9930000Z,2018-11-22T19:00:00.0000000Z,2018-11-22T18:00:00.0000000Z,2,0.22839077
2116,218.0,222.88915815,218.0,222.88915815,2018-11-22T19:59:55.8000000Z,2018-11-22T19:01:21.1830000Z,2018-11-22T20:00:00.0000000Z,2018-11-22T19:00:00.0000000Z,3,0.08944062
2117,219.0,219.0,218.0,218.0,2018-11-22T20:54:47.7330000Z,2018-11-22T20:22:20.6200000Z,2018-11-22T21:00:00.0000000Z,2018-11-22T20:00:00.0000000Z,5,15.869297790000001
2118,221.88852725,221.88852725,221.45297107,221.45297107,2018-11-22T21:44:54.9800000Z,2018-11-22T21:04:12.3670000Z,2018-11-22T22:00:00.0000000Z,2018-11-22T21:00:00.0000000Z,7,10.3835216
2119,222.41093685,222.41093685,219.89126157,220.77420613,2018-11-22T22:20:08.6000000Z,2018-11-22T22:18:35.0330000Z,2018-11-22T23:00:00.0000000Z,2018-11-22T22:00:00.0000000Z,6,2.28763619
2120,213.99992362,218.0,211.0,218.0,2018-11-22T23:59:40.1600000Z,2018-11-22T23:19:49.5300000Z,2018-11-23T00:00:00.0000000Z,2018-11-22T23:00:00.0000000Z,38,29.70863179
2121,210.00000049,215.24076396,210.00000049,211.5,2018-11-23T00:59:42.7100000Z,2018-11-23T00:02:06.3700000Z,2018-11-23T01:00:00.0000000Z,2018-11-23T00:00:00.0000000Z,61,60.51938503
2122,201.00000033,210.00000054,201.00000001,210.00000054,2018-11-23T01:53:43.6900000Z,2018-11-23T01:00:31.2930000Z,2018-11-23T02:00:00.0000000Z,2018-11-23T01:00:00.0000000Z,88,759.81369779
2123,201.0,202.16946439,199.00000001,201.13792905,2018-11-23T02:59:18.9430000Z,2018-11-23T02:01:05.2870000Z,2018-11-23T03:00:00.0000000Z,2018-11-23T02:00:00.0000000Z,80,143.55761655
2124,207.87025387,207.87025387,203.17128377,203.17128377,2018-11-23T03:28:00.0130000Z,2018-11-23T03:06:03.6030000Z,2018-11-23T04:00:00.0000000Z,2018-11-23T03:00:00.0000000Z,10,24.67848333
2125,202.0,202.94504761,202.0,202.94504761,2018-11-23T04:52:05.3630000Z,2018-11-23T04:35:21.8200000Z,2018-11-23T05:00:00.0000000Z,2018-11-23T04:00:00.0000000Z,4,1.13272909
2126,202.9999,202.9999,197.64534285,202.00000815,2018-11-23T05:58:54.4670000Z,2018-11-23T05:01:05.6800000Z,2018-11-23T06:00:00.0000000Z,2018-11-23T05:00:00.0000000Z,44,49.45222246
2127,201.03525181,203.95484144,199.9629254,202.9999,2018-11-23T06:54:56.1370000Z,2018-11-23T06:00:33.1270000Z,2018-11-23T07:00:00.0000000Z,2018-11-23T06:00:00.0000000Z,19,34.59738633
2128,200.7337468,203.0,200.7337468,202.11686142,2018-11-23T07:55:58.0070000Z,2018-11-23T07:02:25.1070000Z,2018-11-23T08:00:00.0000000Z,2018-11-23T07:00:00.0000000Z,29,56.73011526
2129,204.11182853,204.11182853,200.8,200.8,2018-11-23T08:59:34.6800000Z,2018-11-23T08:00:18.2670000Z,2018-11-23T09:00:00.0000000Z,2018-11-23T08:00:00.0000000Z,18,11.83100935
2130,207.87004539,207.87005326,203.07422075,205.029899,2018-11-23T09:50:52.9300000Z,2018-11-23T09:00:33.7470000Z,2018-11-23T10:00:00.0000000Z,2018-11-23T09:00:00.0000000Z,20,5.77237953
2131,207.86991177,207.86991177,207.86990503,207.86990503,2018-11-23T10:02:57.2270000Z,2018-11-23T10:02:57.2270000Z,2018-11-23T11:00:00.0000000Z,2018-11-23T10:00:00.0000000Z,3,10.0
2132,201.5888972,203.95724372,201.13099808,201.9763145,2018-11-23T11:48:55.2830000Z,2018-11-23T11:12:29.5200000Z,2018-11-23T12:00:00.0000000Z,2018-11-23T11:00:00.0000000Z,7,4.11714941
2133,205.0251876,205.0251876,200.07600818,201.45001266,2018-11-23T12:52:04.1600000Z,2018-11-23T12:05:08.2930000Z,2018-11-23T13:00:00.0000000Z,2018-11-23T12:00:00.0000000Z,47,42.51083106
2134,215.5210979,218.0,203.84931491,205.19071535,2018-11-23T13:59:17.9370000Z,2018-11-23T13:15:42.6530000Z,2018-11-23T14:00:00.0000000Z,2018-11-23T13:00:00.0000000Z,338,380.70766536
2135,218.0,221.0,210.09175143,217.99999999,2018-11-23T14:59:42.5230000Z,2018-11-23T14:00:49.8770000Z,2018-11-23T15:00:00.0000000Z,2018-11-23T14:00:00.0000000Z,107,185.3208412
2136,213.79687932,218.00000001,213.79687932,218.00000001,2018-11-23T15:44:12.1000000Z,2018-11-23T15:00:46.3070000Z,2018-11-23T16:00:00.0000000Z,2018-11-23T15:00:00.0000000Z,48,21.38675752
2137,201.0,221.99983605,201.0,213.00007706,2018-11-23T16:55:37.3570000Z,2018-11-23T16:00:42.3130000Z,2018-11-23T17:00:00.0000000Z,2018-11-23T16:00:00.0000000Z,70,63.38016798
2138,214.15894485,214.15894485,201.871,202.74185528,2018-11-23T17:59:15.4030000Z,2018-11-23T17:05:46.0530000Z,2018-11-23T18:00:00.0000000Z,2018-11-23T17:00:00.0000000Z,79,157.20927007
2139,204.78004397,215.29800125,204.78004397,207.92449871,2018-11-23T18:40:24.6000000Z,2018-11-23T18:00:49.0170000Z,2018-11-23T19:00:00.0000000Z,2018-11-23T18:00:00.0000000Z,6,11.85549325
2140,203.1,204.70242335,203.1,204.70240973,2018-11-23T20:57:12.1300000Z,2018-11-23T20:14:44.0070000Z,2018-11-23T21:00:00.0000000Z,2018-11-23T20:00:00.0000000Z,26,59.08550433
2141,206.0,206.74913688,205.00000018,206.7491367,2018-11-23T21:58:23.8400000Z,2018-11-23T21:48:09.6430000Z,2018-11-23T22:00:00.0000000Z,2018-11-23T21:00:00.0000000Z,9,7.38253167
2142,210.90479453,210.90479453,204.0,204.99998973,2018-11-23T22:56:12.8300000Z,2018-11-23T22:14:26.6300000Z,2018-11-23T23:00:00.0000000Z,2018-11-23T22:00:00.0000000Z,19,21.4246443
2143,209.23112174,213.01384248,209.23112173,209.23112212,2018-11-23T23:45:46.2000000Z,2018-11-23T23:10:06.3000000Z,2018-11-24T00:00:00.0000000Z,2018-11-23T23:00:00.0000000Z,46,12.56048794
2144,215.1511019,217.12579669,209.99999685,210.0,2018-11-24T00:38:48.8200000Z,2018-11-24T00:05:05.5500000Z,2018-11-24T01:00:00.0000000Z,2018-11-24T00:00:00.0000000Z,58,72.23414413
2145,217.15168758,223.16438833,215.15112556,215.15113495,2018-11-24T01:56:26.9800000Z,2018-11-24T01:12:51.7000000Z,2018-11-24T02:00:00.0000000Z,2018-11-24T01:00:00.0000000Z,59,111.87312984
2146,215.0511019,222.99997828,215.0511019,219.00000017,2018-11-24T02:41:02.3870000Z,2018-11-24T02:09:52.0270000Z,2018-11-24T03:00:00.0000000Z,2018-11-24T02:00:00.0000000Z,11,5.47014818
2147,211.31414556,215.0511019,211.31414556,215.0511019,2018-11-24T03:56:03.4130000Z,2018-11-24T03:55:56.6630000Z,2018-11-24T04:00:00.0000000Z,2018-11-24T03:00:00.0000000Z,4,5.46393433
2148,210.76940557,216.99998756,210.00003859,210.76935213,2018-11-24T04:57:58.9130000Z,2018-11-24T04:14:58.4130000Z,2018-11-24T05:00:00.0000000Z,2018-11-24T04:00:00.0000000Z,37,26.53494399
2149,207.63547578,210.00011249,207.63547578,210.00011249,2018-11-24T05:11:47.9600000Z,2018-11-24T05:00:55.5430000Z,2018-11-24T06:00:00.0000000Z,2018-11-24T05:00:00.0000000Z,182,175.36694166
2150,207.82483651,207.826,207.82483651,207.826,2018-11-24T06:45:18.6970000Z,2018-11-24T06:04:16.9700000Z,2018-11-24T07:00:00.0000000Z,2018-11-24T06:00:00.0000000Z,5,2.01797148
2151,206.69612411,211.99909206,206.67545656,211.99909206,2018-11-24T07:53:38.0670000Z,2018-11-24T07:04:47.6170000Z,2018-11-24T08:00:00.0000000Z,2018-11-24T07:00:00.0000000Z,10,2.23581149
2152,210.09525379,210.09526103,208.79126186,208.79127689,2018-11-24T08:59:19.1830000Z,2018-11-24T08:56:51.1770000Z,2018-11-24T09:00:00.0000000Z,2018-11-24T08:00:00.0000000Z,9,4.86533472
2153,210.82963296,215.89297486,206.67545656,210.76259815,2018-11-24T09:58:32.2200000Z,2018-11-24T09:00:31.6530000Z,2018-11-24T10:00:00.0000000Z,2018-11-24T09:00:00.0000000Z,45,51.93025201
2154,212.0,221.58406327,210.82961661,210.82963296,2018-11-24T10:56:34.7870000Z,2018-11-24T10:07:01.8670000Z,2018-11-24T11:00:00.0000000Z,2018-11-24T10:00:00.0000000Z,111,241.58060155
2155,210.99999573,215.43006007,207.00000319,212.0,2018-11-24T11:54:48.6500000Z,2018-11-24T11:07:03.8430000Z,2018-11-24T12:00:00.0000000Z,2018-11-24T11:00:00.0000000Z,36,8.48335288
2156,208.0100002,213.30516747,207.49999999,210.99996175,2018-11-24T12:59:21.3400000Z,2018-11-24T12:00:39.8670000Z,2018-11-24T13:00:00.0000000Z,2018-11-24T12:00:00.0000000Z,36,15.2913741
2157,210.0,213.30456641,208.0100002,208.01000037,2018-11-24T13:30:18.5170000Z,2018-11-24T13:00:35.3400000Z,2018-11-24T14:00:00.0000000Z,2018-11-24T13:00:00.0000000Z,10,11.1849082
2158,211.76487044,211.76487044,211.76487044,211.76487044,2018-11-24T14:45:44.0530000Z,2018-11-24T14:45:44.0530000Z,2018-11-24T15:00:00.0000000Z,2018-11-24T14:00:00.0000000Z,1,1.57855411
2159,207.0,208.01000037,204.86408654,208.01000037,2018-11-24T15:35:13.7700000Z,2018-11-24T15:09:45.4330000Z,2018-11-24T16:00:00.0000000Z,2018-11-24T15:00:00.0000000Z,41,50.73525207
2160,205.0,208.00998525,205.0,208.00998525,2018-11-24T16:54:20.8970000Z,2018-11-24T16:05:54.2430000Z,2018-11-24T17:00:00.0000000Z,2018-11-24T16:00:00.0000000Z,11,4.51832388
2161,202.92369822,206.62334697,202.92369822,203.33334435,2018-11-24T17:41:02.3730000Z,2018-11-24T17:13:11.4370000Z,2018-11-24T18:00:00.0000000Z,2018-11-24T17:00:00.0000000Z,8,2.42022049
2162,207.44063206,207.44082988,203.38098362,203.38098362,2018-11-24T18:42:38.8970000Z,2018-11-24T18:27:35.9100000Z,2018-11-24T19:00:00.0000000Z,2018-11-24T18:00:00.0000000Z,3,15.15323754
2163,200.38688818,205.67,200.01605212,205.66999997,2018-11-24T19:54:18.5370000Z,2018-11-24T19:07:03.6700000Z,2018-11-24T20:00:00.0000000Z,2018-11-24T19:00:00.0000000Z,23,19.23150984
2164,202.56452547,202.56452547,200.0,200.00000017,2018-11-24T20:52:06.2570000Z,2018-11-24T20:08:13.6600000Z,2018-11-24T21:00:00.0000000Z,2018-11-24T20:00:00.0000000Z,7,1.41559513
2165,186.00000007,200.0,186.00000001,200.0,2018-11-24T21:59:47.4970000Z,2018-11-24T21:17:19.9370000Z,2018-11-24T22:00:00.0000000Z,2018-11-24T21:00:00.0000000Z,126,187.70941827
2166,177.15369197,191.37997914,177.15369197,187.39035017,2018-11-24T22:54:24.6470000Z,2018-11-24T22:00:10.2170000Z,2018-11-24T23:00:00.0000000Z,2018-11-24T22:00:00.0000000Z,135,239.26241985
2167,180.63172313,186.00000602,178.4779158,178.4779158,2018-11-24T23:53:23.8400000Z,2018-11-24T23:02:58.3230000Z,2018-11-25T00:00:00.0000000Z,2018-11-24T23:00:00.0000000Z,73,91.36151024
2168,176.00926418,184.00000017,175.07113822,182.13760202,2018-11-25T00:53:56.5300000Z,2018-11-25T00:04:24.3770000Z,2018-11-25T01:00:00.0000000Z,2018-11-25T00:00:00.0000000Z,239,191.96864252
2169,189.44639953,197.0,174.99583285,178.99051077,2018-11-25T01:25:53.4130000Z,2018-11-25T01:01:27.5330000Z,2018-11-25T02:00:00.0000000Z,2018-11-25T01:00:00.0000000Z,270,573.73206146
2170,173.97945554,183.37398194,172.25477805,183.37398194,2018-11-25T02:57:01.3000000Z,2018-11-25T02:04:05.0600000Z,2018-11-25T03:00:00.0000000Z,2018-11-25T02:00:00.0000000Z,84,75.23351178
2171,170.00000011,175.71905563,170.0,173.97945554,2018-11-25T03:55:16.5700000Z,2018-11-25T03:00:55.9970000Z,2018-11-25T04:00:00.0000000Z,2018-11-25T03:00:00.0000000Z,152,252.60840413
2172,174.0,175.9999248,170.00000336,171.0,2018-11-25T04:50:31.5330000Z,2018-11-25T04:01:56.0970000Z,2018-11-25T05:00:00.0000000Z,2018-11-25T04:00:00.0000000Z,31,150.10675188
2173,174.0,174.0,172.15607899,172.15607916,2018-11-25T05:27:52.6130000Z,2018-11-25T05:10:49.1700000Z,2018-11-25T06:00:00.0000000Z,2018-11-25T05:00:00.0000000Z,3,2.03484558
2174,171.20006932,174.0,171.20006932,172.63987071,2018-11-25T06:42:03.7600000Z,2018-11-25T06:32:28.8170000Z,2018-11-25T07:00:00.0000000Z,2018-11-25T06:00:00.0000000Z,13,9.34555387
2175,170.78246777,171.69003962,170.78246777,171.2,2018-11-25T07:46:05.5100000Z,2018-11-25T07:01:49.3030000Z,2018-11-25T08:00:00.0000000Z,2018-11-25T07:00:00.0000000Z,27,184.33895779
2176,170.99476483,174.04892637,170.99476483,173.1291622,2018-11-25T08:59:23.9800000Z,2018-11-25T08:09:01.2130000Z,2018-11-25T09:00:00.0000000Z,2018-11-25T08:00:00.0000000Z,53,356.06841189
2177,165.855,170.82764728,164.07685993,170.82764728,2018-11-25T09:58:33.8270000Z,2018-11-25T09:22:15.3570000Z,2018-11-25T10:00:00.0000000Z,2018-11-25T09:00:00.0000000Z,96,274.94963533
2178,165.22764937,168.01824982,154.27016984,163.855,2018-11-25T10:58:05.4400000Z,2018-11-25T10:03:20.7900000Z,2018-11-25T11:00:00.0000000Z,2018-11-25T10:00:00.0000000Z,121,165.20865321
2179,168.42844917,179.99999999,167.0,167.0,2018-11-25T11:51:06.9930000Z,2018-11-25T11:01:07.6200000Z,2018-11-25T12:00:00.0000000Z,2018-11-25T11:00:00.0000000Z,121,403.18412473
2180,173.65399747,173.65399747,168.42844917,168.42846385,2018-11-25T12:50:37.4830000Z,2018-11-25T12:03:59.4770000Z,2018-11-25T13:00:00.0000000Z,2018-11-25T12:00:00.0000000Z,16,13.39266489
2181,179.60467748,184.78005272,168.3497425,172.77620071,2018-11-25T13:48:00.6570000Z,2018-11-25T13:01:19.4600000Z,2018-11-25T14:00:00.0000000Z,2018-11-25T13:00:00.0000000Z,165,94.66283843
2182,177.39962815,177.39962815,173.59785848,175.64602276,2018-11-25T14:42:04.7100000Z,2018-11-25T14:10:36.8770000Z,2018-11-25T15:00:00.0000000Z,2018-11-25T14:00:00.0000000Z,49,53.69623527
2183,169.68,174.31398055,168.00000001,173.34747174,2018-11-25T15:49:38.1870000Z,2018-11-25T15:17:01.8330000Z,2018-11-25T16:00:00.0000000Z,2018-11-25T15:00:00.0000000Z,42,27.72016047
2184,173.09016015,173.09016015,171.37671611,171.37671611,2018-11-25T16:51:08.2570000Z,2018-11-25T16:00:50.0400000Z,2018-11-25T17:00:00.0000000Z,2018-11-25T16:00:00.0000000Z,7,5.26233359
2185,180.89999999,180.89999999,167.0,173.08996838,2018-11-25T17:59:59.2370000Z,2018-11-25T17:04:25.7570000Z,2018-11-25T18:00:00.0000000Z,2018-11-25T17:00:00.0000000Z,112,124.05040326
2186,181.75729411,191.53599952,180.89999999,180.89999999,2018-11-25T18:40:24.7630000Z,2018-11-25T18:00:00.1400000Z,2018-11-25T19:00:00.0000000Z,2018-11-25T18:00:00.0000000Z,77,80.08926897
2187,179.68823098,181.7572943,179.68823098,181.7572943,2018-11-25T19:57:47.2430000Z,2018-11-25T19:06:07.7530000Z,2018-11-25T20:00:00.0000000Z,2018-11-25T19:00:00.0000000Z,19,15.61029941
2188,187.48351161,191.53599952,183.0,183.99999202,2018-11-25T20:55:57.7900000Z,2018-11-25T20:20:56.7770000Z,2018-11-25T21:00:00.0000000Z,2018-11-25T20:00:00.0000000Z,32,33.91789897
2189,188.4561213,191.44504232,184.87191288,191.44504217,2018-11-25T21:55:38.7170000Z,2018-11-25T21:24:25.3530000Z,2018-11-25T22:00:00.0000000Z,2018-11-25T21:00:00.0000000Z,23,20.4071808
2190,186.5,191.44507269,186.5,188.99999983,2018-11-25T22:51:14.0270000Z,2018-11-25T22:02:08.3100000Z,2018-11-25T23:00:00.0000000Z,2018-11-25T22:00:00.0000000Z,15,6.40176941
2191,190.96198692,190.96198692,185.57322513,185.57322513,2018-11-25T23:43:55.0000000Z,2018-11-25T23:00:04.9530000Z,2018-11-26T00:00:00.0000000Z,2018-11-25T23:00:00.0000000Z,6,1.56538098
2192,186.22386417,193.42560618,186.14798722,190.96160853,2018-11-26T00:57:12.7230000Z,2018-11-26T00:08:10.8200000Z,2018-11-26T01:00:00.0000000Z,2018-11-26T00:00:00.0000000Z,74,356.11127063
2193,184.12988102,187.60650577,180.78077273,186.22394609,2018-11-26T01:58:21.2630000Z,2018-11-26T01:02:33.7800000Z,2018-11-26T02:00:00.0000000Z,2018-11-26T01:00:00.0000000Z,113,131.33024591
2194,182.09765051,183.07887632,180.56911525,183.07887632,2018-11-26T02:54:54.7930000Z,2018-11-26T02:01:39.3200000Z,2018-11-26T03:00:00.0000000Z,2018-11-26T02:00:00.0000000Z,50,59.95174905
2195,187.49987166,187.49987166,183.85342354,183.85342354,2018-11-26T03:50:37.1330000Z,2018-11-26T03:02:00.0100000Z,2018-11-26T04:00:00.0000000Z,2018-11-26T03:00:00.0000000Z,3,2.46912819
2196,179.42504313,183.3,179.42504313,183.3,2018-11-26T04:38:20.0500000Z,2018-11-26T04:08:43.6870000Z,2018-11-26T05:00:00.0000000Z,2018-11-26T04:00:00.0000000Z,5,0.91169292
2197,183.2999373,183.2999373,180.18026317,180.18026317,2018-11-26T05:47:19.3270000Z,2018-11-26T05:03:49.0900000Z,2018-11-26T06:00:00.0000000Z,2018-11-26T05:00:00.0000000Z,12,10.98746616
2198,186.25907868,189.04182659,183.19999982,183.19999983,2018-11-26T06:55:19.3970000Z,2018-11-26T06:15:50.2470000Z,2018-11-26T07:00:00.0000000Z,2018-11-26T06:00:00.0000000Z,23,4.51296012
2199,182.52099218,187.89999983,182.52098636,187.89999983,2018-11-26T07:59:18.0670000Z,2018-11-26T07:01:40.5330000Z,2018-11-26T08:00:00.0000000Z,2018-11-26T07:00:00.0000000Z,15,3.87213397
2200,183.99896842,183.99896842,178.00000021,181.21559028,2018-11-26T08:55:16.5600000Z,2018-11-26T08:36:29.6470000Z,2018-11-26T09:00:00.0000000Z,2018-11-26T08:00:00.0000000Z,26,64.64054449
2201,179.9593772,186.5749537,179.9593772,181.99999983,2018-11-26T09:46:18.8930000Z,2018-11-26T09:00:29.6830000Z,2018-11-26T10:00:00.0000000Z,2018-11-26T09:00:00.0000000Z,46,81.22047811
2202,203.65671407,230.00000036,181.98892086,183.0,2018-11-26T10:59:26.6300000Z,2018-11-26T10:02:08.3030000Z,2018-11-26T11:00:00.0000000Z,2018-11-26T10:00:00.0000000Z,769,1690.58227318
2203,216.11092782,222.73999999,205.00000005,205.00000005,2018-11-26T11:58:50.5100000Z,2018-11-26T11:00:02.4900000Z,2018-11-26T12:00:00.0000000Z,2018-11-26T11:00:00.0000000Z,247,759.37432948
2204,209.0,216.99999221,209.0,216.1110021,2018-11-26T12:59:18.5300000Z,2018-11-26T12:03:33.7870000Z,2018-11-26T13:00:00.0000000Z,2018-11-26T12:00:00.0000000Z,81,63.88282758
2205,194.99999983,209.0,190.00000006,208.99999983,2018-11-26T13:59:59.7270000Z,2018-11-26T13:03:03.8500000Z,2018-11-26T14:00:00.0000000Z,2018-11-26T13:00:00.0000000Z,176,118.13086809
2206,191.19998958,199.99988235,180.00000001,194.99999983,2018-11-26T14:57:59.4800000Z,2018-11-26T14:00:03.6630000Z,2018-11-26T15:00:00.0000000Z,2018-11-26T14:00:00.0000000Z,117,38.35229968
2207,187.27252061,192.19998973,181.50000009,192.19998973,2018-11-26T15:41:58.4800000Z,2018-11-26T15:01:57.1430000Z,2018-11-26T16:00:00.0000000Z,2018-11-26T15:00:00.0000000Z,29,114.22071741
2208,184.90544475,185.09627989,171.34330649,185.09627989,2018-11-26T16:59:30.2300000Z,2018-11-26T16:00:08.6900000Z,2018-11-26T17:00:00.0000000Z,2018-11-26T16:00:00.0000000Z,206,323.51831373
2209,185.00000242,189.27,181.60020106,181.60020106,2018-11-26T17:57:55.0400000Z,2018-11-26T17:08:39.2200000Z,2018-11-26T18:00:00.0000000Z,2018-11-26T17:00:00.0000000Z,29,16.963624629999998
2210,187.73673629,192.19998975,180.63660031,185.00001828,2018-11-26T18:48:23.2930000Z,2018-11-26T18:01:34.5170000Z,2018-11-26T19:00:00.0000000Z,2018-11-26T18:00:00.0000000Z,53,77.91520592
2211,186.0,187.99954887,182.65317159,187.99954887,2018-11-26T19:59:38.7430000Z,2018-11-26T19:01:37.0570000Z,2018-11-26T20:00:00.0000000Z,2018-11-26T19:00:00.0000000Z,21,21.54439763
2212,175.86322844,186.0,175.86322677,186.0,2018-11-26T20:59:21.8900000Z,2018-11-26T20:04:40.0800000Z,2018-11-26T21:00:00.0000000Z,2018-11-26T20:00:00.0000000Z,66,102.30180446
2213,177.24123858,178.0,173.74887145,178.0,2018-11-26T21:54:21.8700000Z,2018-11-26T21:01:20.6730000Z,2018-11-26T22:00:00.0000000Z,2018-11-26T21:00:00.0000000Z,129,22.65558705
2214,178.78901392,186.28232301,177.99999999,177.99999999,2018-11-26T22:56:11.8300000Z,2018-11-26T22:09:33.7930000Z,2018-11-26T23:00:00.0000000Z,2018-11-26T22:00:00.0000000Z,21,14.57466765
2215,182.07828459,184.45226363,175.5,176.29353479,2018-11-26T23:55:05.5070000Z,2018-11-26T23:04:55.9130000Z,2018-11-27T00:00:00.0000000Z,2018-11-26T23:00:00.0000000Z,23,8.18914437
2216,183.08127296,184.45226363,181.67073287,184.45226363,2018-11-27T00:51:10.3200000Z,2018-11-27T00:04:27.0270000Z,2018-11-27T01:00:00.0000000Z,2018-11-27T00:00:00.0000000Z,14,7.3436304
2217,186.29677924,186.29677924,186.29677924,186.29677924,2018-11-27T01:04:53.8830000Z,2018-11-27T01:04:53.8830000Z,2018-11-27T02:00:00.0000000Z,2018-11-27T01:00:00.0000000Z,1,1.43822081
2218,194.0,195.79979438,182.0,182.0,2018-11-27T02:59:40.4730000Z,2018-11-27T02:03:36.3030000Z,2018-11-27T03:00:00.0000000Z,2018-11-27T02:00:00.0000000Z,124,373.41396824
2219,182.48397577,197.07272486,182.48397577,194.0,2018-11-27T03:55:53.0330000Z,2018-11-27T03:01:00.0230000Z,2018-11-27T04:00:00.0000000Z,2018-11-27T03:00:00.0000000Z,51,262.41263779
2220,184.33445725,190.85764715,179.79653734,182.48397573,2018-11-27T04:41:28.7700000Z,2018-11-27T04:04:36.9900000Z,2018-11-27T05:00:00.0000000Z,2018-11-27T04:00:00.0000000Z,55,184.43307846
2221,184.59567184,192.49996175,184.35285613,187.99999983,2018-11-27T05:44:34.7700000Z,2018-11-27T05:12:46.9500000Z,2018-11-27T06:00:00.0000000Z,2018-11-27T05:00:00.0000000Z,13,3.85894726
2222,182.62882237,186.19807315,182.62882237,185.1629148,2018-11-27T07:56:32.2600000Z,2018-11-27T07:12:11.7400000Z,2018-11-27T08:00:00.0000000Z,2018-11-27T07:00:00.0000000Z,41,100.41122096
2223,177.466,183.00000001,176.315,183.00000001,2018-11-27T08:48:51.4700000Z,2018-11-27T08:15:47.1170000Z,2018-11-27T09:00:00.0000000Z,2018-11-27T08:00:00.0000000Z,44,32.8565678
2224,176.15974702,179.97720509,176.15974702,179.97720509,2018-11-27T09:50:11.5400000Z,2018-11-27T09:00:21.3830000Z,2018-11-27T10:00:00.0000000Z,2018-11-27T09:00:00.0000000Z,7,12.85665082
2225,177.9632574,178.28321216,171.343275,176.47781059,2018-11-27T10:57:46.6230000Z,2018-11-27T10:00:50.4370000Z,2018-11-27T11:00:00.0000000Z,2018-11-27T10:00:00.0000000Z,74,248.92414908
2226,176.48661274,177.76781515,173.93483176,175.43090803,2018-11-27T11:37:24.6330000Z,2018-11-27T11:00:08.6000000Z,2018-11-27T12:00:00.0000000Z,2018-11-27T11:00:00.0000000Z,14,19.91710291
2227,176.0,176.12639833,172.00000001,172.00000021,2018-11-27T12:56:32.4300000Z,2018-11-27T12:05:11.7100000Z,2018-11-27T13:00:00.0000000Z,2018-11-27T12:00:00.0000000Z,14,47.34918689
2228,175.07739383,180.45493713,175.07739383,176.58225504,2018-11-27T13:33:41.0270000Z,2018-11-27T13:04:05.0100000Z,2018-11-27T14:00:00.0000000Z,2018-11-27T13:00:00.0000000Z,12,14.08881286
2229,176.23303178,178.22540191,176.22245144,178.22540191,2018-11-27T14:56:18.5670000Z,2018-11-27T14:05:11.6270000Z,2018-11-27T15:00:00.0000000Z,2018-11-27T14:00:00.0000000Z,6,5.53319545
2230,173.00000001,176.23303178,172.0,176.23303178,2018-11-27T15:55:06.9300000Z,2018-11-27T15:00:56.7170000Z,2018-11-27T16:00:00.0000000Z,2018-11-27T15:00:00.0000000Z,15,14.82968266
2231,175.19385964,177.91099644,173.0,173.0,2018-11-27T16:51:11.6770000Z,2018-11-27T16:02:26.5530000Z,2018-11-27T17:00:00.0000000Z,2018-11-27T16:00:00.0000000Z,6,3.85357561
2232,174.57120641,177.90597805,174.57120641,177.35350764,2018-11-27T17:48:48.1930000Z,2018-11-27T17:17:50.7830000Z,2018-11-27T18:00:00.0000000Z,2018-11-27T17:00:00.0000000Z,4,2.29941557
2233,176.0,176.0,176.0,176.0,2018-11-27T18:40:05.9330000Z,2018-11-27T18:40:05.9330000Z,2018-11-27T19:00:00.0000000Z,2018-11-27T18:00:00.0000000Z,1,0.014174240000000001
2234,176.2093638,179.4946011,176.2093638,178.82163858,2018-11-27T19:49:22.7870000Z,2018-11-27T19:07:37.5830000Z,2018-11-27T20:00:00.0000000Z,2018-11-27T19:00:00.0000000Z,14,74.3844315
2235,177.71560504,177.80128092,177.414989,177.80128092,2018-11-27T20:39:41.1300000Z,2018-11-27T20:03:10.3930000Z,2018-11-27T21:00:00.0000000Z,2018-11-27T20:00:00.0000000Z,6,1.52505534
2236,180.77917629,180.77917629,177.95999711,177.95999711,2018-11-27T21:56:45.4700000Z,2018-11-27T21:25:00.8700000Z,2018-11-27T22:00:00.0000000Z,2018-11-27T21:00:00.0000000Z,5,0.81990221
2237,184.25772756,184.25772756,178.89314858,180.77917629,2018-11-27T22:51:46.4030000Z,2018-11-27T22:17:42.6770000Z,2018-11-27T23:00:00.0000000Z,2018-11-27T22:00:00.0000000Z,13,28.75622863
2238,180.7941768,180.7941768,180.26414673,180.26414673,2018-11-27T23:48:12.3400000Z,2018-11-27T23:48:01.3230000Z,2018-11-28T00:00:00.0000000Z,2018-11-27T23:00:00.0000000Z,3,1.61990496
2239,179.00000103,181.84866037,179.0,181.0,2018-11-28T00:59:53.7600000Z,2018-11-28T00:03:35.4830000Z,2018-11-28T01:00:00.0000000Z,2018-11-28T00:00:00.0000000Z,43,148.50102034
2240,177.93842437,179.15710454,177.93842282,179.00000103,2018-11-28T01:34:35.5400000Z,2018-11-28T01:00:06.7600000Z,2018-11-28T02:00:00.0000000Z,2018-11-28T01:00:00.0000000Z,67,121.00360856
2241,183.57552373,183.5755241,177.84883792,179.36781205,2018-11-28T03:59:43.8600000Z,2018-11-28T03:15:20.8700000Z,2018-11-28T04:00:00.0000000Z,2018-11-28T03:00:00.0000000Z,8,6.95550831
2242,185.29405448,189.74956825,181.1256688,183.57552293,2018-11-28T04:52:44.4600000Z,2018-11-28T04:01:39.1600000Z,2018-11-28T05:00:00.0000000Z,2018-11-28T04:00:00.0000000Z,79,115.9553591
2243,183.0,188.78185889,183.0,188.7818587,2018-11-28T05:59:57.4970000Z,2018-11-28T05:02:12.8230000Z,2018-11-28T06:00:00.0000000Z,2018-11-28T05:00:00.0000000Z,43,57.751276
2244,184.93653244,185.77312171,182.9999999,183.0,2018-11-28T06:44:17.9370000Z,2018-11-28T06:00:50.8100000Z,2018-11-28T07:00:00.0000000Z,2018-11-28T06:00:00.0000000Z,238,850.70977998
2245,187.99999995,187.99999995,183.00000004,183.00000004,2018-11-28T07:59:58.0270000Z,2018-11-28T07:20:40.5470000Z,2018-11-28T08:00:00.0000000Z,2018-11-28T07:00:00.0000000Z,32,19.22169196
2246,181.92263197,189.33431888,181.92263185,185.57451141,2018-11-28T08:58:45.6400000Z,2018-11-28T08:01:36.2470000Z,2018-11-28T09:00:00.0000000Z,2018-11-28T08:00:00.0000000Z,129,197.99288906
2247,184.65510101,184.65510101,181.92263532,183.50985379,2018-11-28T09:45:20.0530000Z,2018-11-28T09:05:28.4630000Z,2018-11-28T10:00:00.0000000Z,2018-11-28T09:00:00.0000000Z,14,20.65056717
2248,185.0,185.0,184.3,184.65509666,2018-11-28T10:58:31.8230000Z,2018-11-28T10:05:44.4900000Z,2018-11-28T11:00:00.0000000Z,2018-11-28T10:00:00.0000000Z,11,8.965389590000001
2249,184.99089612,185.0,183.00011525,184.23893541,2018-11-28T11:53:38.8800000Z,2018-11-28T11:00:14.5930000Z,2018-11-28T12:00:00.0000000Z,2018-11-28T11:00:00.0000000Z,8,6.21836719
2250,189.02962419,189.33431888,183.0,184.0,2018-11-28T12:57:44.7570000Z,2018-11-28T12:02:06.8700000Z,2018-11-28T13:00:00.0000000Z,2018-11-28T12:00:00.0000000Z,49,35.53388764
2251,188.7163867,189.0,186.44441219,188.22522304,2018-11-28T13:48:45.3070000Z,2018-11-28T13:00:55.5900000Z,2018-11-28T14:00:00.0000000Z,2018-11-28T13:00:00.0000000Z,100,180.43259619
2252,189.00015441,191.6999984,186.44437058,188.2670978,2018-11-28T14:59:14.0830000Z,2018-11-28T14:09:52.8030000Z,2018-11-28T15:00:00.0000000Z,2018-11-28T14:00:00.0000000Z,86,77.18784168
2253,192.42915832,192.42915832,188.99997855,189.00023986,2018-11-28T15:59:53.9670000Z,2018-11-28T15:04:58.4870000Z,2018-11-28T16:00:00.0000000Z,2018-11-28T15:00:00.0000000Z,49,46.33442843
2254,188.50613672,192.28753475,188.50613672,192.28753475,2018-11-28T16:50:46.4370000Z,2018-11-28T16:00:42.1270000Z,2018-11-28T17:00:00.0000000Z,2018-11-28T16:00:00.0000000Z,31,54.50253182
2255,190.28499983,190.92929036,189.99989941,189.99994352,2018-11-28T17:46:51.4670000Z,2018-11-28T17:01:41.6170000Z,2018-11-28T18:00:00.0000000Z,2018-11-28T17:00:00.0000000Z,10,15.02593902
2256,193.0,193.0,190.5000001,190.9,2018-11-28T18:56:30.3700000Z,2018-11-28T18:01:20.2330000Z,2018-11-28T19:00:00.0000000Z,2018-11-28T18:00:00.0000000Z,42,19.14986546
2257,193.5080525,197.0,193.0,193.0,2018-11-28T19:51:11.5030000Z,2018-11-28T19:03:23.5870000Z,2018-11-28T20:00:00.0000000Z,2018-11-28T19:00:00.0000000Z,49,140.45466337
2258,196.04548491,197.27272742,194.41149542,195.21180227,2018-11-28T20:59:48.7300000Z,2018-11-28T20:20:45.4770000Z,2018-11-28T21:00:00.0000000Z,2018-11-28T20:00:00.0000000Z,14,41.0019706
2259,195.54407947,198.50998245,193.14454925,196.04548895,2018-11-28T21:48:21.2300000Z,2018-11-28T21:00:37.9500000Z,2018-11-28T22:00:00.0000000Z,2018-11-28T21:00:00.0000000Z,20,43.16297044
2260,190.34393779,191.48442039,187.67332389,191.48441617,2018-11-28T22:59:58.4970000Z,2018-11-28T22:00:16.0670000Z,2018-11-28T23:00:00.0000000Z,2018-11-28T22:00:00.0000000Z,56,68.78451528
2261,191.39999689,191.39999689,190.34393779,190.34393779,2018-11-28T23:15:51.9830000Z,2018-11-28T23:00:01.8400000Z,2018-11-29T00:00:00.0000000Z,2018-11-28T23:00:00.0000000Z,14,27.89032242
2262,189.21104101,191.39994501,186.13763875,191.39994501,2018-11-29T00:54:40.6070000Z,2018-11-29T00:09:50.5400000Z,2018-11-29T01:00:00.0000000Z,2018-11-29T00:00:00.0000000Z,19,25.16400831
2263,182.29565788,186.01155776,182.29565788,186.01155776,2018-11-29T01:59:00.2030000Z,2018-11-29T01:19:14.4400000Z,2018-11-29T02:00:00.0000000Z,2018-11-29T01:00:00.0000000Z,42,85.7713516
2264,181.87168484,181.87168484,181.7654941,181.7654941,2018-11-29T02:46:03.1930000Z,2018-11-29T02:29:49.4400000Z,2018-11-29T03:00:00.0000000Z,2018-11-29T02:00:00.0000000Z,4,5.7809
2265,185.0,185.0,185.0,185.0,2018-11-29T03:10:19.4200000Z,2018-11-29T03:10:19.4200000Z,2018-11-29T04:00:00.0000000Z,2018-11-29T03:00:00.0000000Z,1,0.25906838
2266,182.77169319,182.77169319,182.77169319,182.77169319,2018-11-29T04:31:18.2070000Z,2018-11-29T04:31:18.2070000Z,2018-11-29T05:00:00.0000000Z,2018-11-29T04:00:00.0000000Z,1,10.04315105
2267,188.0,188.0,183.6886876,185.89742806,2018-11-29T05:34:50.6100000Z,2018-11-29T05:12:18.0300000Z,2018-11-29T06:00:00.0000000Z,2018-11-29T05:00:00.0000000Z,11,49.891563239999996
2268,187.43620082,188.22895553,184.40960921,187.00002869,2018-11-29T06:57:12.8230000Z,2018-11-29T06:00:07.3070000Z,2018-11-29T07:00:00.0000000Z,2018-11-29T06:00:00.0000000Z,17,20.19000628
2269,185.0,186.00000017,185.0,186.00000017,2018-11-29T07:58:57.7570000Z,2018-11-29T07:10:05.9770000Z,2018-11-29T08:00:00.0000000Z,2018-11-29T07:00:00.0000000Z,21,161.04388968
2270,185.66008981,188.21939249,184.0,185.0,2018-11-29T08:35:18.1800000Z,2018-11-29T08:03:04.0470000Z,2018-11-29T09:00:00.0000000Z,2018-11-29T08:00:00.0000000Z,37,146.79943406
2271,191.08192988,192.2,187.99999983,187.99999983,2018-11-29T09:51:59.3930000Z,2018-11-29T09:03:17.8500000Z,2018-11-29T10:00:00.0000000Z,2018-11-29T09:00:00.0000000Z,84,422.64545282
2272,187.83586108,190.27061324,187.4571924,190.27061324,2018-11-29T10:57:49.5230000Z,2018-11-29T10:16:36.3070000Z,2018-11-29T11:00:00.0000000Z,2018-11-29T10:00:00.0000000Z,17,31.31489977
2273,187.83585937,190.93148968,187.83585937,190.42202705,2018-11-29T11:55:48.3370000Z,2018-11-29T11:26:52.8370000Z,2018-11-29T12:00:00.0000000Z,2018-11-29T11:00:00.0000000Z,19,16.81171232
2274,181.96809417,188.44013479,181.96809417,187.00000017,2018-11-29T12:59:03.6800000Z,2018-11-29T12:00:24.6900000Z,2018-11-29T13:00:00.0000000Z,2018-11-29T12:00:00.0000000Z,34,77.64301376
2275,179.68880874,184.48878856,178.71324107,184.48878856,2018-11-29T13:48:29.0400000Z,2018-11-29T13:00:14.9000000Z,2018-11-29T14:00:00.0000000Z,2018-11-29T13:00:00.0000000Z,27,69.05939425
2276,180.0,181.5,179.53325129,179.53325129,2018-11-29T14:59:56.5070000Z,2018-11-29T14:00:10.9100000Z,2018-11-29T15:00:00.0000000Z,2018-11-29T14:00:00.0000000Z,11,9.82853132
2277,181.8645288,181.8645288,180.49615201,180.49615201,2018-11-29T15:56:19.4470000Z,2018-11-29T15:06:56.3670000Z,2018-11-29T16:00:00.0000000Z,2018-11-29T15:00:00.0000000Z,4,1.50322847
2278,184.10964111,184.10964111,181.8645288,181.8645288,2018-11-29T16:41:51.6070000Z,2018-11-29T16:06:31.4200000Z,2018-11-29T17:00:00.0000000Z,2018-11-29T16:00:00.0000000Z,9,11.02517141
2279,182.34444427,182.34444427,182.34444427,182.34444427,2018-11-29T17:32:45.5930000Z,2018-11-29T17:32:45.5930000Z,2018-11-29T18:00:00.0000000Z,2018-11-29T17:00:00.0000000Z,1,0.04763625
2280,180.21356383,182.90315853,180.21356383,181.75,2018-11-29T18:57:43.5770000Z,2018-11-29T18:02:31.9230000Z,2018-11-29T19:00:00.0000000Z,2018-11-29T18:00:00.0000000Z,18,35.63971273
2281,178.43288322,180.21356383,178.43285937,180.21356383,2018-11-29T19:54:11.5130000Z,2018-11-29T19:04:06.6830000Z,2018-11-29T20:00:00.0000000Z,2018-11-29T19:00:00.0000000Z,18,37.74841974
2282,180.21356383,180.21356383,180.01268308,180.01268308,2018-11-29T20:35:47.2300000Z,2018-11-29T20:29:25.7600000Z,2018-11-29T21:00:00.0000000Z,2018-11-29T20:00:00.0000000Z,3,1.57146626
2283,178.53505204,179.89377378,176.31748655,179.89377378,2018-11-29T21:50:21.6900000Z,2018-11-29T21:07:22.4400000Z,2018-11-29T22:00:00.0000000Z,2018-11-29T21:00:00.0000000Z,7,8.54285412
2284,177.76821856,179.99999966,177.76821856,178.53505481,2018-11-29T22:51:54.2000000Z,2018-11-29T22:07:28.8670000Z,2018-11-29T23:00:00.0000000Z,2018-11-29T22:00:00.0000000Z,6,4.28489245
2285,181.2590391,181.55349502,180.0,180.0,2018-11-29T23:55:41.7770000Z,2018-11-29T23:08:57.9070000Z,2018-11-30T00:00:00.0000000Z,2018-11-29T23:00:00.0000000Z,6,18.01510574
2286,177.00000003,179.67012863,177.00000003,179.67012863,2018-11-30T00:47:00.4030000Z,2018-11-30T00:13:05.6300000Z,2018-11-30T01:00:00.0000000Z,2018-11-30T00:00:00.0000000Z,12,36.44289181
2287,183.34062285,188.3463666,177.00000027,177.00000027,2018-11-30T01:58:26.9830000Z,2018-11-30T01:01:15.3270000Z,2018-11-30T02:00:00.0000000Z,2018-11-30T01:00:00.0000000Z,119,452.99345235
2288,185.0,185.49941302,184.0,184.0,2018-11-30T02:59:53.5870000Z,2018-11-30T02:43:38.1000000Z,2018-11-30T03:00:00.0000000Z,2018-11-30T02:00:00.0000000Z,24,172.95035275
2289,184.49169252,185.49941302,184.49169252,185.0,2018-11-30T03:30:50.2300000Z,2018-11-30T03:00:15.6970000Z,2018-11-30T04:00:00.0000000Z,2018-11-30T03:00:00.0000000Z,17,30.32195027
2290,185.30737748,185.30737748,185.30737746,185.30737748,2018-11-30T04:58:11.9570000Z,2018-11-30T04:56:40.8730000Z,2018-11-30T05:00:00.0000000Z,2018-11-30T04:00:00.0000000Z,3,3.3636616999999998
2291,182.58311592,185.84469086000001,182.58311592,185.33590278,2018-11-30T06:55:58.6370000Z,2018-11-30T06:08:40.6570000Z,2018-11-30T07:00:00.0000000Z,2018-11-30T06:00:00.0000000Z,5,0.32701501
2292,179.67723416,180.72003783,178.85692988,180.72003783,2018-11-30T07:44:20.5070000Z,2018-11-30T07:02:10.0100000Z,2018-11-30T08:00:00.0000000Z,2018-11-30T07:00:00.0000000Z,22,6.91871621
2293,178.425,180.0,178.425,179.99988402,2018-11-30T08:50:06.2930000Z,2018-11-30T08:14:57.8570000Z,2018-11-30T09:00:00.0000000Z,2018-11-30T08:00:00.0000000Z,67,204.20848693
2294,178.85517034,178.85517034,176.06910779,176.99383686,2018-11-30T09:29:27.9430000Z,2018-11-30T09:04:40.8730000Z,2018-11-30T10:00:00.0000000Z,2018-11-30T09:00:00.0000000Z,12,4.73367394
2295,171.69171785,176.06910764,170.87171458,176.06910764,2018-11-30T10:59:56.9870000Z,2018-11-30T10:13:30.0700000Z,2018-11-30T11:00:00.0000000Z,2018-11-30T10:00:00.0000000Z,45,39.82877704
2296,169.58891404,171.07971889,168.00000352,170.87171333,2018-11-30T11:52:13.2400000Z,2018-11-30T11:00:54.8930000Z,2018-11-30T12:00:00.0000000Z,2018-11-30T11:00:00.0000000Z,36,36.61473651
2297,170.18444622,171.69171785,167.26566032,171.08967235,2018-11-30T12:57:59.0870000Z,2018-11-30T12:09:47.2470000Z,2018-11-30T13:00:00.0000000Z,2018-11-30T12:00:00.0000000Z,43,47.79366057
2298,171.85274587,171.85283176,170.16222106,170.18444622,2018-11-30T13:59:59.4700000Z,2018-11-30T13:42:07.3400000Z,2018-11-30T14:00:00.0000000Z,2018-11-30T13:00:00.0000000Z,12,53.54367635
2299,173.5212261,173.52122657,170.15775314,170.16239722,2018-11-30T14:53:41.4330000Z,2018-11-30T14:03:44.0900000Z,2018-11-30T15:00:00.0000000Z,2018-11-30T14:00:00.0000000Z,13,8.48646112
2300,172.3,172.3,170.0,171.23000396,2018-11-30T15:54:00.4100000Z,2018-11-30T15:37:46.8900000Z,2018-11-30T16:00:00.0000000Z,2018-11-30T15:00:00.0000000Z,6,2.1330621499999998
2301,174.75724766,176.512225,173.5212819,173.5212819,2018-11-30T16:55:28.9800000Z,2018-11-30T16:11:20.4630000Z,2018-11-30T17:00:00.0000000Z,2018-11-30T16:00:00.0000000Z,34,18.25818442
2302,175.66805126,176.99997611,174.47920629,174.47920646,2018-11-30T17:27:41.8500000Z,2018-11-30T17:04:33.4870000Z,2018-11-30T18:00:00.0000000Z,2018-11-30T17:00:00.0000000Z,12,3.33448347
2303,174.47926679,175.81031091,174.47926679,175.66805126,2018-11-30T18:47:06.7730000Z,2018-11-30T18:09:06.4570000Z,2018-11-30T19:00:00.0000000Z,2018-11-30T18:00:00.0000000Z,13,23.68890802
2304,174.4792063,175.0,174.4792063,175.0,2018-11-30T19:52:20.8700000Z,2018-11-30T19:29:02.8330000Z,2018-11-30T20:00:00.0000000Z,2018-11-30T19:00:00.0000000Z,4,100.65621554
2305,175.72740567,175.72740567,173.8936265,174.47920629,2018-11-30T20:36:00.7130000Z,2018-11-30T20:01:57.7800000Z,2018-11-30T21:00:00.0000000Z,2018-11-30T20:00:00.0000000Z,7,15.52868278
2306,170.00000708,174.91291803,170.00000708,174.91291803,2018-11-30T21:51:54.6170000Z,2018-11-30T21:15:54.2570000Z,2018-11-30T22:00:00.0000000Z,2018-11-30T21:00:00.0000000Z,11,5.02171746
2307,170.09037855,170.09047814,170.09037855,170.09047814,2018-11-30T22:43:08.1000000Z,2018-11-30T22:28:59.1500000Z,2018-11-30T23:00:00.0000000Z,2018-11-30T22:00:00.0000000Z,5,9.60014815
2308,172.51548179,172.77645699,172.51548179,172.77645699,2018-11-30T23:39:24.8370000Z,2018-11-30T23:01:08.8770000Z,2018-12-01T00:00:00.0000000Z,2018-11-30T23:00:00.0000000Z,2,8.216
2309,170.38435066,170.38435066,170.38435066,170.38435066,2018-12-01T01:01:02.5270000Z,2018-12-01T01:01:02.5270000Z,2018-12-01T02:00:00.0000000Z,2018-12-01T01:00:00.0000000Z,1,0.06223062
2310,172.9313181,172.9313181,172.9313181,172.9313181,2018-12-01T02:08:31.3930000Z,2018-12-01T02:08:31.3930000Z,2018-12-01T03:00:00.0000000Z,2018-12-01T02:00:00.0000000Z,1,0.00912892
2311,170.346543,170.346543,170.346543,170.346543,2018-12-01T03:03:47.8900000Z,2018-12-01T03:03:47.8900000Z,2018-12-01T04:00:00.0000000Z,2018-12-01T03:00:00.0000000Z,1,0.00501305
2312,168.76970174,170.07731629,168.68717015,170.07731629,2018-12-01T04:58:27.7530000Z,2018-12-01T04:19:29.8530000Z,2018-12-01T05:00:00.0000000Z,2018-12-01T04:00:00.0000000Z,47,79.45676345
2313,169.26131887,169.26131887,168.57035222,168.76970174,2018-12-01T05:38:57.4000000Z,2018-12-01T05:00:11.2400000Z,2018-12-01T06:00:00.0000000Z,2018-12-01T05:00:00.0000000Z,23,52.39039094
2314,167.26565224,167.26565224,167.26565224,167.26565224,2018-12-01T06:47:46.1600000Z,2018-12-01T06:47:46.1600000Z,2018-12-01T07:00:00.0000000Z,2018-12-01T06:00:00.0000000Z,1,1.165
2315,168.69014593,168.69014593,168.69014576,168.69014576,2018-12-01T07:33:27.0100000Z,2018-12-01T07:25:05.5870000Z,2018-12-01T08:00:00.0000000Z,2018-12-01T07:00:00.0000000Z,9,17.80786788
2316,171.0,172.33721659,170.03125548,170.03125548,2018-12-01T08:55:41.6730000Z,2018-12-01T08:11:44.8270000Z,2018-12-01T09:00:00.0000000Z,2018-12-01T08:00:00.0000000Z,21,13.7098711
2317,172.3364903,172.3364903,171.0,171.0,2018-12-01T09:39:59.2870000Z,2018-12-01T09:02:25.0170000Z,2018-12-01T10:00:00.0000000Z,2018-12-01T09:00:00.0000000Z,8,24.6385143
2318,174.61652426,175.99982021,171.0,171.0,2018-12-01T10:57:06.2530000Z,2018-12-01T10:01:02.3800000Z,2018-12-01T11:00:00.0000000Z,2018-12-01T10:00:00.0000000Z,37,55.63943881
2319,173.49144364,175.99980857,173.49144182,175.99980857,2018-12-01T11:27:03.9730000Z,2018-12-01T11:00:07.9630000Z,2018-12-01T12:00:00.0000000Z,2018-12-01T11:00:00.0000000Z,18,37.56308614
2320,175.999286,176.55902666,174.53432445,175.98008468,2018-12-01T12:42:28.6400000Z,2018-12-01T12:02:09.5030000Z,2018-12-01T13:00:00.0000000Z,2018-12-01T12:00:00.0000000Z,19,77.43082219
2321,175.76461671,175.76461671,174.508961,174.508961,2018-12-01T13:51:51.9170000Z,2018-12-01T13:01:03.6170000Z,2018-12-01T14:00:00.0000000Z,2018-12-01T13:00:00.0000000Z,2,1.055
2322,173.5,175.76426622,173.5,175.76426622,2018-12-01T14:34:19.8200000Z,2018-12-01T14:17:04.5470000Z,2018-12-01T15:00:00.0000000Z,2018-12-01T14:00:00.0000000Z,4,3.573
2323,173.6007875,173.6007875,173.60037427,173.60037427,2018-12-01T15:55:46.9230000Z,2018-12-01T15:28:59.9570000Z,2018-12-01T16:00:00.0000000Z,2018-12-01T15:00:00.0000000Z,2,6.87100616
2324,178.99945976,179.99993354,174.92561818,175.49984642,2018-12-01T16:56:15.9900000Z,2018-12-01T16:00:56.7470000Z,2018-12-01T17:00:00.0000000Z,2018-12-01T16:00:00.0000000Z,47,119.61588342
2325,177.5,178.0,177.5,178.0,2018-12-01T17:38:28.2530000Z,2018-12-01T17:19:11.1670000Z,2018-12-01T18:00:00.0000000Z,2018-12-01T17:00:00.0000000Z,3,1.3
2326,177.0,177.0,177.0,177.0,2018-12-01T18:37:26.8070000Z,2018-12-01T18:37:26.1670000Z,2018-12-01T19:00:00.0000000Z,2018-12-01T18:00:00.0000000Z,4,3.77
2327,177.49902279,177.49906553,177.49902279,177.49906553,2018-12-01T19:42:41.0570000Z,2018-12-01T19:40:08.1130000Z,2018-12-01T20:00:00.0000000Z,2018-12-01T19:00:00.0000000Z,2,0.56901493
2328,173.12106383,173.52107073,173.12106383,173.52107073,2018-12-01T20:51:19.3800000Z,2018-12-01T20:37:26.3630000Z,2018-12-01T21:00:00.0000000Z,2018-12-01T20:00:00.0000000Z,4,6.8260000000000005
2329,173.12129935,173.12129936,173.12129935,173.12129936,2018-12-01T22:08:01.5170000Z,2018-12-01T22:08:01.5170000Z,2018-12-01T23:00:00.0000000Z,2018-12-01T22:00:00.0000000Z,2,1.60414206
2330,172.5,173.12106383,172.5,173.12106383,2018-12-01T23:54:25.0430000Z,2018-12-01T23:33:06.5430000Z,2018-12-02T00:00:00.0000000Z,2018-12-01T23:00:00.0000000Z,4,1.376
2331,174.0,174.0,173.99997405,173.99997405,2018-12-02T00:55:03.1930000Z,2018-12-02T00:21:04.6030000Z,2018-12-02T01:00:00.0000000Z,2018-12-02T00:00:00.0000000Z,36,130.26720948
2332,177.051,177.051,174.0,174.0,2018-12-02T01:47:24.9170000Z,2018-12-02T01:05:03.2630000Z,2018-12-02T02:00:00.0000000Z,2018-12-02T01:00:00.0000000Z,9,60.29772131
2333,174.19746226,178.22611386,174.19746226,177.48997258,2018-12-02T02:26:58.8800000Z,2018-12-02T02:16:57.5130000Z,2018-12-02T03:00:00.0000000Z,2018-12-02T02:00:00.0000000Z,9,102.12200826
2334,172.50004558,174.19746226,172.50004558,174.19746226,2018-12-02T03:49:08.5900000Z,2018-12-02T03:06:27.4200000Z,2018-12-02T04:00:00.0000000Z,2018-12-02T03:00:00.0000000Z,4,2.27022041
2335,173.039,173.03900331,173.0,173.00000519,2018-12-02T04:59:43.7430000Z,2018-12-02T04:24:28.0100000Z,2018-12-02T05:00:00.0000000Z,2018-12-02T04:00:00.0000000Z,30,52.58797766
2336,170.04983226,173.039,170.04983226,173.039,2018-12-02T05:16:36.8430000Z,2018-12-02T05:00:38.2470000Z,2018-12-02T06:00:00.0000000Z,2018-12-02T05:00:00.0000000Z,36,90.42434348
2337,179.00004879,181.0,172.27822517,172.27822517,2018-12-02T07:56:10.7900000Z,2018-12-02T07:11:51.4600000Z,2018-12-02T08:00:00.0000000Z,2018-12-02T07:00:00.0000000Z,102,333.64244987
2338,176.00092198,178.49999362,174.30533822,176.45726562,2018-12-02T08:56:02.3070000Z,2018-12-02T08:09:12.8930000Z,2018-12-02T09:00:00.0000000Z,2018-12-02T08:00:00.0000000Z,15,21.25898772
2339,177.0000026,177.50000001,175.08024388,177.49999965,2018-12-02T09:58:41.4000000Z,2018-12-02T09:14:33.1470000Z,2018-12-02T10:00:00.0000000Z,2018-12-02T09:00:00.0000000Z,13,19.59789742
2340,171.00000001,176.00000019,171.00000001,176.00000019,2018-12-02T10:45:14.1700000Z,2018-12-02T10:07:08.9000000Z,2018-12-02T11:00:00.0000000Z,2018-12-02T10:00:00.0000000Z,21,64.2274427
2341,173.11544826,173.11547157,170.5,171.00000007,2018-12-02T11:43:50.6300000Z,2018-12-02T11:04:42.9670000Z,2018-12-02T12:00:00.0000000Z,2018-12-02T11:00:00.0000000Z,20,119.1863164
2342,173.34190519,173.34190519,173.06818662,173.06818662,2018-12-02T12:58:31.1200000Z,2018-12-02T12:25:56.6900000Z,2018-12-02T13:00:00.0000000Z,2018-12-02T12:00:00.0000000Z,2,0.44103000000000003
2343,172.0,172.0,172.0,172.0,2018-12-02T13:30:57.7700000Z,2018-12-02T13:30:57.7700000Z,2018-12-02T14:00:00.0000000Z,2018-12-02T13:00:00.0000000Z,1,4.90565942
2344,173.93462966,173.93462966,171.589,171.589,2018-12-02T15:53:51.0830000Z,2018-12-02T15:15:44.4370000Z,2018-12-02T16:00:00.0000000Z,2018-12-02T15:00:00.0000000Z,2,23.583945
2345,172.87798979,173.58106163,171.589,173.58106163,2018-12-02T16:51:26.6170000Z,2018-12-02T16:03:23.7300000Z,2018-12-02T17:00:00.0000000Z,2018-12-02T16:00:00.0000000Z,10,27.78493635
2346,172.87775705,172.87787686,172.87775705,172.87787686,2018-12-02T17:59:46.0300000Z,2018-12-02T17:50:58.2300000Z,2018-12-02T18:00:00.0000000Z,2018-12-02T17:00:00.0000000Z,7,7.6518081
2347,173.98394944,173.98394944,172.87798979,172.87798979,2018-12-02T18:01:36.2370000Z,2018-12-02T18:00:44.5470000Z,2018-12-02T19:00:00.0000000Z,2018-12-02T18:00:00.0000000Z,3,2.0453009
2348,173.98394475,173.98394535,173.98394474,173.98394535,2018-12-02T19:05:13.9230000Z,2018-12-02T19:04:05.5800000Z,2018-12-02T20:00:00.0000000Z,2018-12-02T19:00:00.0000000Z,3,5.2879355
2349,175.24488301,175.24488301,171.58778658,173.9839438,2018-12-02T20:40:59.7900000Z,2018-12-02T20:26:32.5870000Z,2018-12-02T21:00:00.0000000Z,2018-12-02T20:00:00.0000000Z,11,18.08935618
2350,173.31242352,173.31242352,173.31242352,173.31242352,2018-12-02T23:28:38.9530000Z,2018-12-02T23:03:31.8830000Z,2018-12-03T00:00:00.0000000Z,2018-12-02T23:00:00.0000000Z,3,1.2197604499999999
2351,170.65128969,173.35777966,170.65128969,172.5583729,2018-12-03T00:41:12.7200000Z,2018-12-03T00:00:50.0530000Z,2018-12-03T01:00:00.0000000Z,2018-12-03T00:00:00.0000000Z,7,1.7963656000000001
2352,170.0,171.9269079,168.00000355,171.9269079,2018-12-03T01:50:17.3270000Z,2018-12-03T01:22:51.8900000Z,2018-12-03T02:00:00.0000000Z,2018-12-03T01:00:00.0000000Z,35,231.00522889
2353,164.99999999,169.01504775,163.85311421,168.00046439,2018-12-03T02:54:44.5430000Z,2018-12-03T02:12:50.8900000Z,2018-12-03T03:00:00.0000000Z,2018-12-03T02:00:00.0000000Z,56,152.15734235
2354,165.07791606,165.07791606,163.853,163.85311421,2018-12-03T03:41:58.6970000Z,2018-12-03T03:01:42.4370000Z,2018-12-03T04:00:00.0000000Z,2018-12-03T03:00:00.0000000Z,22,23.44099771
2355,164.0,165.1002389,164.0,165.1002389,2018-12-03T04:31:50.8970000Z,2018-12-03T04:31:43.8030000Z,2018-12-03T05:00:00.0000000Z,2018-12-03T04:00:00.0000000Z,65,230.27490952
2356,166.71228635,166.7123507,166.71228635,166.7123507,2018-12-03T05:33:29.3770000Z,2018-12-03T05:04:42.2200000Z,2018-12-03T06:00:00.0000000Z,2018-12-03T05:00:00.0000000Z,5,16.84612571
2357,165.0,165.00040636,164.14541332,165.00040636,2018-12-03T06:57:45.1530000Z,2018-12-03T06:06:11.6530000Z,2018-12-03T07:00:00.0000000Z,2018-12-03T06:00:00.0000000Z,16,49.26067863
2358,164.14536431,164.14536431,164.14536431,164.14536431,2018-12-03T07:42:25.0170000Z,2018-12-03T07:42:23.9570000Z,2018-12-03T08:00:00.0000000Z,2018-12-03T07:00:00.0000000Z,10,17.80786788
2359,166.70901716,166.70901716,164.62005427,164.62005427,2018-12-03T08:59:38.2630000Z,2018-12-03T08:29:19.6370000Z,2018-12-03T09:00:00.0000000Z,2018-12-03T08:00:00.0000000Z,6,23.39689
2360,167.62007264,167.62007264,166.71235087,166.71235087,2018-12-03T09:48:20.4830000Z,2018-12-03T09:04:04.6500000Z,2018-12-03T10:00:00.0000000Z,2018-12-03T09:00:00.0000000Z,4,8.16265423
2361,168.34678568,168.34678568,167.62007264,167.62007264,2018-12-03T10:53:55.2800000Z,2018-12-03T10:51:24.3530000Z,2018-12-03T11:00:00.0000000Z,2018-12-03T10:00:00.0000000Z,3,0.06661973
2362,167.0,167.0,165.0006605,165.0006605,2018-12-03T12:35:58.8800000Z,2018-12-03T12:32:58.1370000Z,2018-12-03T13:00:00.0000000Z,2018-12-03T12:00:00.0000000Z,2,0.46320712
2363,167.0,167.0,167.0,167.0,2018-12-03T13:53:17.5330000Z,2018-12-03T13:03:51.4230000Z,2018-12-03T14:00:00.0000000Z,2018-12-03T13:00:00.0000000Z,2,7.76091634
2364,164.0,166.99999053,164.0,166.99999053,2018-12-03T14:51:49.0830000Z,2018-12-03T14:42:32.6900000Z,2018-12-03T15:00:00.0000000Z,2018-12-03T14:00:00.0000000Z,20,26.06504057
2365,158.8,164.0,158.00000002,164.0,2018-12-03T15:54:29.9400000Z,2018-12-03T15:00:52.0870000Z,2018-12-03T16:00:00.0000000Z,2018-12-03T15:00:00.0000000Z,49,60.87060356
2366,158.8,158.8,157.00001084,158.79999616,2018-12-03T16:47:19.4000000Z,2018-12-03T16:22:34.8600000Z,2018-12-03T17:00:00.0000000Z,2018-12-03T16:00:00.0000000Z,17,25.27200986
2367,157.5,158.0,157.5,158.0,2018-12-03T17:27:23.6900000Z,2018-12-03T17:17:31.5100000Z,2018-12-03T18:00:00.0000000Z,2018-12-03T17:00:00.0000000Z,7,29.5120517
2368,159.99,159.99,159.99,159.99,2018-12-03T18:04:01.3970000Z,2018-12-03T18:04:01.2400000Z,2018-12-03T19:00:00.0000000Z,2018-12-03T18:00:00.0000000Z,3,1.93077531
2369,157.5,158.0,157.5,158.0,2018-12-03T19:52:09.6330000Z,2018-12-03T19:28:30.2030000Z,2018-12-03T20:00:00.0000000Z,2018-12-03T19:00:00.0000000Z,6,2.12493234
2370,159.99999967,159.99999988,156.00013551,157.5,2018-12-03T20:52:22.4200000Z,2018-12-03T20:15:48.4330000Z,2018-12-03T21:00:00.0000000Z,2018-12-03T20:00:00.0000000Z,29,38.12675411
2371,159.99988,159.99998638,156.44263894,156.44263894,2018-12-03T21:57:37.9370000Z,2018-12-03T21:13:37.2770000Z,2018-12-03T22:00:00.0000000Z,2018-12-03T21:00:00.0000000Z,4,10.10101637
2372,160.00000001,160.00000001,159.99988,159.99988,2018-12-03T22:00:48.3970000Z,2018-12-03T22:00:45.4300000Z,2018-12-03T23:00:00.0000000Z,2018-12-03T22:00:00.0000000Z,4,3.3153301600000002
2373,157.6282825,160.27846145,157.62819799,159.0,2018-12-03T23:56:17.2300000Z,2018-12-03T23:19:05.5700000Z,2018-12-04T00:00:00.0000000Z,2018-12-03T23:00:00.0000000Z,5,2.17264915
2374,159.99999999,159.99999999,157.0,157.04017921,2018-12-04T00:24:49.4800000Z,2018-12-04T00:24:46.4470000Z,2018-12-04T01:00:00.0000000Z,2018-12-04T00:00:00.0000000Z,17,213.7036788
2375,156.55361576,158.84313127,156.55361539,158.06480277,2018-12-04T02:57:38.0330000Z,2018-12-04T02:19:56.4800000Z,2018-12-04T03:00:00.0000000Z,2018-12-04T02:00:00.0000000Z,12,19.60173509
2376,155.1000002,156.5536031,155.0,156.5536031,2018-12-04T03:43:30.0100000Z,2018-12-04T03:10:02.0130000Z,2018-12-04T04:00:00.0000000Z,2018-12-04T03:00:00.0000000Z,17,24.29598269
2377,153.46997347,155.1000002,153.46997347,155.0,2018-12-04T04:57:14.5300000Z,2018-12-04T04:19:22.9800000Z,2018-12-04T05:00:00.0000000Z,2018-12-04T04:00:00.0000000Z,11,58.90281921
2378,147.07248933,152.44211303,147.07248929,152.44211303,2018-12-04T05:59:07.8830000Z,2018-12-04T05:18:26.4200000Z,2018-12-04T06:00:00.0000000Z,2018-12-04T05:00:00.0000000Z,46,251.81797779
2379,157.34853926,158.0,148.17182528,148.17182528,2018-12-04T06:56:50.0570000Z,2018-12-04T06:04:05.7400000Z,2018-12-04T07:00:00.0000000Z,2018-12-04T06:00:00.0000000Z,91,143.16264128
2380,156.4273638,157.34852408,156.01306359,157.34852408,2018-12-04T07:59:54.9900000Z,2018-12-04T07:13:26.7800000Z,2018-12-04T08:00:00.0000000Z,2018-12-04T07:00:00.0000000Z,42,141.35587017
2381,157.50827778,157.50828102,157.50827778,157.50828102,2018-12-04T08:18:17.8170000Z,2018-12-04T08:10:49.5970000Z,2018-12-04T09:00:00.0000000Z,2018-12-04T08:00:00.0000000Z,2,0.132
2382,155.22516061,157.10011149,155.22516061,157.10011149,2018-12-04T09:56:32.8230000Z,2018-12-04T09:03:37.8970000Z,2018-12-04T10:00:00.0000000Z,2018-12-04T09:00:00.0000000Z,11,31.03175832
2383,153.44374334,155.22516061,153.44374318,155.22516061,2018-12-04T10:36:33.7900000Z,2018-12-04T10:25:11.6230000Z,2018-12-04T11:00:00.0000000Z,2018-12-04T10:00:00.0000000Z,6,11.12450885
2384,153.44374332,153.444,153.44374332,153.44374332,2018-12-04T11:52:03.3130000Z,2018-12-04T11:10:04.2370000Z,2018-12-04T12:00:00.0000000Z,2018-12-04T11:00:00.0000000Z,15,24.42120831
2385,154.99891077,154.99891077,154.21568605,154.21568605,2018-12-04T12:03:16.5270000Z,2018-12-04T12:01:37.4430000Z,2018-12-04T13:00:00.0000000Z,2018-12-04T12:00:00.0000000Z,2,1.01115399
2386,152.13333232,152.1333332,152.13333231,152.1333332,2018-12-04T13:59:18.5770000Z,2018-12-04T13:01:17.8700000Z,2018-12-04T14:00:00.0000000Z,2018-12-04T13:00:00.0000000Z,9,8.36600425
2387,154.94674686,156.79979027,153.00000003,154.78,2018-12-04T15:59:38.6530000Z,2018-12-04T15:00:26.2900000Z,2018-12-04T16:00:00.0000000Z,2018-12-04T15:00:00.0000000Z,61,293.68644456
2388,152.19809236,153.99976133,152.19805342,153.00048587,2018-12-04T16:38:19.7700000Z,2018-12-04T16:06:59.0770000Z,2018-12-04T17:00:00.0000000Z,2018-12-04T16:00:00.0000000Z,38,59.77541914
2389,151.0,153.99973263,151.0,153.99973263,2018-12-04T17:59:31.7770000Z,2018-12-04T17:04:55.9370000Z,2018-12-04T18:00:00.0000000Z,2018-12-04T17:00:00.0000000Z,21,54.53015004
2390,151.0,151.99897241,150.00000189,150.00000189,2018-12-04T18:39:04.6430000Z,2018-12-04T18:00:04.5430000Z,2018-12-04T19:00:00.0000000Z,2018-12-04T18:00:00.0000000Z,5,21.86015891
2391,151.97987169,151.97987169,150.00000176,150.00000176,2018-12-04T19:32:18.9000000Z,2018-12-04T19:14:45.8300000Z,2018-12-04T20:00:00.0000000Z,2018-12-04T19:00:00.0000000Z,4,22.30557994
2392,149.105964,151.97919754,148.0,151.97919754,2018-12-04T20:54:45.7400000Z,2018-12-04T20:14:28.5400000Z,2018-12-04T21:00:00.0000000Z,2018-12-04T20:00:00.0000000Z,26,51.74744349
2393,149.74989856,149.74989998,147.0,147.63432421,2018-12-04T21:56:26.1230000Z,2018-12-04T21:02:14.1930000Z,2018-12-04T22:00:00.0000000Z,2018-12-04T21:00:00.0000000Z,32,17.22786285
2394,147.80046192,147.80046193,147.8000355,147.8000355,2018-12-04T22:41:45.0370000Z,2018-12-04T22:16:57.1700000Z,2018-12-04T23:00:00.0000000Z,2018-12-04T22:00:00.0000000Z,6,37.8704358
2395,149.94998714,149.94999999,149.94998714,149.94999999,2018-12-04T23:35:33.8400000Z,2018-12-04T23:10:24.3800000Z,2018-12-05T00:00:00.0000000Z,2018-12-04T23:00:00.0000000Z,2,14.73689741
2396,147.46,147.99999906,146.0,146.95488924,2018-12-05T00:55:06.8130000Z,2018-12-05T00:22:09.9430000Z,2018-12-05T01:00:00.0000000Z,2018-12-05T00:00:00.0000000Z,26,244.79495991
2397,143.0,147.46,141.99999998,147.46,2018-12-05T01:58:28.7630000Z,2018-12-05T01:02:08.0130000Z,2018-12-05T02:00:00.0000000Z,2018-12-05T01:00:00.0000000Z,59,173.65026905
2398,142.96346719,143.0,140.9254153,143.0,2018-12-05T02:40:08.3230000Z,2018-12-05T02:00:12.6600000Z,2018-12-05T03:00:00.0000000Z,2018-12-05T02:00:00.0000000Z,24,43.57195904
2399,143.3845556,143.3845556,141.00000172,141.00000172,2018-12-05T04:39:10.9900000Z,2018-12-05T04:09:53.7100000Z,2018-12-05T05:00:00.0000000Z,2018-12-05T04:00:00.0000000Z,5,10.23783129
2400,142.0,142.0,142.0,142.0,2018-12-05T05:46:24.5770000Z,2018-12-05T05:46:24.5770000Z,2018-12-05T06:00:00.0000000Z,2018-12-05T05:00:00.0000000Z,1,18.0
2401,142.0,142.0,141.20000109,141.99999997,2018-12-05T06:42:22.5430000Z,2018-12-05T06:01:30.5300000Z,2018-12-05T07:00:00.0000000Z,2018-12-05T06:00:00.0000000Z,22,240.1823014
2402,138.00000001,141.20000054,138.00000001,141.20000054,2018-12-05T07:57:12.9730000Z,2018-12-05T07:22:19.2700000Z,2018-12-05T08:00:00.0000000Z,2018-12-05T07:00:00.0000000Z,28,40.25231986
2403,139.65935549,139.6593612,137.46662237,137.46662252,2018-12-05T08:59:04.9030000Z,2018-12-05T08:43:33.1370000Z,2018-12-05T09:00:00.0000000Z,2018-12-05T08:00:00.0000000Z,58,162.03710624
2404,137.9000012,138.8666203,137.9,138.8666203,2018-12-05T09:55:43.4830000Z,2018-12-05T09:02:39.5230000Z,2018-12-05T10:00:00.0000000Z,2018-12-05T09:00:00.0000000Z,19,21.49699142
2405,138.00000053,140.0,138.00000053,139.95998169,2018-12-05T10:58:49.7770000Z,2018-12-05T10:18:24.7500000Z,2018-12-05T11:00:00.0000000Z,2018-12-05T10:00:00.0000000Z,23,113.59256303
2406,139.90760962,139.90760962,135.00000004,137.44641234,2018-12-05T11:59:03.6730000Z,2018-12-05T11:21:11.3730000Z,2018-12-05T12:00:00.0000000Z,2018-12-05T11:00:00.0000000Z,32,50.84152042
2407,143.0,144.0,138.68163286,139.90760823,2018-12-05T12:42:00.5830000Z,2018-12-05T12:02:05.6630000Z,2018-12-05T13:00:00.0000000Z,2018-12-05T12:00:00.0000000Z,54,86.74489659
2408,143.00000012,144.53,141.51999623,142.99999988,2018-12-05T13:58:29.4830000Z,2018-12-05T13:10:34.1600000Z,2018-12-05T14:00:00.0000000Z,2018-12-05T13:00:00.0000000Z,39,107.11032632
2409,139.0,140.46691294,135.74153122,140.46691294,2018-12-05T14:54:56.4830000Z,2018-12-05T14:04:02.5270000Z,2018-12-05T15:00:00.0000000Z,2018-12-05T14:00:00.0000000Z,67,290.80495745
2410,139.15140899,141.27094245,139.15140899,139.89707377,2018-12-05T15:26:15.8800000Z,2018-12-05T15:03:01.7200000Z,2018-12-05T16:00:00.0000000Z,2018-12-05T15:00:00.0000000Z,7,2.18727636
2411,132.5,138.50800605,132.5,138.50800605,2018-12-05T16:59:03.7570000Z,2018-12-05T16:13:07.8300000Z,2018-12-05T17:00:00.0000000Z,2018-12-05T16:00:00.0000000Z,85,671.7766932
2412,132.66098488,133.99417501,131.81602296,132.5,2018-12-05T17:49:56.3530000Z,2018-12-05T17:00:00.6800000Z,2018-12-05T18:00:00.0000000Z,2018-12-05T17:00:00.0000000Z,29,31.20766527
2413,133.33177396,133.33177429,133.33177396,133.33177396,2018-12-05T18:48:35.6830000Z,2018-12-05T18:19:46.9800000Z,2018-12-05T19:00:00.0000000Z,2018-12-05T18:00:00.0000000Z,6,1.86096212
2414,135.11695385,135.11695385,133.33177396,133.33177412,2018-12-05T19:40:14.7500000Z,2018-12-05T19:09:30.5270000Z,2018-12-05T20:00:00.0000000Z,2018-12-05T19:00:00.0000000Z,3,6.26634221
2415,134.11422688,135.11462539,133.33177396,135.11462539,2018-12-05T20:43:25.3100000Z,2018-12-05T20:19:22.8500000Z,2018-12-05T21:00:00.0000000Z,2018-12-05T20:00:00.0000000Z,7,2.54148494
2416,132.41979835,133.00000035,132.41979835,132.4199655,2018-12-05T21:50:18.2530000Z,2018-12-05T21:09:49.2900000Z,2018-12-05T22:00:00.0000000Z,2018-12-05T21:00:00.0000000Z,13,33.10929155
2417,131.1500022,132.37544537,131.1500022,132.06081234,2018-12-05T22:58:07.4200000Z,2018-12-05T22:01:04.9500000Z,2018-12-05T23:00:00.0000000Z,2018-12-05T22:00:00.0000000Z,21,17.07905265
2418,130.12041276,132.37999926,130.0,131.15,2018-12-05T23:56:24.1400000Z,2018-12-05T23:09:49.0230000Z,2018-12-06T00:00:00.0000000Z,2018-12-05T23:00:00.0000000Z,48,161.55146128
2419,132.37991681,132.37991681,131.12045008,131.12045008,2018-12-06T00:09:47.7330000Z,2018-12-06T00:05:37.8630000Z,2018-12-06T01:00:00.0000000Z,2018-12-06T00:00:00.0000000Z,3,0.3111999
2420,130.75,130.75018681,130.75,130.75018681,2018-12-06T01:10:16.1000000Z,2018-12-06T01:09:55.7700000Z,2018-12-06T02:00:00.0000000Z,2018-12-06T01:00:00.0000000Z,7,12.936
2421,126.629022,130.75,126.629022,130.75,2018-12-06T02:56:24.7870000Z,2018-12-06T02:00:42.1200000Z,2018-12-06T03:00:00.0000000Z,2018-12-06T02:00:00.0000000Z,38,61.50182413
2422,127.94020559,127.94045349,125.29414258,125.97825525,2018-12-06T03:33:12.3030000Z,2018-12-06T03:03:13.9400000Z,2018-12-06T04:00:00.0000000Z,2018-12-06T03:00:00.0000000Z,8,56.72616789
2423,122.76372850999999,127.93966908,122.76372850999999,127.93966908,2018-12-06T04:58:54.0400000Z,2018-12-06T04:05:34.5470000Z,2018-12-06T05:00:00.0000000Z,2018-12-06T04:00:00.0000000Z,19,32.57500724
2424,127.0000044,129.99999971,119.00000003,122.76372850999999,2018-12-06T05:54:25.0200000Z,2018-12-06T05:00:32.6530000Z,2018-12-06T06:00:00.0000000Z,2018-12-06T05:00:00.0000000Z,56,145.99977377
2425,124.65422065,127.00029598,124.65422065,127.00006093,2018-12-06T06:52:16.6800000Z,2018-12-06T06:01:22.3970000Z,2018-12-06T07:00:00.0000000Z,2018-12-06T06:00:00.0000000Z,12,303.1922268
2426,123.99960648,124.65421688,122.73298356,124.65421688,2018-12-06T07:58:22.5270000Z,2018-12-06T07:13:15.3030000Z,2018-12-06T08:00:00.0000000Z,2018-12-06T07:00:00.0000000Z,11,44.62493059
2427,124.42,124.42,124.41997729,124.4199773,2018-12-06T08:04:19.0400000Z,2018-12-06T08:01:45.6430000Z,2018-12-06T09:00:00.0000000Z,2018-12-06T08:00:00.0000000Z,7,18.13282308
2428,121.18256105,125.78816905,121.1824542,125.78816905,2018-12-06T09:58:03.1800000Z,2018-12-06T09:11:52.8000000Z,2018-12-06T10:00:00.0000000Z,2018-12-06T09:00:00.0000000Z,12,16.20654754
2429,118.00590002,122.00017274,118.00589977,121.18260038,2018-12-06T10:58:33.7370000Z,2018-12-06T10:00:02.7930000Z,2018-12-06T11:00:00.0000000Z,2018-12-06T10:00:00.0000000Z,41,145.07085178
2430,119.32999997,119.33,116.68404882,118.44,2018-12-06T11:59:52.7000000Z,2018-12-06T11:00:08.3800000Z,2018-12-06T12:00:00.0000000Z,2018-12-06T11:00:00.0000000Z,71,122.11297736
2431,118.49993409,120.50000519,117.68069778,119.32999995,2018-12-06T12:59:02.7370000Z,2018-12-06T12:00:03.1830000Z,2018-12-06T13:00:00.0000000Z,2018-12-06T12:00:00.0000000Z,25,64.90865691
2432,117.44796568,118.4999341,116.57651894,118.49993409,2018-12-06T13:51:12.7570000Z,2018-12-06T13:11:58.6700000Z,2018-12-06T14:00:00.0000000Z,2018-12-06T13:00:00.0000000Z,22,23.81891105
2433,119.00000253,124.33750043,115.89,117.44392897,2018-12-06T14:56:30.0100000Z,2018-12-06T14:00:38.3400000Z,2018-12-06T15:00:00.0000000Z,2018-12-06T14:00:00.0000000Z,169,321.55890205
2434,118.0,118.0,115.40922426,118.0,2018-12-06T15:53:37.7270000Z,2018-12-06T15:04:18.4930000Z,2018-12-06T16:00:00.0000000Z,2018-12-06T15:00:00.0000000Z,69,150.67111104
2435,116.27190833,118.0,116.27190833,118.0,2018-12-06T16:56:35.1000000Z,2018-12-06T16:13:01.9600000Z,2018-12-06T17:00:00.0000000Z,2018-12-06T16:00:00.0000000Z,11,13.3212554
2436,116.49981212,116.5,115.0,116.27190832,2018-12-06T17:58:11.3130000Z,2018-12-06T17:06:27.4330000Z,2018-12-06T18:00:00.0000000Z,2018-12-06T17:00:00.0000000Z,17,40.53146664
2437,115.49992219,115.8351822,113.60798539,115.0,2018-12-06T18:47:37.7200000Z,2018-12-06T18:00:49.7730000Z,2018-12-06T19:00:00.0000000Z,2018-12-06T18:00:00.0000000Z,19,109.68164369
2438,117.12302688,117.12305768,114.00006841,114.00007027,2018-12-06T19:43:34.6870000Z,2018-12-06T19:06:23.3230000Z,2018-12-06T20:00:00.0000000Z,2018-12-06T19:00:00.0000000Z,14,55.78345623
2439,114.64811124,115.89396701,114.64811124,115.89396701,2018-12-06T20:39:42.6870000Z,2018-12-06T20:05:11.1870000Z,2018-12-06T21:00:00.0000000Z,2018-12-06T20:00:00.0000000Z,9,1.58840679
2440,114.10151428,114.64811107,113.59649923,114.64811107,2018-12-06T21:50:47.4670000Z,2018-12-06T21:22:52.6100000Z,2018-12-06T22:00:00.0000000Z,2018-12-06T21:00:00.0000000Z,6,4.09652632
2441,111.0,113.45459414,111.0,113.45459414,2018-12-06T22:50:32.3330000Z,2018-12-06T22:19:05.0430000Z,2018-12-06T23:00:00.0000000Z,2018-12-06T22:00:00.0000000Z,8,11.26689357
2442,107.0,111.0,107.0,111.0,2018-12-06T23:59:20.7800000Z,2018-12-06T23:29:07.1200000Z,2018-12-07T00:00:00.0000000Z,2018-12-06T23:00:00.0000000Z,50,61.06603022
2443,101.51023693,107.0,101.01007988,107.0,2018-12-07T00:59:16.7570000Z,2018-12-07T00:04:29.8870000Z,2018-12-07T01:00:00.0000000Z,2018-12-07T00:00:00.0000000Z,119,764.37196931
2444,105.61590552,107.61060114,102.40794262,102.67181053,2018-12-07T01:59:34.0130000Z,2018-12-07T01:02:58.1870000Z,2018-12-07T02:00:00.0000000Z,2018-12-07T01:00:00.0000000Z,47,148.44797799
2445,97.14511762,105.61590382,95.56646853,105.61590382,2018-12-07T02:59:06.9430000Z,2018-12-07T02:01:02.4700000Z,2018-12-07T03:00:00.0000000Z,2018-12-07T02:00:00.0000000Z,140,120.425607
2446,99.19665342,101.36627816,95.48886879,97.70763285,2018-12-07T03:55:50.4400000Z,2018-12-07T03:00:18.0530000Z,2018-12-07T04:00:00.0000000Z,2018-12-07T03:00:00.0000000Z,99,365.31600976
2447,103.00000624,104.07882686,98.26982891,99.19665325,2018-12-07T04:58:28.1100000Z,2018-12-07T04:13:42.1670000Z,2018-12-07T05:00:00.0000000Z,2018-12-07T04:00:00.0000000Z,46,66.25959875
2448,111.329,120.0,103.70017878,103.70017878,2018-12-07T05:56:31.3630000Z,2018-12-07T05:03:47.1370000Z,2018-12-07T06:00:00.0000000Z,2018-12-07T05:00:00.0000000Z,199,646.00243248
2449,103.07270758,111.10000167,103.07256246,111.10000167,2018-12-07T06:58:49.7970000Z,2018-12-07T06:01:02.1100000Z,2018-12-07T07:00:00.0000000Z,2018-12-07T06:00:00.0000000Z,104,218.18431252
2450,100.00001253,106.99999997,100.00000003,106.99999996,2018-12-07T07:58:41.6670000Z,2018-12-07T07:08:24.3800000Z,2018-12-07T08:00:00.0000000Z,2018-12-07T07:00:00.0000000Z,55,391.63201091
2451,98.26351277,104.23875006,98.26351277,102.74250006,2018-12-07T08:59:25.0300000Z,2018-12-07T08:11:13.5200000Z,2018-12-07T09:00:00.0000000Z,2018-12-07T08:00:00.0000000Z,16,31.78567994
2452,101.93856824,101.93856824,98.26351277,98.26351277,2018-12-07T09:55:58.2330000Z,2018-12-07T09:04:43.4030000Z,2018-12-07T10:00:00.0000000Z,2018-12-07T09:00:00.0000000Z,33,208.3021978
2453,99.87467635,101.93855251,99.87467635,100.97,2018-12-07T10:55:10.7870000Z,2018-12-07T10:00:22.9000000Z,2018-12-07T11:00:00.0000000Z,2018-12-07T10:00:00.0000000Z,12,19.53757477
2454,103.0,104.07282018,101.93855249,101.93855249,2018-12-07T11:54:07.3530000Z,2018-12-07T11:16:51.7570000Z,2018-12-07T12:00:00.0000000Z,2018-12-07T11:00:00.0000000Z,14,10.8341664
2455,104.07282018,104.07282018,103.0,103.0,2018-12-07T12:51:50.0270000Z,2018-12-07T12:02:36.6370000Z,2018-12-07T13:00:00.0000000Z,2018-12-07T12:00:00.0000000Z,7,7.91504192
2456,103.00000017,104.0728093,103.00000017,104.0728093,2018-12-07T13:37:03.2030000Z,2018-12-07T13:21:38.9070000Z,2018-12-07T14:00:00.0000000Z,2018-12-07T13:00:00.0000000Z,3,0.32147822
2457,108.0,109.53587389,104.07282018,104.07282018,2018-12-07T14:48:10.1730000Z,2018-12-07T14:37:54.3700000Z,2018-12-07T15:00:00.0000000Z,2018-12-07T14:00:00.0000000Z,31,51.15334353
2458,102.99000017,108.0,102.99000017,107.99999663,2018-12-07T15:52:23.1600000Z,2018-12-07T15:13:10.2430000Z,2018-12-07T16:00:00.0000000Z,2018-12-07T15:00:00.0000000Z,51,134.90537073
2459,100.87542678,104.9997217,99.14534063,104.9997217,2018-12-07T16:50:33.6470000Z,2018-12-07T16:01:02.9300000Z,2018-12-07T17:00:00.0000000Z,2018-12-07T16:00:00.0000000Z,17,6.03503944
2460,98.50523864,101.86440137,98.50523864,101.86440119,2018-12-07T17:46:39.7570000Z,2018-12-07T17:04:20.1630000Z,2018-12-07T18:00:00.0000000Z,2018-12-07T17:00:00.0000000Z,28,17.10228113
2461,96.54312818,99.0,96.54312817,97.71929776,2018-12-07T18:56:47.6600000Z,2018-12-07T18:08:15.7230000Z,2018-12-07T19:00:00.0000000Z,2018-12-07T18:00:00.0000000Z,36,101.13925289
2462,104.7768504,107.276927,96.54312869,96.54312869,2018-12-07T19:54:05.8970000Z,2018-12-07T19:05:20.8500000Z,2018-12-07T20:00:00.0000000Z,2018-12-07T19:00:00.0000000Z,198,494.13831722
2463,102.0,106.13164276,102.0,104.19489801,2018-12-07T20:55:21.5300000Z,2018-12-07T20:06:30.0630000Z,2018-12-07T21:00:00.0000000Z,2018-12-07T20:00:00.0000000Z,24,42.34772751
2464,106.13071392,106.13071392,101.81285734,101.81285734,2018-12-07T21:46:55.6000000Z,2018-12-07T21:07:20.7300000Z,2018-12-07T22:00:00.0000000Z,2018-12-07T21:00:00.0000000Z,5,4.78484487
2465,105.13064215,105.13064215,105.13064215,105.13064215,2018-12-07T22:28:35.1100000Z,2018-12-07T22:28:35.1100000Z,2018-12-07T23:00:00.0000000Z,2018-12-07T22:00:00.0000000Z,1,0.01451976
2466,106.32656504,107.18067454,105.99999549,107.18067454,2018-12-07T23:58:26.2500000Z,2018-12-07T23:00:08.8670000Z,2018-12-08T00:00:00.0000000Z,2018-12-07T23:00:00.0000000Z,16,51.70121084
2467,107.30840109,108.0,105.0,107.00368416,2018-12-08T00:59:46.9600000Z,2018-12-08T00:09:35.2700000Z,2018-12-08T01:00:00.0000000Z,2018-12-08T00:00:00.0000000Z,48,335.02245812
2468,107.7706117,107.7706117,107.51010418,107.51010418,2018-12-08T01:11:14.3130000Z,2018-12-08T01:02:22.2470000Z,2018-12-08T02:00:00.0000000Z,2018-12-08T01:00:00.0000000Z,6,11.6334504
2469,106.17042134,108.0,105.33,108.0,2018-12-08T02:58:32.9570000Z,2018-12-08T02:11:43.2900000Z,2018-12-08T03:00:00.0000000Z,2018-12-08T02:00:00.0000000Z,13,28.55848485
2470,106.4295413,107.091,105.16024029,106.17054852,2018-12-08T03:59:01.0870000Z,2018-12-08T03:00:02.1130000Z,2018-12-08T04:00:00.0000000Z,2018-12-08T03:00:00.0000000Z,38,159.61885428
2471,103.78463524,105.1307078,103.78463524,105.1307078,2018-12-08T05:53:35.6700000Z,2018-12-08T05:04:57.5930000Z,2018-12-08T06:00:00.0000000Z,2018-12-08T05:00:00.0000000Z,25,28.65509903
2472,103.59998997,103.78093197,101.5,103.78093197,2018-12-08T06:52:17.3430000Z,2018-12-08T06:01:55.8300000Z,2018-12-08T07:00:00.0000000Z,2018-12-08T06:00:00.0000000Z,40,507.28621198
2473,104.05176525,104.05176525,103.50503886,103.50503886,2018-12-08T07:59:43.8500000Z,2018-12-08T07:05:53.4500000Z,2018-12-08T08:00:00.0000000Z,2018-12-08T07:00:00.0000000Z,4,7.64474939
2474,101.02693602,101.66100001,101.02693602,101.66100001,2018-12-08T08:43:03.9000000Z,2018-12-08T08:19:26.1430000Z,2018-12-08T09:00:00.0000000Z,2018-12-08T08:00:00.0000000Z,10,8.64826747
2475,98.39000003,100.05916583,98.39000003,100.05916583,2018-12-08T09:59:44.9900000Z,2018-12-08T09:00:04.6870000Z,2018-12-08T10:00:00.0000000Z,2018-12-08T09:00:00.0000000Z,14,20.33713183
2476,97.50000018,99.99990783,97.5,99.73286001,2018-12-08T10:55:02.5500000Z,2018-12-08T10:01:17.1970000Z,2018-12-08T11:00:00.0000000Z,2018-12-08T10:00:00.0000000Z,30,22.54625189
2477,98.81207083,99.28277122,97.400006,97.50000017,2018-12-08T11:54:04.0230000Z,2018-12-08T11:00:13.9830000Z,2018-12-08T12:00:00.0000000Z,2018-12-08T11:00:00.0000000Z,19,19.75998133
2478,97.40037046,97.40037046,96.67770448,97.40000827,2018-12-08T12:36:53.7100000Z,2018-12-08T12:25:00.9200000Z,2018-12-08T13:00:00.0000000Z,2018-12-08T12:00:00.0000000Z,14,20.68911034
2479,96.548515,96.8,95.83216924,96.8,2018-12-08T13:53:47.3000000Z,2018-12-08T13:47:44.4130000Z,2018-12-08T14:00:00.0000000Z,2018-12-08T13:00:00.0000000Z,24,261.49037039
2480,95.06336716,96.43869798,95.06336598,95.06336598,2018-12-08T14:38:27.5400000Z,2018-12-08T14:34:29.0170000Z,2018-12-08T15:00:00.0000000Z,2018-12-08T14:00:00.0000000Z,4,7.54603192
2481,97.42481791,98.9756819,95.49996137,95.49996171,2018-12-08T15:54:40.6430000Z,2018-12-08T15:11:14.6600000Z,2018-12-08T16:00:00.0000000Z,2018-12-08T15:00:00.0000000Z,103,253.04450617
2482,98.59815175,100.30998568,97.42481794,97.42481794,2018-12-08T16:48:56.7470000Z,2018-12-08T16:06:09.7470000Z,2018-12-08T17:00:00.0000000Z,2018-12-08T16:00:00.0000000Z,20,16.06540664
2483,99.40426762,100.74812301,98.59815175,98.59815308,2018-12-08T17:44:05.9930000Z,2018-12-08T17:01:50.8230000Z,2018-12-08T18:00:00.0000000Z,2018-12-08T17:00:00.0000000Z,14,12.65541028
2484,100.74712089,100.74712089,99.40426762,99.80000001,2018-12-08T18:40:06.5570000Z,2018-12-08T18:12:53.7130000Z,2018-12-08T19:00:00.0000000Z,2018-12-08T18:00:00.0000000Z,15,42.20299251
2485,98.3983,100.7468,98.3,100.7468,2018-12-08T19:34:33.1430000Z,2018-12-08T19:00:32.8030000Z,2018-12-08T20:00:00.0000000Z,2018-12-08T19:00:00.0000000Z,31,55.54465972
2486,98.3983,98.3983,98.3983,98.3983,2018-12-08T20:06:44.2300000Z,2018-12-08T20:02:53.5670000Z,2018-12-08T21:00:00.0000000Z,2018-12-08T20:00:00.0000000Z,2,0.06838487
2487,98.9442926,98.9442926,96.3,97.7000003,2018-12-08T21:49:11.9570000Z,2018-12-08T21:19:53.9230000Z,2018-12-08T22:00:00.0000000Z,2018-12-08T21:00:00.0000000Z,19,9.50321304
2488,101.0,101.0,97.99928774,97.99957141,2018-12-08T22:59:49.5170000Z,2018-12-08T22:21:18.0570000Z,2018-12-08T23:00:00.0000000Z,2018-12-08T22:00:00.0000000Z,38,36.83971311
2489,99.99863214,102.88798207,99.99863214,102.88798207,2018-12-08T23:05:39.8400000Z,2018-12-08T23:00:22.6600000Z,2018-12-09T00:00:00.0000000Z,2018-12-08T23:00:00.0000000Z,16,2.8898024700000002
2490,98.5000001,98.6986503,98.24715473,98.24715473,2018-12-09T01:54:22.7600000Z,2018-12-09T01:41:59.9330000Z,2018-12-09T02:00:00.0000000Z,2018-12-09T01:00:00.0000000Z,61,297.09721967
2491,98.24721474,98.5000001,98.24721474,98.5000001,2018-12-09T02:06:16.6770000Z,2018-12-09T02:01:25.2130000Z,2018-12-09T03:00:00.0000000Z,2018-12-09T02:00:00.0000000Z,2,5.73003762
2492,100.14013218,101.97137306,100.01,100.81483775,2018-12-09T03:29:11.0000000Z,2018-12-09T03:03:55.8800000Z,2018-12-09T04:00:00.0000000Z,2018-12-09T03:00:00.0000000Z,11,32.02024081
2493,103.68312331999999,103.68312331999999,102.4439755,102.4439755,2018-12-09T04:30:24.6000000Z,2018-12-09T04:09:18.8370000Z,2018-12-09T05:00:00.0000000Z,2018-12-09T04:00:00.0000000Z,7,5.96650812
2494,102.0,102.0,100.01024304,102.0,2018-12-09T05:38:13.1870000Z,2018-12-09T05:13:06.1330000Z,2018-12-09T06:00:00.0000000Z,2018-12-09T05:00:00.0000000Z,13,50.00206391
2495,108.0,108.0,102.129963,102.89366209,2018-12-09T06:56:47.6100000Z,2018-12-09T06:32:45.4930000Z,2018-12-09T07:00:00.0000000Z,2018-12-09T06:00:00.0000000Z,14,21.09323304
2496,108.1000216,109.04262523,105.70839997,107.00000018,2018-12-09T07:31:04.3730000Z,2018-12-09T07:10:44.1900000Z,2018-12-09T08:00:00.0000000Z,2018-12-09T07:00:00.0000000Z,19,7.70906151
2497,105.60195407,106.74847065,104.45999955,106.65999954,2018-12-09T08:55:00.6200000Z,2018-12-09T08:04:18.4300000Z,2018-12-09T09:00:00.0000000Z,2018-12-09T08:00:00.0000000Z,118,623.11240401
2498,105.87535808,105.8753581,104.50000001,105.8753581,2018-12-09T09:45:05.6030000Z,2018-12-09T09:14:37.5400000Z,2018-12-09T10:00:00.0000000Z,2018-12-09T09:00:00.0000000Z,4,24.69290654
2499,103.39990752,105.13169516,102.1598864,105.13169516,2018-12-09T10:39:18.9600000Z,2018-12-09T10:06:45.7300000Z,2018-12-09T11:00:00.0000000Z,2018-12-09T10:00:00.0000000Z,39,73.75403017
2500,106.1084897,106.1084897,104.41882878,104.41882878,2018-12-09T11:59:10.8630000Z,2018-12-09T11:38:13.9470000Z,2018-12-09T12:00:00.0000000Z,2018-12-09T11:00:00.0000000Z,7,6.33131941
2501,106.44475202,108.11809814,106.1084897,106.1084897,2018-12-09T12:43:32.0270000Z,2018-12-09T12:03:39.9200000Z,2018-12-09T13:00:00.0000000Z,2018-12-09T12:00:00.0000000Z,17,25.79616715
2502,106.51614356,108.00000017,106.5160951,106.81597019,2018-12-09T13:55:26.9970000Z,2018-12-09T13:02:31.5830000Z,2018-12-09T14:00:00.0000000Z,2018-12-09T13:00:00.0000000Z,17,29.37780108
2503,105.72527924,109.11698682,104.57037832,109.11698682,2018-12-09T14:59:14.1830000Z,2018-12-09T14:05:27.5830000Z,2018-12-09T15:00:00.0000000Z,2018-12-09T14:00:00.0000000Z,28,103.47334596
2504,106.0000288,107.0,104.99999691,105.72521266,2018-12-09T15:57:35.4530000Z,2018-12-09T15:01:28.7200000Z,2018-12-09T16:00:00.0000000Z,2018-12-09T15:00:00.0000000Z,27,50.80582404
2505,109.14324679,109.14324679,105.99630012,106.00002843,2018-12-09T16:55:55.2870000Z,2018-12-09T16:05:23.6770000Z,2018-12-09T17:00:00.0000000Z,2018-12-09T16:00:00.0000000Z,28,23.38466294
2506,108.09679227,109.9999999,108.09676681,109.0,2018-12-09T17:55:29.9130000Z,2018-12-09T17:01:46.7670000Z,2018-12-09T18:00:00.0000000Z,2018-12-09T17:00:00.0000000Z,33,170.85055168
2507,108.74864064,108.74864064,107.19462168,107.19462168,2018-12-09T18:36:25.4900000Z,2018-12-09T18:03:56.7300000Z,2018-12-09T19:00:00.0000000Z,2018-12-09T18:00:00.0000000Z,7,15.0620488
2508,108.14864064,108.14864064,108.14864064,108.14864064,2018-12-09T20:56:46.1270000Z,2018-12-09T20:53:40.6500000Z,2018-12-09T21:00:00.0000000Z,2018-12-09T20:00:00.0000000Z,2,3.35306999
2509,105.72112479,107.24614977,105.72112479,107.24170403,2018-12-09T21:58:39.9830000Z,2018-12-09T21:05:32.7870000Z,2018-12-09T22:00:00.0000000Z,2018-12-09T21:00:00.0000000Z,8,68.92338928
2510,106.006,106.60256485,105.5,106.60256485,2018-12-09T22:55:20.5430000Z,2018-12-09T22:07:36.1900000Z,2018-12-09T23:00:00.0000000Z,2018-12-09T22:00:00.0000000Z,22,93.50355499
2511,106.49998225,106.49998225,106.006,106.006,2018-12-09T23:15:53.2430000Z,2018-12-09T23:02:26.9000000Z,2018-12-10T00:00:00.0000000Z,2018-12-09T23:00:00.0000000Z,6,9.0
2512,107.10507315,108.47320229,107.10507315,107.29499543,2018-12-10T00:59:55.0830000Z,2018-12-10T00:19:46.5100000Z,2018-12-10T01:00:00.0000000Z,2018-12-10T00:00:00.0000000Z,28,178.40646768
2513,106.00000017,107.15507315,106.00000017,107.10507315,2018-12-10T01:59:46.9170000Z,2018-12-10T01:01:02.3670000Z,2018-12-10T02:00:00.0000000Z,2018-12-10T01:00:00.0000000Z,54,319.61604196
2514,104.77801682,106.0,104.77801682,106.0,2018-12-10T02:43:34.2930000Z,2018-12-10T02:10:10.8000000Z,2018-12-10T03:00:00.0000000Z,2018-12-10T02:00:00.0000000Z,18,43.0897343
2515,103.72744513,104.34619418,103.56379908,104.2,2018-12-10T03:54:42.0600000Z,2018-12-10T03:04:28.7130000Z,2018-12-10T04:00:00.0000000Z,2018-12-10T03:00:00.0000000Z,10,8.37075692
2516,104.5,104.5,104.5,104.5,2018-12-10T04:58:36.6200000Z,2018-12-10T04:58:36.6200000Z,2018-12-10T05:00:00.0000000Z,2018-12-10T04:00:00.0000000Z,1,4.113
2517,105.03469757,105.95305599,104.85464041,104.85464041,2018-12-10T05:49:20.5470000Z,2018-12-10T05:01:59.5670000Z,2018-12-10T06:00:00.0000000Z,2018-12-10T05:00:00.0000000Z,6,1.58067767
2518,102.65,104.57036144,101.3358688,104.57036144,2018-12-10T06:59:47.6200000Z,2018-12-10T06:10:54.0130000Z,2018-12-10T07:00:00.0000000Z,2018-12-10T06:00:00.0000000Z,104,383.58424806
2519,102.18657898,102.653,101.42468897,101.73050949,2018-12-10T07:47:05.6170000Z,2018-12-10T07:14:17.0300000Z,2018-12-10T08:00:00.0000000Z,2018-12-10T07:00:00.0000000Z,24,180.65341216
2520,102.18,102.9,102.18,102.9,2018-12-10T08:26:23.6230000Z,2018-12-10T08:02:11.5700000Z,2018-12-10T09:00:00.0000000Z,2018-12-10T08:00:00.0000000Z,5,63.19648959
2521,103.91374155,103.91374155,102.07864003,102.20569705,2018-12-10T09:59:48.0330000Z,2018-12-10T09:06:02.8530000Z,2018-12-10T10:00:00.0000000Z,2018-12-10T09:00:00.0000000Z,11,10.32928576
2522,104.18619578,104.18619578,104.18619578,104.18619578,2018-12-10T10:14:27.8470000Z,2018-12-10T10:14:27.8470000Z,2018-12-10T11:00:00.0000000Z,2018-12-10T10:00:00.0000000Z,1,1.349
2523,105.39174724,105.418,104.0,104.0,2018-12-10T11:21:55.2130000Z,2018-12-10T11:00:19.4300000Z,2018-12-10T12:00:00.0000000Z,2018-12-10T11:00:00.0000000Z,28,19.41959553
2524,102.73555958,103.392,102.69563003,103.392,2018-12-10T12:44:17.0200000Z,2018-12-10T12:10:12.4600000Z,2018-12-10T13:00:00.0000000Z,2018-12-10T12:00:00.0000000Z,19,33.1259629
2525,103.04716676,103.29154501,103.04716676,103.29154501,2018-12-10T13:22:38.4300000Z,2018-12-10T13:22:38.4300000Z,2018-12-10T14:00:00.0000000Z,2018-12-10T13:00:00.0000000Z,3,12.0003589
2526,102.0,102.32930361,102.0,102.32930361,2018-12-10T14:59:43.1430000Z,2018-12-10T14:25:36.9130000Z,2018-12-10T15:00:00.0000000Z,2018-12-10T14:00:00.0000000Z,10,1.5753549100000002
2527,100.0,101.00000003,100.0,101.00000003,2018-12-10T15:34:56.4400000Z,2018-12-10T15:01:52.8830000Z,2018-12-10T16:00:00.0000000Z,2018-12-10T15:00:00.0000000Z,24,179.17416748
2528,102.0,102.26838607,99.74364919,100.8,2018-12-10T16:31:16.0030000Z,2018-12-10T16:01:29.8270000Z,2018-12-10T17:00:00.0000000Z,2018-12-10T16:00:00.0000000Z,13,17.41027494
2529,101.24795238,101.24795238,101.24795238,101.24795238,2018-12-10T17:17:51.3530000Z,2018-12-10T17:17:35.1970000Z,2018-12-10T18:00:00.0000000Z,2018-12-10T17:00:00.0000000Z,3,1.97041022
2530,100.14137298,100.83477149,100.14137298,100.83477149,2018-12-10T19:46:44.9470000Z,2018-12-10T19:18:05.4770000Z,2018-12-10T20:00:00.0000000Z,2018-12-10T19:00:00.0000000Z,14,121.70105332
2531,100.00000038,101.01760704,100.00000038,101.01760704,2018-12-10T20:32:02.1870000Z,2018-12-10T20:05:58.7700000Z,2018-12-10T21:00:00.0000000Z,2018-12-10T20:00:00.0000000Z,10,13.13788635
2532,101.94880077,101.94880077,100.41030244,100.41030244,2018-12-10T21:52:39.7870000Z,2018-12-10T21:09:16.1270000Z,2018-12-10T22:00:00.0000000Z,2018-12-10T21:00:00.0000000Z,4,13.45562383
2533,102.99258524,102.99258524,101.13803601,101.13803601,2018-12-10T22:56:33.8800000Z,2018-12-10T22:26:18.6870000Z,2018-12-10T23:00:00.0000000Z,2018-12-10T22:00:00.0000000Z,10,10.80410173
2534,103.0,103.0,103.0,103.0,2018-12-10T23:23:29.9100000Z,2018-12-10T23:23:29.9100000Z,2018-12-11T00:00:00.0000000Z,2018-12-10T23:00:00.0000000Z,1,5.0
2535,100.9692574,101.50273276,100.9692574,101.2,2018-12-11T00:54:27.7170000Z,2018-12-11T00:23:29.5070000Z,2018-12-11T01:00:00.0000000Z,2018-12-11T00:00:00.0000000Z,36,347.13964968
2536,100.07659254,100.28469993,100.0,100.2678543,2018-12-11T01:59:05.1100000Z,2018-12-11T01:08:09.3570000Z,2018-12-11T02:00:00.0000000Z,2018-12-11T01:00:00.0000000Z,43,457.60043689
2537,100.07659417,100.07659417,100.07659254,100.07659254,2018-12-11T02:38:41.4900000Z,2018-12-11T02:05:17.4200000Z,2018-12-11T03:00:00.0000000Z,2018-12-11T02:00:00.0000000Z,5,11.293157
2538,99.60000005,100.10866018,99.60000005,100.10866018,2018-12-11T03:41:25.7700000Z,2018-12-11T03:17:36.5970000Z,2018-12-11T04:00:00.0000000Z,2018-12-11T03:00:00.0000000Z,8,76.5079447
2539,100.74750015,100.74750015,100.74750015,100.74750015,2018-12-11T04:05:06.8530000Z,2018-12-11T04:05:06.8530000Z,2018-12-11T05:00:00.0000000Z,2018-12-11T04:00:00.0000000Z,1,0.05054715
2540,101.15402611,101.15402611,101.1540239,101.1540239,2018-12-11T05:24:14.7300000Z,2018-12-11T05:24:13.1030000Z,2018-12-11T06:00:00.0000000Z,2018-12-11T05:00:00.0000000Z,4,5.32379872
2541,101.34506593,101.54873716,101.34506593,101.54873716,2018-12-11T06:53:38.3000000Z,2018-12-11T06:16:58.5500000Z,2018-12-11T07:00:00.0000000Z,2018-12-11T06:00:00.0000000Z,2,10.00318399
2542,99.30000007,100.26169422,99.30000003,100.14549775,2018-12-11T07:46:11.4330000Z,2018-12-11T07:10:37.1200000Z,2018-12-11T08:00:00.0000000Z,2018-12-11T07:00:00.0000000Z,9,34.40736846
2543,99.17,99.29387506,99.13000001,99.29387506,2018-12-11T08:56:51.6330000Z,2018-12-11T08:05:30.3970000Z,2018-12-11T09:00:00.0000000Z,2018-12-11T08:00:00.0000000Z,100,551.1010012
2544,99.92136926,99.92136926,99.50809893,99.50809893,2018-12-11T09:48:39.8400000Z,2018-12-11T09:09:45.5830000Z,2018-12-11T10:00:00.0000000Z,2018-12-11T09:00:00.0000000Z,3,1.80599267
2545,97.0,99.2,97.0,99.2,2018-12-11T10:54:53.2400000Z,2018-12-11T10:15:23.9970000Z,2018-12-11T11:00:00.0000000Z,2018-12-11T10:00:00.0000000Z,26,315.81910563
2546,97.92996158,97.92996158,97.92996158,97.92996158,2018-12-11T11:42:34.9070000Z,2018-12-11T11:42:34.9070000Z,2018-12-11T12:00:00.0000000Z,2018-12-11T11:00:00.0000000Z,1,0.25494
2547,95.49415315,97.92999785,94.4,97.92999785,2018-12-11T12:55:52.2570000Z,2018-12-11T12:11:16.8300000Z,2018-12-11T13:00:00.0000000Z,2018-12-11T12:00:00.0000000Z,38,32.51552077
2548,95.868,96.0,94.91155702,94.91155702,2018-12-11T13:46:41.3030000Z,2018-12-11T13:02:04.3800000Z,2018-12-11T14:00:00.0000000Z,2018-12-11T13:00:00.0000000Z,8,2.52602827
2549,94.41990624,95.48959491,93.71935415,95.48959491,2018-12-11T14:51:26.2770000Z,2018-12-11T14:01:31.9470000Z,2018-12-11T15:00:00.0000000Z,2018-12-11T14:00:00.0000000Z,12,6.48243765
2550,94.1,95.35475679,94.1,95.35475679,2018-12-11T15:57:37.9830000Z,2018-12-11T15:16:31.8300000Z,2018-12-11T16:00:00.0000000Z,2018-12-11T15:00:00.0000000Z,8,13.27233651
2551,95.41497704,95.41497704,92.86807015,94.1,2018-12-11T16:54:51.9500000Z,2018-12-11T16:04:09.7000000Z,2018-12-11T17:00:00.0000000Z,2018-12-11T16:00:00.0000000Z,26,25.5790727
2552,96.34133604,96.34133604,94.89753102,95.41497704,2018-12-11T17:46:18.1430000Z,2018-12-11T17:00:18.2770000Z,2018-12-11T18:00:00.0000000Z,2018-12-11T17:00:00.0000000Z,20,129.52230494
2553,94.373,94.373,94.373,94.373,2018-12-11T18:08:05.9900000Z,2018-12-11T18:08:05.9900000Z,2018-12-11T19:00:00.0000000Z,2018-12-11T18:00:00.0000000Z,1,0.006
2554,95.90536429,95.90536429,95.83915521,95.83915521,2018-12-11T19:19:27.8800000Z,2018-12-11T19:19:27.8800000Z,2018-12-11T20:00:00.0000000Z,2018-12-11T19:00:00.0000000Z,2,10.33847279
2555,96.4,96.4,95.98087732,96.4,2018-12-11T20:41:04.0300000Z,2018-12-11T20:24:51.5230000Z,2018-12-11T21:00:00.0000000Z,2018-12-11T20:00:00.0000000Z,6,9.05963684
2556,99.23586885,99.23586885,96.99999999,96.99999999,2018-12-11T21:58:46.7300000Z,2018-12-11T21:03:17.0770000Z,2018-12-11T22:00:00.0000000Z,2018-12-11T21:00:00.0000000Z,16,19.8912126
2557,96.22258351,97.7217,96.22258351,97.26769502,2018-12-11T22:36:56.8600000Z,2018-12-11T22:11:14.4430000Z,2018-12-11T23:00:00.0000000Z,2018-12-11T22:00:00.0000000Z,11,38.02808344
2558,96.25618723,97.0,96.25618723,97.0,2018-12-11T23:47:51.4070000Z,2018-12-11T23:00:53.4730000Z,2018-12-12T00:00:00.0000000Z,2018-12-11T23:00:00.0000000Z,6,12.40274473
2559,95.82504623,96.1612155,95.3535,96.1612155,2018-12-12T00:52:03.7970000Z,2018-12-12T00:00:21.4000000Z,2018-12-12T01:00:00.0000000Z,2018-12-12T00:00:00.0000000Z,64,253.65060805
2560,95.02504623,95.52504623,95.02504623,95.32504623,2018-12-12T01:28:45.3300000Z,2018-12-12T01:11:37.2470000Z,2018-12-12T02:00:00.0000000Z,2018-12-12T01:00:00.0000000Z,13,69.73403752
2561,96.94697395,97.85833672,96.94697395,97.158305,2018-12-12T02:56:44.5870000Z,2018-12-12T02:27:16.8800000Z,2018-12-12T03:00:00.0000000Z,2018-12-12T02:00:00.0000000Z,8,125.02901228
2562,96.2,96.94687728,96.07108574,96.94687728,2018-12-12T03:59:35.3970000Z,2018-12-12T03:02:35.2870000Z,2018-12-12T04:00:00.0000000Z,2018-12-12T03:00:00.0000000Z,6,23.47045905
2563,95.80158012,96.56474911,95.68105518,96.2,2018-12-12T04:59:17.5730000Z,2018-12-12T04:00:23.7600000Z,2018-12-12T05:00:00.0000000Z,2018-12-12T04:00:00.0000000Z,12,12.78424413
2564,96.681055,96.681055,96.681055,96.681055,2018-12-12T05:15:02.7800000Z,2018-12-12T05:15:02.7800000Z,2018-12-12T06:00:00.0000000Z,2018-12-12T05:00:00.0000000Z,1,1.0
2565,96.5,97.48499818,96.49992262,96.49992262,2018-12-12T06:58:35.4630000Z,2018-12-12T06:34:31.5330000Z,2018-12-12T07:00:00.0000000Z,2018-12-12T06:00:00.0000000Z,5,12.66612301
2566,96.62080326,97.16608327,96.62074626,97.16608327,2018-12-12T07:39:04.5830000Z,2018-12-12T07:18:29.5670000Z,2018-12-12T08:00:00.0000000Z,2018-12-12T07:00:00.0000000Z,22,556.07775742
2567,95.73133686,97.0,95.73133686,96.62084079,2018-12-12T08:47:59.7330000Z,2018-12-12T08:00:03.9570000Z,2018-12-12T09:00:00.0000000Z,2018-12-12T08:00:00.0000000Z,21,142.12495037
2568,95.50175038,95.73175038,95.50175038,95.7317345,2018-12-12T09:59:16.7670000Z,2018-12-12T09:12:52.6970000Z,2018-12-12T10:00:00.0000000Z,2018-12-12T09:00:00.0000000Z,109,435.08087257
2569,97.88648248,97.88648248,95.70175038,95.70175038,2018-12-12T10:29:14.3300000Z,2018-12-12T10:01:21.0030000Z,2018-12-12T11:00:00.0000000Z,2018-12-12T10:00:00.0000000Z,4,0.320071
2570,98.77183627,98.98191517,97.48490866,97.48490866,2018-12-12T11:25:08.3800000Z,2018-12-12T11:00:45.3530000Z,2018-12-12T12:00:00.0000000Z,2018-12-12T11:00:00.0000000Z,8,45.70075712
2571,97.1644053,97.8467,96.45765585,96.95640673,2018-12-12T12:31:42.2100000Z,2018-12-12T12:00:00.5470000Z,2018-12-12T13:00:00.0000000Z,2018-12-12T12:00:00.0000000Z,8,2.35392379
2572,97.1643,97.16431959,95.89994579,95.89994579,2018-12-12T13:56:38.0200000Z,2018-12-12T13:17:50.2000000Z,2018-12-12T14:00:00.0000000Z,2018-12-12T13:00:00.0000000Z,4,3.2238948
2573,97.4845,97.4845,97.16407777,97.16407777,2018-12-12T14:21:38.9370000Z,2018-12-12T14:11:15.8330000Z,2018-12-12T15:00:00.0000000Z,2018-12-12T14:00:00.0000000Z,6,15.57988282
2574,98.67992108,98.68,96.95668464,96.95668464,2018-12-12T15:53:32.7600000Z,2018-12-12T15:00:41.6600000Z,2018-12-12T16:00:00.0000000Z,2018-12-12T15:00:00.0000000Z,10,10.86397075
2575,98.68,98.68,97.30128554,97.30128554,2018-12-12T16:17:48.7530000Z,2018-12-12T16:01:46.0130000Z,2018-12-12T17:00:00.0000000Z,2018-12-12T16:00:00.0000000Z,2,0.62134163
2576,97.93872428,98.03782696,97.93872428,98.03782696,2018-12-12T17:55:13.0430000Z,2018-12-12T17:31:11.4600000Z,2018-12-12T18:00:00.0000000Z,2018-12-12T17:00:00.0000000Z,2,1.10430402
2577,98.0,98.0,98.0,98.0,2018-12-12T19:57:58.8300000Z,2018-12-12T19:57:58.8300000Z,2018-12-12T20:00:00.0000000Z,2018-12-12T19:00:00.0000000Z,1,0.5
2578,97.24951364,97.24951364,97.24951364,97.24951364,2018-12-12T20:27:41.5830000Z,2018-12-12T20:27:41.5830000Z,2018-12-12T21:00:00.0000000Z,2018-12-12T20:00:00.0000000Z,1,2.056
2579,97.7019,98.13589951,97.26798049,97.26798066,2018-12-12T21:48:46.6070000Z,2018-12-12T21:06:52.2000000Z,2018-12-12T22:00:00.0000000Z,2018-12-12T21:00:00.0000000Z,4,2.88574103
2580,96.68,97.10227505,96.68,96.7315171,2018-12-12T22:54:30.0030000Z,2018-12-12T22:48:36.6000000Z,2018-12-12T23:00:00.0000000Z,2018-12-12T22:00:00.0000000Z,4,2.25069387
2581,95.92537412,96.68,95.92536925,96.68,2018-12-12T23:05:13.5400000Z,2018-12-12T23:00:32.4530000Z,2018-12-13T00:00:00.0000000Z,2018-12-12T23:00:00.0000000Z,3,11.40699612
2582,96.21686963,96.21686963,96.21686963,96.21686963,2018-12-13T00:45:34.2400000Z,2018-12-13T00:45:34.2400000Z,2018-12-13T01:00:00.0000000Z,2018-12-13T00:00:00.0000000Z,1,0.09323756
2583,95.00701185,95.81987927,94.77701185,95.81987927,2018-12-13T01:54:49.7830000Z,2018-12-13T01:26:20.9430000Z,2018-12-13T02:00:00.0000000Z,2018-12-13T01:00:00.0000000Z,10,175.43941723
2584,94.88097451,94.88097451,94.17700155,94.24787046,2018-12-13T02:44:09.7270000Z,2018-12-13T02:02:25.7400000Z,2018-12-13T03:00:00.0000000Z,2018-12-13T02:00:00.0000000Z,9,16.94190009
2585,94.65264491,94.65264491,94.65264491,94.65264491,2018-12-13T03:45:57.6400000Z,2018-12-13T03:45:57.3270000Z,2018-12-13T04:00:00.0000000Z,2018-12-13T03:00:00.0000000Z,2,10.0
2586,94.00000001,95.43443517,94.00000001,95.434435,2018-12-13T04:27:01.8470000Z,2018-12-13T04:00:51.2270000Z,2018-12-13T05:00:00.0000000Z,2018-12-13T04:00:00.0000000Z,16,100.89539697
2587,94.6567179,94.6567179,94.6567179,94.6567179,2018-12-13T05:07:17.3300000Z,2018-12-13T05:07:17.3300000Z,2018-12-13T06:00:00.0000000Z,2018-12-13T05:00:00.0000000Z,1,0.8684607999999999
2588,94.49120153,94.49120153,94.37478606,94.37478606,2018-12-13T07:46:32.3470000Z,2018-12-13T07:27:32.4500000Z,2018-12-13T08:00:00.0000000Z,2018-12-13T07:00:00.0000000Z,2,5.7008013
2589,96.75977351,96.75977351,95.0,95.0,2018-12-13T08:53:27.3130000Z,2018-12-13T08:05:32.7930000Z,2018-12-13T09:00:00.0000000Z,2018-12-13T08:00:00.0000000Z,12,25.85138666
2590,95.99997242,96.06589826,95.999,96.06589826,2018-12-13T09:58:55.3700000Z,2018-12-13T09:00:27.5200000Z,2018-12-13T10:00:00.0000000Z,2018-12-13T09:00:00.0000000Z,13,102.05100816
2591,95.85031391,96.21393934,94.83893256,94.83893256,2018-12-13T10:42:29.4830000Z,2018-12-13T10:09:16.1270000Z,2018-12-13T11:00:00.0000000Z,2018-12-13T10:00:00.0000000Z,89,295.61045861
2592,93.66207096,94.7293978,93.66207096,94.58764,2018-12-13T11:47:45.9000000Z,2018-12-13T11:19:26.6400000Z,2018-12-13T12:00:00.0000000Z,2018-12-13T11:00:00.0000000Z,5,1.43648163
2593,95.84030036,95.84030036,93.99000001,94.36219507,2018-12-13T12:51:20.6300000Z,2018-12-13T12:17:33.8670000Z,2018-12-13T13:00:00.0000000Z,2018-12-13T12:00:00.0000000Z,5,2.45234479
2594,95.1,95.1,95.1,95.1,2018-12-13T13:42:53.4000000Z,2018-12-13T13:16:26.7000000Z,2018-12-13T14:00:00.0000000Z,2018-12-13T13:00:00.0000000Z,3,1.0
2595,95.30789751,95.30789751,95.30789751,95.30789751,2018-12-13T14:20:04.0570000Z,2018-12-13T14:20:04.0570000Z,2018-12-13T15:00:00.0000000Z,2018-12-13T14:00:00.0000000Z,1,0.033
2596,96.10084818,96.10084818,95.06564219,95.06564219,2018-12-13T15:56:33.3470000Z,2018-12-13T15:17:41.2070000Z,2018-12-13T16:00:00.0000000Z,2018-12-13T15:00:00.0000000Z,8,8.97579408
2597,94.9,96.10074558,94.9,96.10074558,2018-12-13T16:46:03.8830000Z,2018-12-13T16:02:33.5370000Z,2018-12-13T17:00:00.0000000Z,2018-12-13T16:00:00.0000000Z,9,19.43595812
2598,94.73590314,94.73590314,94.71816725,94.71816725,2018-12-13T17:47:13.4100000Z,2018-12-13T17:29:15.1500000Z,2018-12-13T18:00:00.0000000Z,2018-12-13T17:00:00.0000000Z,2,100.26394
2599,94.73193237,94.80884651,94.73193237,94.80884651,2018-12-13T18:44:09.6200000Z,2018-12-13T18:17:46.0800000Z,2018-12-13T19:00:00.0000000Z,2018-12-13T18:00:00.0000000Z,3,1.318
2600,91.97811533,94.59168007,91.97811529,93.99,2018-12-13T19:42:44.4870000Z,2018-12-13T19:32:39.0930000Z,2018-12-13T20:00:00.0000000Z,2018-12-13T19:00:00.0000000Z,36,186.60460826
2601,91.01502735,91.97811508,90.1460183,91.97811508,2018-12-13T20:40:58.5430000Z,2018-12-13T20:22:52.4730000Z,2018-12-13T21:00:00.0000000Z,2018-12-13T20:00:00.0000000Z,10,23.33294982
2602,89.55,91.60590834,89.55,91.58616659,2018-12-13T21:41:47.2570000Z,2018-12-13T21:09:38.8370000Z,2018-12-13T22:00:00.0000000Z,2018-12-13T21:00:00.0000000Z,22,59.67118387
2603,86.63738679,88.68077851,86.63738679,88.68077851,2018-12-13T22:49:12.3930000Z,2018-12-13T22:28:12.2300000Z,2018-12-13T23:00:00.0000000Z,2018-12-13T22:00:00.0000000Z,14,85.04316862
2604,87.85104963,88.42861387,87.06713201,88.050068,2018-12-13T23:50:25.9030000Z,2018-12-13T23:09:04.4030000Z,2018-12-14T00:00:00.0000000Z,2018-12-13T23:00:00.0000000Z,11,13.11143559
2605,88.02326462,88.02326462,85.98,87.06707223,2018-12-14T00:57:31.1630000Z,2018-12-14T00:07:20.9400000Z,2018-12-14T01:00:00.0000000Z,2018-12-14T00:00:00.0000000Z,36,124.21283355
2606,89.18663215,89.18663215,87.9328412,87.93285098,2018-12-14T01:55:17.8770000Z,2018-12-14T01:15:14.2670000Z,2018-12-14T02:00:00.0000000Z,2018-12-14T01:00:00.0000000Z,12,119.54402273
2607,87.76343309,87.76343309,87.76343309,87.76343309,2018-12-14T02:15:13.5870000Z,2018-12-14T02:15:13.5870000Z,2018-12-14T03:00:00.0000000Z,2018-12-14T02:00:00.0000000Z,1,0.23744292
2608,86.20000001,87.23337152,86.20000001,87.23337152,2018-12-14T05:51:56.4570000Z,2018-12-14T05:09:05.2200000Z,2018-12-14T06:00:00.0000000Z,2018-12-14T05:00:00.0000000Z,12,39.12914553
2609,87.35845676,87.35845676,86.85030769,86.85030769,2018-12-14T06:59:56.4530000Z,2018-12-14T06:07:28.5570000Z,2018-12-14T07:00:00.0000000Z,2018-12-14T06:00:00.0000000Z,7,6.11981531
2610,87.58726555,87.58726555,86.91848464,87.35845676,2018-12-14T07:20:16.9470000Z,2018-12-14T07:03:47.3300000Z,2018-12-14T08:00:00.0000000Z,2018-12-14T07:00:00.0000000Z,3,0.65096242
2611,84.58902418,88.22339198,84.58902417,87.28675213,2018-12-14T08:59:33.9570000Z,2018-12-14T08:03:36.7770000Z,2018-12-14T09:00:00.0000000Z,2018-12-14T08:00:00.0000000Z,94,374.72143115
2612,83.99999999,84.5689942,82.8,84.44338533,2018-12-14T09:56:01.6970000Z,2018-12-14T09:02:27.4730000Z,2018-12-14T10:00:00.0000000Z,2018-12-14T09:00:00.0000000Z,134,653.53455335
2613,84.00149392,84.14057227,82.73234082,83.99999827,2018-12-14T10:59:13.1300000Z,2018-12-14T10:07:15.4370000Z,2018-12-14T11:00:00.0000000Z,2018-12-14T10:00:00.0000000Z,62,803.30458009
2614,82.51269307,83.4262451,82.51269307,83.40561779,2018-12-14T11:59:43.1070000Z,2018-12-14T11:36:24.9870000Z,2018-12-14T12:00:00.0000000Z,2018-12-14T11:00:00.0000000Z,18,144.46428847
2615,83.55536351,83.82442166,82.13942146,82.45,2018-12-14T12:45:13.3430000Z,2018-12-14T12:00:47.4830000Z,2018-12-14T13:00:00.0000000Z,2018-12-14T12:00:00.0000000Z,30,420.56511397
2616,83.55536351,83.55536351,83.55536351,83.55536351,2018-12-14T13:15:03.2770000Z,2018-12-14T13:15:03.2770000Z,2018-12-14T14:00:00.0000000Z,2018-12-14T13:00:00.0000000Z,1,1.94066516
2617,82.74731547,82.74731547,81.4879227,82.35131944,2018-12-14T14:55:30.9430000Z,2018-12-14T14:06:20.9070000Z,2018-12-14T15:00:00.0000000Z,2018-12-14T14:00:00.0000000Z,31,298.84268706
2618,82.61842746,82.61842746,81.21985479,82.0,2018-12-14T15:59:20.3300000Z,2018-12-14T15:23:36.2070000Z,2018-12-14T16:00:00.0000000Z,2018-12-14T15:00:00.0000000Z,24,78.03728264
2619,80.61830161,81.54779806,79.27583347,81.54779806,2018-12-14T16:56:43.4300000Z,2018-12-14T16:05:55.8000000Z,2018-12-14T17:00:00.0000000Z,2018-12-14T16:00:00.0000000Z,51,195.62939394
2620,80.19903415,80.86306985,80.0,80.05090842,2018-12-14T17:44:37.7000000Z,2018-12-14T17:09:35.5470000Z,2018-12-14T18:00:00.0000000Z,2018-12-14T17:00:00.0000000Z,12,44.08296058
2621,80.41276803,80.52501646,79.8514903,80.31732048,2018-12-14T18:47:14.8970000Z,2018-12-14T18:10:22.8670000Z,2018-12-14T19:00:00.0000000Z,2018-12-14T18:00:00.0000000Z,9,24.74046915
2622,80.26543929,80.3269023,79.9999,80.25438782,2018-12-14T19:36:03.0730000Z,2018-12-14T19:03:09.8600000Z,2018-12-14T20:00:00.0000000Z,2018-12-14T19:00:00.0000000Z,4,5.20192414
2623,78.505488,80.12687735,78.50548762,80.12687735,2018-12-14T20:59:48.5930000Z,2018-12-14T20:01:50.9900000Z,2018-12-14T21:00:00.0000000Z,2018-12-14T20:00:00.0000000Z,24,39.01333131
2624,77.53611469,78.79999996,76.81366213,78.505488,2018-12-14T21:56:04.1630000Z,2018-12-14T21:02:02.7670000Z,2018-12-14T22:00:00.0000000Z,2018-12-14T21:00:00.0000000Z,35,81.54998985
2625,80.0,80.34080954,78.15406051,78.15406051,2018-12-14T22:44:41.3400000Z,2018-12-14T22:01:12.2600000Z,2018-12-14T23:00:00.0000000Z,2018-12-14T22:00:00.0000000Z,18,157.59366259
2626,80.18998076,81.51082209,79.49168933,80.34081029,2018-12-14T23:58:55.4000000Z,2018-12-14T23:22:45.7430000Z,2018-12-15T00:00:00.0000000Z,2018-12-14T23:00:00.0000000Z,21,61.92755998
2627,79.50048833,79.50048833,79.15934,79.33117852,2018-12-15T00:43:13.8270000Z,2018-12-15T00:08:04.8270000Z,2018-12-15T01:00:00.0000000Z,2018-12-15T00:00:00.0000000Z,14,56.86895797
2628,80.29337766,80.68633925,79.77423507,80.07711365,2018-12-15T01:56:31.1200000Z,2018-12-15T01:10:05.9470000Z,2018-12-15T02:00:00.0000000Z,2018-12-15T01:00:00.0000000Z,40,275.19364778
2629,80.09950237,80.49884969,79.18215625,80.49884933,2018-12-15T02:42:06.5470000Z,2018-12-15T02:06:37.1570000Z,2018-12-15T03:00:00.0000000Z,2018-12-15T02:00:00.0000000Z,20,264.86137654
2630,80.90283144,80.90283144,80.13378641,80.13379015,2018-12-15T03:51:28.7300000Z,2018-12-15T03:03:40.2570000Z,2018-12-15T04:00:00.0000000Z,2018-12-15T03:00:00.0000000Z,20,70.6211077
2631,81.32866579,82.07558011,81.08750541,81.08750541,2018-12-15T04:51:57.7100000Z,2018-12-15T04:09:06.0030000Z,2018-12-15T05:00:00.0000000Z,2018-12-15T04:00:00.0000000Z,18,85.33529722
2632,80.62678914,80.81562972,80.53108674,80.81562972,2018-12-15T05:41:13.3230000Z,2018-12-15T05:17:13.2030000Z,2018-12-15T06:00:00.0000000Z,2018-12-15T05:00:00.0000000Z,3,10.40095245
2633,80.8282791,80.8282791,80.8282791,80.8282791,2018-12-15T06:05:19.9400000Z,2018-12-15T06:03:21.7500000Z,2018-12-15T07:00:00.0000000Z,2018-12-15T06:00:00.0000000Z,2,12.54709589
2634,79.19715193,79.831476,79.10924516,79.831476,2018-12-15T07:59:56.1930000Z,2018-12-15T07:11:26.0170000Z,2018-12-15T08:00:00.0000000Z,2018-12-15T07:00:00.0000000Z,9,13.0466007
2635,79.43059399,79.43059402,79.19715191,79.19715191,2018-12-15T08:39:49.7100000Z,2018-12-15T08:04:30.5070000Z,2018-12-15T09:00:00.0000000Z,2018-12-15T08:00:00.0000000Z,9,22.498704
2636,76.55142448,78.34162068,76.55142448,78.34162068,2018-12-15T09:59:46.7270000Z,2018-12-15T09:21:16.3030000Z,2018-12-15T10:00:00.0000000Z,2018-12-15T09:00:00.0000000Z,90,430.89416888
2637,76.52651633,77.02720847,76.05706454,76.92171437,2018-12-15T10:59:14.2500000Z,2018-12-15T10:03:26.6630000Z,2018-12-15T11:00:00.0000000Z,2018-12-15T10:00:00.0000000Z,38,99.41496331
2638,77.69870204,77.89497234,76.84041193,76.84041193,2018-12-15T11:54:24.0070000Z,2018-12-15T11:09:00.2530000Z,2018-12-15T12:00:00.0000000Z,2018-12-15T11:00:00.0000000Z,14,29.47247989
2639,76.6084084,77.54911305,76.50668361,77.1371831,2018-12-15T12:55:06.0800000Z,2018-12-15T12:00:47.1030000Z,2018-12-15T13:00:00.0000000Z,2018-12-15T12:00:00.0000000Z,20,88.5163431
2640,75.0,76.72291794,75.0,76.64481034,2018-12-15T13:51:50.9800000Z,2018-12-15T13:03:08.4270000Z,2018-12-15T14:00:00.0000000Z,2018-12-15T13:00:00.0000000Z,21,58.32837878
2641,75.93463285,75.93463285,75.23400013,75.23400013,2018-12-15T14:53:27.9100000Z,2018-12-15T14:22:30.1770000Z,2018-12-15T15:00:00.0000000Z,2018-12-15T14:00:00.0000000Z,4,6.0
2642,74.00000015,75.0,74.00000015,75.0,2018-12-15T15:53:13.9800000Z,2018-12-15T15:20:47.8430000Z,2018-12-15T16:00:00.0000000Z,2018-12-15T15:00:00.0000000Z,18,62.87278417
2643,76.0,76.0,74.55365761,74.55365761,2018-12-15T16:59:35.3070000Z,2018-12-15T16:00:13.5300000Z,2018-12-15T17:00:00.0000000Z,2018-12-15T16:00:00.0000000Z,28,28.23605985
2644,76.26437892,76.26437892,75.63219661,75.63219662,2018-12-15T17:41:51.0570000Z,2018-12-15T17:26:37.9100000Z,2018-12-15T18:00:00.0000000Z,2018-12-15T17:00:00.0000000Z,6,47.41495111
2645,75.81642107,76.50838088,75.52778988,76.0982247,2018-12-15T18:25:01.2630000Z,2018-12-15T18:04:47.7700000Z,2018-12-15T19:00:00.0000000Z,2018-12-15T18:00:00.0000000Z,9,18.96861692
2646,76.47248652,76.55932654,75.81642107,75.81642107,2018-12-15T19:54:28.0970000Z,2018-12-15T19:04:13.8870000Z,2018-12-15T20:00:00.0000000Z,2018-12-15T19:00:00.0000000Z,18,54.59231426
2647,77.56807419,77.56807419,76.76812269,76.76812269,2018-12-15T20:48:31.6970000Z,2018-12-15T20:21:21.1070000Z,2018-12-15T21:00:00.0000000Z,2018-12-15T20:00:00.0000000Z,11,36.2354888
2648,78.047268,78.047268,77.63050855,77.63050855,2018-12-15T21:51:21.0970000Z,2018-12-15T21:10:36.3300000Z,2018-12-15T22:00:00.0000000Z,2018-12-15T21:00:00.0000000Z,25,24.16985073
2649,77.2,78.58692137,77.2,78.58692137,2018-12-15T22:59:26.6570000Z,2018-12-15T22:02:17.2270000Z,2018-12-15T23:00:00.0000000Z,2018-12-15T22:00:00.0000000Z,3,2.19349025
2650,76.86602452,77.2,76.77085779,77.2,2018-12-15T23:45:13.0630000Z,2018-12-15T23:00:11.3770000Z,2018-12-16T00:00:00.0000000Z,2018-12-15T23:00:00.0000000Z,7,10.77223894
2651,78.35224347,78.35224347,77.86445918,77.86445918,2018-12-16T00:55:12.3130000Z,2018-12-16T00:52:51.1230000Z,2018-12-16T01:00:00.0000000Z,2018-12-16T00:00:00.0000000Z,9,2.70873255
2652,80.15271661,82.011315,78.39328625,78.39328628,2018-12-16T01:54:43.7270000Z,2018-12-16T01:01:01.6900000Z,2018-12-16T02:00:00.0000000Z,2018-12-16T01:00:00.0000000Z,68,145.675733
2653,80.82462176,81.899977,80.4,80.4,2018-12-16T02:50:00.7200000Z,2018-12-16T02:00:20.1500000Z,2018-12-16T03:00:00.0000000Z,2018-12-16T02:00:00.0000000Z,19,35.58887771
2654,80.65954321,81.88980813,80.65954321,81.55393623,2018-12-16T03:33:49.5330000Z,2018-12-16T03:12:49.8530000Z,2018-12-16T04:00:00.0000000Z,2018-12-16T03:00:00.0000000Z,22,362.0300157
2655,82.39999998,82.39999998,81.25529319,81.25529319,2018-12-16T04:25:23.6630000Z,2018-12-16T04:02:53.7030000Z,2018-12-16T05:00:00.0000000Z,2018-12-16T04:00:00.0000000Z,36,16.18153118
2656,81.7,81.75,81.25,81.74128835,2018-12-16T05:55:57.4530000Z,2018-12-16T05:12:27.2930000Z,2018-12-16T06:00:00.0000000Z,2018-12-16T05:00:00.0000000Z,22,31.65391208
2657,82.39995397,82.39995397,81.25004227,81.7,2018-12-16T06:41:14.7500000Z,2018-12-16T06:09:35.3000000Z,2018-12-16T07:00:00.0000000Z,2018-12-16T06:00:00.0000000Z,9,3.00127334
2658,79.53439562,82.39920126,79.5343956,81.46129081,2018-12-16T07:48:03.9330000Z,2018-12-16T07:04:24.5270000Z,2018-12-16T08:00:00.0000000Z,2018-12-16T07:00:00.0000000Z,19,70.66307975
2659,79.29287268,80.09094268,79.29287268,79.534396,2018-12-16T08:59:49.9330000Z,2018-12-16T08:12:14.7100000Z,2018-12-16T09:00:00.0000000Z,2018-12-16T08:00:00.0000000Z,50,382.17871933
2660,79.51064155,79.51064155,79.07888881,79.1341384,2018-12-16T09:27:13.1600000Z,2018-12-16T09:09:20.3570000Z,2018-12-16T10:00:00.0000000Z,2018-12-16T09:00:00.0000000Z,6,1.6187659
2661,80.59201315,80.59201315,80.07054369,80.09094268,2018-12-16T10:46:41.9000000Z,2018-12-16T10:06:03.4770000Z,2018-12-16T11:00:00.0000000Z,2018-12-16T10:00:00.0000000Z,17,77.51210675
2662,80.18155295,80.18155295,79.95220522,79.95220522,2018-12-16T11:21:48.3030000Z,2018-12-16T11:02:01.8400000Z,2018-12-16T12:00:00.0000000Z,2018-12-16T11:00:00.0000000Z,6,0.5204036400000001
2663,80.59913182,81.43301776,80.59913182,80.9,2018-12-16T12:47:14.0900000Z,2018-12-16T12:29:01.8930000Z,2018-12-16T13:00:00.0000000Z,2018-12-16T12:00:00.0000000Z,7,8.017176
2664,79.98,79.98000009,79.98,79.98000009,2018-12-16T13:39:26.6730000Z,2018-12-16T13:04:37.4570000Z,2018-12-16T14:00:00.0000000Z,2018-12-16T13:00:00.0000000Z,5,1.6752778400000001
2665,79.0,79.84294747,79.0,79.84294747,2018-12-16T14:57:35.9230000Z,2018-12-16T14:07:14.0900000Z,2018-12-16T15:00:00.0000000Z,2018-12-16T14:00:00.0000000Z,239,35.11364492
2666,80.20226759,80.20226759,79.32689077,79.32689077,2018-12-16T15:59:48.3700000Z,2018-12-16T15:09:34.9300000Z,2018-12-16T16:00:00.0000000Z,2018-12-16T15:00:00.0000000Z,6,9.80970308
2667,80.01407272,80.64476615,80.01407272,80.55045728,2018-12-16T16:54:40.8630000Z,2018-12-16T16:23:00.5370000Z,2018-12-16T17:00:00.0000000Z,2018-12-16T16:00:00.0000000Z,31,391.98563024
2668,79.55016513,80.34480332,79.55016513,80.34480332,2018-12-16T17:58:04.7030000Z,2018-12-16T17:00:00.7230000Z,2018-12-16T18:00:00.0000000Z,2018-12-16T17:00:00.0000000Z,2,1.51774035
2669,80.4095037,80.4095037,79.69032767,79.69032767,2018-12-16T18:52:42.1170000Z,2018-12-16T18:33:08.5470000Z,2018-12-16T19:00:00.0000000Z,2018-12-16T18:00:00.0000000Z,2,3.595799
2670,80.49863589,81.14831219,80.40950157,80.40950157,2018-12-16T19:43:52.8100000Z,2018-12-16T19:10:33.2970000Z,2018-12-16T20:00:00.0000000Z,2018-12-16T19:00:00.0000000Z,13,120.51629031
2671,80.0,80.3,80.0,80.3,2018-12-16T20:42:19.2870000Z,2018-12-16T20:19:41.8400000Z,2018-12-16T21:00:00.0000000Z,2018-12-16T20:00:00.0000000Z,9,104.89959823
2672,79.20000399,79.20000751,79.20000399,79.20000751,2018-12-16T22:15:52.6870000Z,2018-12-16T22:14:00.9030000Z,2018-12-16T23:00:00.0000000Z,2018-12-16T22:00:00.0000000Z,5,9.36025889
2673,79.5,79.5,79.5,79.5,2018-12-16T23:04:35.2830000Z,2018-12-16T23:04:35.2830000Z,2018-12-17T00:00:00.0000000Z,2018-12-16T23:00:00.0000000Z,1,0.4
2674,80.27758623,80.27758623,79.70147374,79.70147374,2018-12-17T00:44:37.5130000Z,2018-12-17T00:11:42.2330000Z,2018-12-17T01:00:00.0000000Z,2018-12-17T00:00:00.0000000Z,3,29.71361268
2675,79.90674954,79.90674954,79.90674954,79.90674954,2018-12-17T01:37:56.0030000Z,2018-12-17T01:37:56.0030000Z,2018-12-17T02:00:00.0000000Z,2018-12-17T01:00:00.0000000Z,1,4.0
2676,79.10401598,79.10401598,79.10401598,79.10401598,2018-12-17T02:54:33.2530000Z,2018-12-17T02:54:33.2530000Z,2018-12-17T03:00:00.0000000Z,2018-12-17T02:00:00.0000000Z,1,4.78488706
2677,80.26047992,80.26047992,79.11540593,79.11540593,2018-12-17T03:56:34.8570000Z,2018-12-17T03:05:26.1800000Z,2018-12-17T04:00:00.0000000Z,2018-12-17T03:00:00.0000000Z,3,13.98528193
2678,79.65172216,79.65172216,79.36646325,79.36646325,2018-12-17T04:43:13.7200000Z,2018-12-17T04:37:24.5800000Z,2018-12-17T05:00:00.0000000Z,2018-12-17T04:00:00.0000000Z,2,15.12954304
2679,79.36646325,79.36646325,79.36646325,79.36646325,2018-12-17T05:53:07.6570000Z,2018-12-17T05:24:13.2230000Z,2018-12-17T06:00:00.0000000Z,2018-12-17T05:00:00.0000000Z,89,411.76467145
2680,80.464701,80.46470113,80.31185449,80.31185449,2018-12-17T07:57:24.9270000Z,2018-12-17T07:03:16.1230000Z,2018-12-17T08:00:00.0000000Z,2018-12-17T07:00:00.0000000Z,9,23.65268679
2681,80.9,81.0,80.7,81.0,2018-12-17T08:31:06.0970000Z,2018-12-17T08:02:31.2700000Z,2018-12-17T09:00:00.0000000Z,2018-12-17T08:00:00.0000000Z,19,158.05122106
2682,81.2679596,81.2679596,80.98802506,81.2679596,2018-12-17T09:56:42.7100000Z,2018-12-17T09:27:45.9630000Z,2018-12-17T10:00:00.0000000Z,2018-12-17T09:00:00.0000000Z,9,29.69306145
2683,80.59077212,80.59077212,80.59077212,80.59077212,2018-12-17T10:10:04.4330000Z,2018-12-17T10:10:04.4330000Z,2018-12-17T11:00:00.0000000Z,2018-12-17T10:00:00.0000000Z,1,5.26098514
2684,80.12707008,80.3901959,80.12707008,80.20000698,2018-12-17T11:53:27.1170000Z,2018-12-17T11:08:02.3030000Z,2018-12-17T12:00:00.0000000Z,2018-12-17T11:00:00.0000000Z,9,108.74733015
2685,86.19676582,87.55174791,80.98356926,81.0,2018-12-17T12:57:58.8000000Z,2018-12-17T12:08:34.2630000Z,2018-12-17T13:00:00.0000000Z,2018-12-17T12:00:00.0000000Z,92,289.76017285
2686,85.18627639,87.30274446,84.18744389,86.0,2018-12-17T13:56:17.8400000Z,2018-12-17T13:00:53.9730000Z,2018-12-17T14:00:00.0000000Z,2018-12-17T13:00:00.0000000Z,70,485.33353788
2687,85.0,85.95152825,84.66733257,85.18625593,2018-12-17T14:57:23.0530000Z,2018-12-17T14:12:00.6730000Z,2018-12-17T15:00:00.0000000Z,2018-12-17T14:00:00.0000000Z,11,30.71471394
2688,86.73474295,86.73474295,85.56998553,85.57,2018-12-17T15:54:22.6700000Z,2018-12-17T15:08:34.4630000Z,2018-12-17T16:00:00.0000000Z,2018-12-17T15:00:00.0000000Z,18,31.26614039
2689,87.6248459,88.9,87.07084027,87.07084027,2018-12-17T16:58:42.6970000Z,2018-12-17T16:01:48.5800000Z,2018-12-17T17:00:00.0000000Z,2018-12-17T16:00:00.0000000Z,53,192.71830474
2690,87.52476959,88.79989999,87.52471111,88.02834622,2018-12-17T17:56:34.6600000Z,2018-12-17T17:00:33.6500000Z,2018-12-17T18:00:00.0000000Z,2018-12-17T17:00:00.0000000Z,7,5.52265824
2691,89.94999984,89.95,87.5,88.07845678,2018-12-17T18:53:26.4300000Z,2018-12-17T18:04:17.8000000Z,2018-12-17T19:00:00.0000000Z,2018-12-17T18:00:00.0000000Z,35,77.28841307
2692,89.999999,90.24441964,88.28478055,89.94999985,2018-12-17T19:58:18.0370000Z,2018-12-17T19:00:41.5270000Z,2018-12-17T20:00:00.0000000Z,2018-12-17T19:00:00.0000000Z,32,86.68161019
2693,90.07607194,91.0,89.72572307,89.99998994,2018-12-17T20:45:05.7270000Z,2018-12-17T20:16:34.2770000Z,2018-12-17T21:00:00.0000000Z,2018-12-17T20:00:00.0000000Z,24,26.18557092
2694,87.65636623,90.90716054,87.65636623,90.90716054,2018-12-17T21:45:13.3770000Z,2018-12-17T21:02:16.3770000Z,2018-12-17T22:00:00.0000000Z,2018-12-17T21:00:00.0000000Z,11,19.92812531
2695,88.39890181,88.7921143,87.94984975,88.38070875,2018-12-17T22:59:10.3300000Z,2018-12-17T22:07:25.6500000Z,2018-12-17T23:00:00.0000000Z,2018-12-17T22:00:00.0000000Z,9,11.99710619
2696,88.84145644,89.062,87.50038074,87.50038074,2018-12-17T23:48:39.5370000Z,2018-12-17T23:12:30.6300000Z,2018-12-18T00:00:00.0000000Z,2018-12-17T23:00:00.0000000Z,8,6.34833612
2697,89.33658036,89.33658036,88.3611456,88.3611456,2018-12-18T00:41:39.5730000Z,2018-12-18T00:01:56.4800000Z,2018-12-18T01:00:00.0000000Z,2018-12-18T00:00:00.0000000Z,11,28.61855629
2698,88.36114604,88.36114615,88.36114604,88.36114615,2018-12-18T01:21:38.7000000Z,2018-12-18T01:06:52.9130000Z,2018-12-18T02:00:00.0000000Z,2018-12-18T01:00:00.0000000Z,2,14.11274648
2699,88.83441536,89.01154835,88.36114604,88.36114604,2018-12-18T02:29:50.4630000Z,2018-12-18T02:04:16.8430000Z,2018-12-18T03:00:00.0000000Z,2018-12-18T02:00:00.0000000Z,10,3.88687434
2700,89.01154835,89.01154835,89.01154835,89.01154835,2018-12-18T03:49:58.5900000Z,2018-12-18T03:13:14.7300000Z,2018-12-18T04:00:00.0000000Z,2018-12-18T03:00:00.0000000Z,8,8.72248589
2701,89.69792001,89.69792004,89.69792001,89.69792004,2018-12-18T04:23:51.4470000Z,2018-12-18T04:23:51.4470000Z,2018-12-18T05:00:00.0000000Z,2018-12-18T04:00:00.0000000Z,2,0.03901985
2702,88.36114604,88.78968706,88.36114604,88.78968706,2018-12-18T05:56:45.7030000Z,2018-12-18T05:12:25.5430000Z,2018-12-18T06:00:00.0000000Z,2018-12-18T05:00:00.0000000Z,8,6.29879127
2703,88.00000577,88.00000577,88.0,88.0,2018-12-18T06:31:36.6700000Z,2018-12-18T06:31:04.1870000Z,2018-12-18T07:00:00.0000000Z,2018-12-18T06:00:00.0000000Z,8,33.67250739
2704,88.89,88.89,88.10028604,88.72156477,2018-12-18T07:52:05.7670000Z,2018-12-18T07:14:16.6870000Z,2018-12-18T08:00:00.0000000Z,2018-12-18T07:00:00.0000000Z,10,10.66151164
2705,86.73612949,88.89,85.78921854,88.89,2018-12-18T08:56:31.9330000Z,2018-12-18T08:04:38.1000000Z,2018-12-18T09:00:00.0000000Z,2018-12-18T08:00:00.0000000Z,13,2.44809932
2706,85.88319534,86.71727445,85.09066356,86.34652315,2018-12-18T09:57:52.5830000Z,2018-12-18T09:04:44.4830000Z,2018-12-18T10:00:00.0000000Z,2018-12-18T09:00:00.0000000Z,34,142.4742714
2707,86.15110606,86.15110606,85.12905402,85.7483769,2018-12-18T10:48:18.0730000Z,2018-12-18T10:04:06.5070000Z,2018-12-18T11:00:00.0000000Z,2018-12-18T10:00:00.0000000Z,14,122.13156303
2708,86.3,86.3,85.77991422,85.77991422,2018-12-18T11:57:33.1630000Z,2018-12-18T11:40:28.1870000Z,2018-12-18T12:00:00.0000000Z,2018-12-18T11:00:00.0000000Z,6,9.07396671
2709,85.99085958,86.3,85.87241463,86.3,2018-12-18T12:59:48.8000000Z,2018-12-18T12:00:24.1800000Z,2018-12-18T13:00:00.0000000Z,2018-12-18T12:00:00.0000000Z,6,7.73350223
2710,87.77927448,88.78972634,85.57250519,85.57250519,2018-12-18T13:54:27.4130000Z,2018-12-18T13:06:08.5370000Z,2018-12-18T14:00:00.0000000Z,2018-12-18T13:00:00.0000000Z,31,78.46089552
2711,89.18924711,89.18924711,87.20016207,87.77926283,2018-12-18T14:50:57.8730000Z,2018-12-18T14:04:54.5270000Z,2018-12-18T15:00:00.0000000Z,2018-12-18T14:00:00.0000000Z,25,77.06883152
2712,91.54591262,94.01668559,87.78286411,87.78286411,2018-12-18T15:59:46.6200000Z,2018-12-18T15:11:12.7900000Z,2018-12-18T16:00:00.0000000Z,2018-12-18T15:00:00.0000000Z,207,404.37243114
2713,103.0,103.0,93.15286326,93.15286326,2018-12-18T16:59:57.4300000Z,2018-12-18T16:11:25.6100000Z,2018-12-18T17:00:00.0000000Z,2018-12-18T16:00:00.0000000Z,478,1717.75325737
2714,100.0,104.08174971,98.76343937,103.3605,2018-12-18T17:58:41.9830000Z,2018-12-18T17:00:27.1630000Z,2018-12-18T18:00:00.0000000Z,2018-12-18T17:00:00.0000000Z,447,3534.2241008
2715,97.0,100.89976075,96.67356396,99.95565272,2018-12-18T18:59:59.8670000Z,2018-12-18T18:01:22.7970000Z,2018-12-18T19:00:00.0000000Z,2018-12-18T18:00:00.0000000Z,165,1004.38341473
2716,99.9574,100.60496182,95.85279561,97.0,2018-12-18T19:58:40.5000000Z,2018-12-18T19:00:00.5870000Z,2018-12-18T20:00:00.0000000Z,2018-12-18T19:00:00.0000000Z,330,2628.01565281
2717,97.0,100.85115134,97.0,99.4000159,2018-12-18T20:41:53.5970000Z,2018-12-18T20:00:04.9700000Z,2018-12-18T21:00:00.0000000Z,2018-12-18T20:00:00.0000000Z,46,14.91689565
2718,99.99999999,100.651149,97.44217017,97.44217017,2018-12-18T21:39:24.9630000Z,2018-12-18T21:00:25.6200000Z,2018-12-18T22:00:00.0000000Z,2018-12-18T21:00:00.0000000Z,59,96.80351947
2719,102.50380378,103.86307599,99.80423277,100.0,2018-12-18T22:57:37.8730000Z,2018-12-18T22:02:51.0830000Z,2018-12-18T23:00:00.0000000Z,2018-12-18T22:00:00.0000000Z,52,75.73934818
2720,103.85,104.99999999,101.9041832,101.9041832,2018-12-18T23:56:11.3170000Z,2018-12-18T23:02:23.9200000Z,2018-12-19T00:00:00.0000000Z,2018-12-18T23:00:00.0000000Z,74,180.81725788
2721,102.64307787,103.85,101.18799724,103.85,2018-12-19T00:56:57.7800000Z,2018-12-19T00:03:04.5530000Z,2018-12-19T01:00:00.0000000Z,2018-12-19T00:00:00.0000000Z,32,51.65880633
2722,112.65981826,115.91804875,102.61088362,102.61088362,2018-12-19T01:59:35.5870000Z,2018-12-19T01:02:46.7030000Z,2018-12-19T02:00:00.0000000Z,2018-12-19T01:00:00.0000000Z,504,3581.38333698
2723,115.48778917,116.12,109.67171896,112.0,2018-12-19T02:59:50.9870000Z,2018-12-19T02:02:17.3370000Z,2018-12-19T03:00:00.0000000Z,2018-12-19T02:00:00.0000000Z,83,212.4832049
2724,114.29350972,118.59862208,113.52107421,113.98988118,2018-12-19T03:59:26.6330000Z,2018-12-19T03:00:09.1900000Z,2018-12-19T04:00:00.0000000Z,2018-12-19T03:00:00.0000000Z,122,378.87418723
2725,112.14610018,114.36195325,111.02754715,113.55680722,2018-12-19T04:59:52.8330000Z,2018-12-19T04:00:54.2600000Z,2018-12-19T05:00:00.0000000Z,2018-12-19T04:00:00.0000000Z,51,108.42713797
2726,114.30984205,114.30986736,112.03405925,112.25555,2018-12-19T05:57:55.5930000Z,2018-12-19T05:02:30.6930000Z,2018-12-19T06:00:00.0000000Z,2018-12-19T05:00:00.0000000Z,35,108.837246
2727,114.78302593,115.60001188,113.42322045,114.3098422,2018-12-19T06:56:35.9000000Z,2018-12-19T06:00:16.9070000Z,2018-12-19T07:00:00.0000000Z,2018-12-19T06:00:00.0000000Z,73,271.66286654
2728,111.00442421,114.02118091,111.00000255,114.02118089,2018-12-19T07:58:21.1970000Z,2018-12-19T07:04:49.2930000Z,2018-12-19T08:00:00.0000000Z,2018-12-19T07:00:00.0000000Z,32,43.03302318
2729,113.01687933,113.01687933,110.20965739,111.84443275,2018-12-19T08:52:55.0700000Z,2018-12-19T08:11:04.6030000Z,2018-12-19T09:00:00.0000000Z,2018-12-19T08:00:00.0000000Z,27,99.4069466
2730,114.25873498,116.30832587,112.79032756,112.79032756,2018-12-19T09:59:04.6030000Z,2018-12-19T09:05:02.6630000Z,2018-12-19T10:00:00.0000000Z,2018-12-19T09:00:00.0000000Z,49,134.8140974
2731,115.32955416,116.59255203,112.59191058,114.17389469,2018-12-19T10:59:55.6800000Z,2018-12-19T10:01:21.4470000Z,2018-12-19T11:00:00.0000000Z,2018-12-19T10:00:00.0000000Z,45,277.88009567
2732,117.0,117.9999766,115.00818907,115.00818907,2018-12-19T11:59:11.8070000Z,2018-12-19T11:00:24.5400000Z,2018-12-19T12:00:00.0000000Z,2018-12-19T11:00:00.0000000Z,69,258.1027484
2733,121.84785857,123.99067506,114.76281945,116.99999997,2018-12-19T12:59:53.2000000Z,2018-12-19T12:01:54.3200000Z,2018-12-19T13:00:00.0000000Z,2018-12-19T12:00:00.0000000Z,218,1519.08403633
2734,121.13277288,126.99999998,120.51599892,122.131,2018-12-19T13:57:28.6370000Z,2018-12-19T13:00:12.9970000Z,2018-12-19T14:00:00.0000000Z,2018-12-19T13:00:00.0000000Z,239,520.15326663
2735,118.54389757,124.00127367,118.29189203,122.57029974,2018-12-19T14:57:12.4500000Z,2018-12-19T14:00:48.0270000Z,2018-12-19T15:00:00.0000000Z,2018-12-19T14:00:00.0000000Z,114,260.2549743
2736,120.60486933,121.05580244,118.03804977,119.164,2018-12-19T15:58:10.1230000Z,2018-12-19T15:01:58.5930000Z,2018-12-19T16:00:00.0000000Z,2018-12-19T15:00:00.0000000Z,64,361.75823702
2737,131.92414024,132.44678142,119.95772193,120.3908273,2018-12-19T16:59:55.9370000Z,2018-12-19T16:01:15.7970000Z,2018-12-19T17:00:00.0000000Z,2018-12-19T16:00:00.0000000Z,204,509.69880275
2738,139.77594424,144.86670437,130.32066179,132.1177977,2018-12-19T17:59:44.0470000Z,2018-12-19T17:00:00.6100000Z,2018-12-19T18:00:00.0000000Z,2018-12-19T17:00:00.0000000Z,304,873.81357524
2739,138.51475106,140.0795178,134.88,140.0795178,2018-12-19T18:51:22.7930000Z,2018-12-19T18:00:46.8130000Z,2018-12-19T19:00:00.0000000Z,2018-12-19T18:00:00.0000000Z,84,197.08873663
2740,137.02418557,143.24508851,137.02418557,137.51727663,2018-12-19T19:58:14.8770000Z,2018-12-19T19:02:42.0500000Z,2018-12-19T20:00:00.0000000Z,2018-12-19T19:00:00.0000000Z,139,504.82631484
2741,131.496,138.33316564,127.5,138.33316564,2018-12-19T20:59:38.4100000Z,2018-12-19T20:00:20.0000000Z,2018-12-19T21:00:00.0000000Z,2018-12-19T20:00:00.0000000Z,174,594.26719987
2742,125.5,133.0,124.14502943,133.0,2018-12-19T21:58:41.8300000Z,2018-12-19T21:02:30.8330000Z,2018-12-19T22:00:00.0000000Z,2018-12-19T21:00:00.0000000Z,91,299.53656695
2743,131.2566545,132.1858565,125.37094227,125.49999983,2018-12-19T22:58:17.6800000Z,2018-12-19T22:00:10.1600000Z,2018-12-19T23:00:00.0000000Z,2018-12-19T22:00:00.0000000Z,45,80.09868046
2744,125.62537407,137.5,125.52621088,132.85008472,2018-12-19T23:59:40.8500000Z,2018-12-19T23:01:42.1330000Z,2018-12-20T00:00:00.0000000Z,2018-12-19T23:00:00.0000000Z,100,633.56929932
2745,133.03359303,136.92508451,121.32657212,124.15997562,2018-12-20T00:58:09.3200000Z,2018-12-20T00:01:10.8800000Z,2018-12-20T01:00:00.0000000Z,2018-12-20T00:00:00.0000000Z,493,812.03132421
2746,135.90000623,143.23999999,131.36520841,131.36520841,2018-12-20T01:59:28.2900000Z,2018-12-20T01:04:11.6470000Z,2018-12-20T02:00:00.0000000Z,2018-12-20T01:00:00.0000000Z,99,267.06092565
2747,138.0,142.5,135.35000001,140.0,2018-12-20T02:55:50.7430000Z,2018-12-20T02:02:46.5570000Z,2018-12-20T03:00:00.0000000Z,2018-12-20T02:00:00.0000000Z,82,279.66596752
2748,136.39999983,138.69999978,133.38459645,138.47591883,2018-12-20T03:57:27.0070000Z,2018-12-20T03:00:25.1500000Z,2018-12-20T04:00:00.0000000Z,2018-12-20T03:00:00.0000000Z,79,203.38319571
2749,136.99999353,138.99999999,134.50000001,135.0,2018-12-20T04:57:55.9000000Z,2018-12-20T04:00:14.9930000Z,2018-12-20T05:00:00.0000000Z,2018-12-20T04:00:00.0000000Z,96,226.69902797
2750,132.06643293,138.44999949,130.0,136.41505007,2018-12-20T05:54:42.1930000Z,2018-12-20T05:00:35.1970000Z,2018-12-20T06:00:00.0000000Z,2018-12-20T05:00:00.0000000Z,88,353.50757487
2751,133.2,134.84378013,130.32028191,130.32028191,2018-12-20T06:59:55.0700000Z,2018-12-20T06:08:02.1500000Z,2018-12-20T07:00:00.0000000Z,2018-12-20T06:00:00.0000000Z,57,84.92917434
2752,137.89857299,137.89857299,131.34259824,132.83945665,2018-12-20T07:57:44.5070000Z,2018-12-20T07:03:45.0570000Z,2018-12-20T08:00:00.0000000Z,2018-12-20T07:00:00.0000000Z,47,60.30222853
2753,149.80281237,150.48344043,138.39994998,138.39994998,2018-12-20T08:57:25.7430000Z,2018-12-20T08:01:53.3670000Z,2018-12-20T09:00:00.0000000Z,2018-12-20T08:00:00.0000000Z,290,996.53450867
2754,156.30005677,160.99999999,148.0,148.0,2018-12-20T09:59:09.6970000Z,2018-12-20T09:00:31.7130000Z,2018-12-20T10:00:00.0000000Z,2018-12-20T09:00:00.0000000Z,346,745.2765254
2755,159.99999396,159.99999396,154.21232766,157.9,2018-12-20T10:58:46.1330000Z,2018-12-20T10:00:52.2730000Z,2018-12-20T11:00:00.0000000Z,2018-12-20T10:00:00.0000000Z,143,399.20683092
2756,160.59869725,163.99999999,155.68580399,160.0,2018-12-20T11:58:34.7430000Z,2018-12-20T11:00:27.8200000Z,2018-12-20T12:00:00.0000000Z,2018-12-20T11:00:00.0000000Z,185,587.24275464
2757,166.43331599,167.88219968,160.49198786,160.72568478,2018-12-20T12:56:21.5700000Z,2018-12-20T12:01:35.8870000Z,2018-12-20T13:00:00.0000000Z,2018-12-20T12:00:00.0000000Z,112,152.16223267
2758,164.01942019,170.66979997,159.440878,167.0,2018-12-20T13:59:08.7270000Z,2018-12-20T13:00:19.5870000Z,2018-12-20T14:00:00.0000000Z,2018-12-20T13:00:00.0000000Z,434,1332.2268652
2759,171.0,171.0,162.27276524,163.01946819,2018-12-20T14:58:14.5700000Z,2018-12-20T14:02:44.6500000Z,2018-12-20T15:00:00.0000000Z,2018-12-20T14:00:00.0000000Z,107,460.26429233
2760,181.00000001,184.0,168.62723938,170.9133936,2018-12-20T15:57:20.9170000Z,2018-12-20T15:00:05.1200000Z,2018-12-20T16:00:00.0000000Z,2018-12-20T15:00:00.0000000Z,356,890.82154949
2761,193.99999229,199.39315211,181.02696927,181.02696927,2018-12-20T16:59:01.5300000Z,2018-12-20T16:00:31.0570000Z,2018-12-20T17:00:00.0000000Z,2018-12-20T16:00:00.0000000Z,799,1339.29734931
2762,177.69394603,194.822658,170.81295004,191.00000049,2018-12-20T17:59:59.6200000Z,2018-12-20T17:00:44.4500000Z,2018-12-20T18:00:00.0000000Z,2018-12-20T17:00:00.0000000Z,525,937.71840679
2763,173.36698184,184.82084324,171.62248721,179.18503797,2018-12-20T18:58:17.0270000Z,2018-12-20T18:00:15.9800000Z,2018-12-20T19:00:00.0000000Z,2018-12-20T18:00:00.0000000Z,156,244.52631642
2764,178.97045622,183.61331981,174.0,174.44837158,2018-12-20T19:59:47.7770000Z,2018-12-20T19:00:08.2130000Z,2018-12-20T20:00:00.0000000Z,2018-12-20T19:00:00.0000000Z,110,261.36651929
2765,170.93340219,180.38655085,169.02206725,179.99999974,2018-12-20T20:58:47.2000000Z,2018-12-20T20:00:52.0100000Z,2018-12-20T21:00:00.0000000Z,2018-12-20T20:00:00.0000000Z,172,682.75275816
2766,189.0,189.52801638,170.79480012,170.79480012,2018-12-20T21:59:59.0130000Z,2018-12-20T21:02:06.6400000Z,2018-12-20T22:00:00.0000000Z,2018-12-20T21:00:00.0000000Z,124,335.25137046
2767,192.30049408,194.83499911,186.91529309,189.0,2018-12-20T22:55:48.1700000Z,2018-12-20T22:00:37.4030000Z,2018-12-20T23:00:00.0000000Z,2018-12-20T22:00:00.0000000Z,146,407.90046137
2768,192.4006769,192.90999975,181.426,191.59996266,2018-12-20T23:59:50.6070000Z,2018-12-20T23:00:03.8400000Z,2018-12-21T00:00:00.0000000Z,2018-12-20T23:00:00.0000000Z,79,164.31464716
2769,217.10550604,225.0,184.78253035,188.38252312,2018-12-21T00:59:49.5900000Z,2018-12-21T00:01:01.8230000Z,2018-12-21T01:00:00.0000000Z,2018-12-21T00:00:00.0000000Z,1121,2056.53733452
2770,223.85694658,229.00000924,208.7322431,219.99999999,2018-12-21T01:57:10.4500000Z,2018-12-21T01:00:24.4200000Z,2018-12-21T02:00:00.0000000Z,2018-12-21T01:00:00.0000000Z,549,883.56385029
2771,216.5587959,227.20049934,203.53440623,223.84688198,2018-12-21T02:58:06.1100000Z,2018-12-21T02:00:48.6700000Z,2018-12-21T03:00:00.0000000Z,2018-12-21T02:00:00.0000000Z,307,493.75298917
2772,210.30139,217.22407528,197.60000001,216.5587959,2018-12-21T03:57:31.0000000Z,2018-12-21T03:00:27.0770000Z,2018-12-21T04:00:00.0000000Z,2018-12-21T03:00:00.0000000Z,612,1101.5651457
2773,206.39542427,210.05708704,200.28663818,208.10102173,2018-12-21T04:58:32.6430000Z,2018-12-21T04:00:04.3730000Z,2018-12-21T05:00:00.0000000Z,2018-12-21T04:00:00.0000000Z,129,213.62311146
2774,197.0,207.33,188.0,207.33,2018-12-21T05:59:54.5970000Z,2018-12-21T05:04:37.0500000Z,2018-12-21T06:00:00.0000000Z,2018-12-21T05:00:00.0000000Z,274,437.42513392
2775,204.00000231,206.99994903,197.0,197.0,2018-12-21T06:59:47.0930000Z,2018-12-21T06:00:16.4400000Z,2018-12-21T07:00:00.0000000Z,2018-12-21T06:00:00.0000000Z,134,192.07473169
2776,204.46813394,204.90000231,198.0,204.90000231,2018-12-21T07:59:59.3770000Z,2018-12-21T07:08:29.6600000Z,2018-12-21T08:00:00.0000000Z,2018-12-21T07:00:00.0000000Z,304,1116.1256035
2777,219.0,224.0,204.46813394,204.46813394,2018-12-21T08:59:00.4530000Z,2018-12-21T08:00:00.0970000Z,2018-12-21T09:00:00.0000000Z,2018-12-21T08:00:00.0000000Z,413,624.01964283
2778,211.0,220.52202792,209.90000001,219.00000036,2018-12-21T09:58:09.5330000Z,2018-12-21T09:01:26.6730000Z,2018-12-21T10:00:00.0000000Z,2018-12-21T09:00:00.0000000Z,200,519.4679303
2779,214.99,214.99,208.24041534,210.00940667,2018-12-21T10:59:51.3470000Z,2018-12-21T10:00:48.3930000Z,2018-12-21T11:00:00.0000000Z,2018-12-21T10:00:00.0000000Z,97,242.39859099
2780,214.44477153,216.81694005,211.55318884,213.90002999,2018-12-21T11:46:14.1100000Z,2018-12-21T11:02:16.5030000Z,2018-12-21T12:00:00.0000000Z,2018-12-21T11:00:00.0000000Z,51,113.61175491
2781,212.5,215.43281024,205.2063769,211.68274948,2018-12-21T12:59:44.0800000Z,2018-12-21T12:02:14.3000000Z,2018-12-21T13:00:00.0000000Z,2018-12-21T12:00:00.0000000Z,109,313.28420581
2782,205.00000022,213.65940831,201.94064968,213.65940831,2018-12-21T13:59:32.0500000Z,2018-12-21T13:04:52.8630000Z,2018-12-21T14:00:00.0000000Z,2018-12-21T13:00:00.0000000Z,303,518.57428506
2783,200.03162222,205.84443447,193.31328248,203.62358364,2018-12-21T14:58:00.3130000Z,2018-12-21T14:00:07.0200000Z,2018-12-21T15:00:00.0000000Z,2018-12-21T14:00:00.0000000Z,187,393.13016466
2784,181.65921241,200.03162222,181.07805908,200.03162222,2018-12-21T15:58:34.1270000Z,2018-12-21T15:00:25.9570000Z,2018-12-21T16:00:00.0000000Z,2018-12-21T15:00:00.0000000Z,388,686.3359131
2785,174.06069052,189.71051042,172.0,181.25363838,2018-12-21T16:57:08.2570000Z,2018-12-21T16:00:06.2530000Z,2018-12-21T17:00:00.0000000Z,2018-12-21T16:00:00.0000000Z,394,687.11336061
2786,179.0,184.60605919,175.68857196,176.64445223,2018-12-21T17:59:20.8700000Z,2018-12-21T17:00:09.4600000Z,2018-12-21T18:00:00.0000000Z,2018-12-21T17:00:00.0000000Z,129,216.67896029
2787,189.37423837,192.38059066,174.86168347,177.21240773,2018-12-21T18:59:37.3970000Z,2018-12-21T18:01:23.5100000Z,2018-12-21T19:00:00.0000000Z,2018-12-21T18:00:00.0000000Z,205,412.91171483
2788,181.85500113,196.99999999,180.86177155,189.00000016,2018-12-21T19:59:22.3030000Z,2018-12-21T19:00:23.1000000Z,2018-12-21T20:00:00.0000000Z,2018-12-21T19:00:00.0000000Z,209,514.53428156
2789,180.21832526,184.99999999,178.0,181.85500105,2018-12-21T20:58:00.6300000Z,2018-12-21T20:00:17.8500000Z,2018-12-21T21:00:00.0000000Z,2018-12-21T20:00:00.0000000Z,109,127.5622769
2790,187.51299819,188.0,180.0378157,180.21832526,2018-12-21T21:57:59.0200000Z,2018-12-21T21:08:00.3530000Z,2018-12-21T22:00:00.0000000Z,2018-12-21T21:00:00.0000000Z,79,117.79248919
2791,185.347533,192.3972809,183.00000016,188.0,2018-12-21T22:51:24.6800000Z,2018-12-21T22:00:20.4770000Z,2018-12-21T23:00:00.0000000Z,2018-12-21T22:00:00.0000000Z,59,86.90377473
2792,191.16155583,193.87516092,185.05229502,187.00456912,2018-12-21T23:54:14.9270000Z,2018-12-21T23:11:39.9970000Z,2018-12-22T00:00:00.0000000Z,2018-12-21T23:00:00.0000000Z,73,136.5474009
2793,202.89997556,205.49349999,191.16155583,191.16155583,2018-12-22T00:59:59.7430000Z,2018-12-22T00:00:25.8370000Z,2018-12-22T01:00:00.0000000Z,2018-12-22T00:00:00.0000000Z,294,340.94600002
2794,195.49995306,207.99999999,190.70000001,202.89997556,2018-12-22T01:58:41.8830000Z,2018-12-22T01:00:02.4600000Z,2018-12-22T02:00:00.0000000Z,2018-12-22T01:00:00.0000000Z,263,415.92536505
2795,194.58999888,195.49995306,183.42446271,193.50000017,2018-12-22T02:59:54.6500000Z,2018-12-22T02:01:26.5230000Z,2018-12-22T03:00:00.0000000Z,2018-12-22T02:00:00.0000000Z,105,281.59589442
2796,187.44802753,194.58999888,187.44802753,194.58999888,2018-12-22T03:58:54.7130000Z,2018-12-22T03:00:02.8700000Z,2018-12-22T04:00:00.0000000Z,2018-12-22T03:00:00.0000000Z,33,53.80552286
2797,189.99999366,191.59999034,185.76239725,191.59999034,2018-12-22T04:52:42.1500000Z,2018-12-22T04:01:28.2300000Z,2018-12-22T05:00:00.0000000Z,2018-12-22T04:00:00.0000000Z,17,1.3487425100000001
2798,187.25129655,189.99999755,184.03878843,186.05561586,2018-12-22T05:59:53.5100000Z,2018-12-22T05:14:53.5600000Z,2018-12-22T06:00:00.0000000Z,2018-12-22T05:00:00.0000000Z,47,125.29298947
2799,190.0,193.87775999,187.25129835,187.25129835,2018-12-22T06:58:30.8400000Z,2018-12-22T06:04:20.1200000Z,2018-12-22T07:00:00.0000000Z,2018-12-22T06:00:00.0000000Z,71,150.56062375
2800,193.58073195,193.58073195,190.0,190.19847402,2018-12-22T07:55:42.0300000Z,2018-12-22T07:13:26.6370000Z,2018-12-22T08:00:00.0000000Z,2018-12-22T07:00:00.0000000Z,31,72.89812833
2801,189.45741408,196.12070127,189.40286888,193.06911456,2018-12-22T08:53:56.0270000Z,2018-12-22T08:07:24.1070000Z,2018-12-22T09:00:00.0000000Z,2018-12-22T08:00:00.0000000Z,68,149.19655805
2802,199.98987295,200.0,191.34423231,191.34423231,2018-12-22T09:59:55.6530000Z,2018-12-22T09:01:28.7000000Z,2018-12-22T10:00:00.0000000Z,2018-12-22T09:00:00.0000000Z,152,180.96773365
2803,192.41205181,199.98987,192.41205181,199.98987,2018-12-22T10:49:10.6700000Z,2018-12-22T10:00:11.4200000Z,2018-12-22T11:00:00.0000000Z,2018-12-22T10:00:00.0000000Z,24,11.4176522
2804,190.98984953,193.9999087,188.24042679,190.98908105,2018-12-22T11:59:57.0470000Z,2018-12-22T11:10:59.1100000Z,2018-12-22T12:00:00.0000000Z,2018-12-22T11:00:00.0000000Z,39,128.33846489
2805,186.19289268,191.0,185.0,190.88550129,2018-12-22T12:57:08.3900000Z,2018-12-22T12:02:44.0930000Z,2018-12-22T13:00:00.0000000Z,2018-12-22T12:00:00.0000000Z,104,153.15513285
2806,184.00000044,189.0,183.93067937,186.37908557,2018-12-22T13:58:52.0300000Z,2018-12-22T13:00:14.0170000Z,2018-12-22T14:00:00.0000000Z,2018-12-22T13:00:00.0000000Z,44,112.33359646
2807,185.32186493,185.5,181.66000864,185.5,2018-12-22T14:58:12.7970000Z,2018-12-22T14:00:23.4200000Z,2018-12-22T15:00:00.0000000Z,2018-12-22T14:00:00.0000000Z,46,82.57514508
2808,186.00000476,188.950901,184.42224444,184.50582535,2018-12-22T15:57:25.9500000Z,2018-12-22T15:01:42.3300000Z,2018-12-22T16:00:00.0000000Z,2018-12-22T15:00:00.0000000Z,43,67.41346042
2809,188.44739978,190.07258964,182.3,185.55,2018-12-22T16:56:50.1230000Z,2018-12-22T16:06:02.0630000Z,2018-12-22T17:00:00.0000000Z,2018-12-22T16:00:00.0000000Z,17,16.46018526
2810,184.37757011,185.8,182.72187174,185.5441475,2018-12-22T17:41:32.3400000Z,2018-12-22T17:04:21.3300000Z,2018-12-22T18:00:00.0000000Z,2018-12-22T17:00:00.0000000Z,14,7.32168802
2811,188.44739976,189.75956651,185.94080476,185.94080476,2018-12-22T18:59:47.4830000Z,2018-12-22T18:11:20.4270000Z,2018-12-22T19:00:00.0000000Z,2018-12-22T18:00:00.0000000Z,22,66.5004122
2812,190.2846794,190.66253101,186.78201569,189.75956621,2018-12-22T19:56:21.1100000Z,2018-12-22T19:01:22.2200000Z,2018-12-22T20:00:00.0000000Z,2018-12-22T19:00:00.0000000Z,17,42.8248445
2813,189.0,193.19242882,189.0,190.2846394,2018-12-22T20:45:30.5430000Z,2018-12-22T20:01:17.3770000Z,2018-12-22T21:00:00.0000000Z,2018-12-22T20:00:00.0000000Z,56,122.61303817
2814,192.11564856,192.11566972,189.50281634,189.50281634,2018-12-22T21:54:02.6400000Z,2018-12-22T21:07:06.6100000Z,2018-12-22T22:00:00.0000000Z,2018-12-22T21:00:00.0000000Z,21,51.31128431
2815,187.56406467,190.33,186.25742945,190.08055799,2018-12-22T22:41:45.1030000Z,2018-12-22T22:00:56.0970000Z,2018-12-22T23:00:00.0000000Z,2018-12-22T22:00:00.0000000Z,25,18.79951669
2816,195.18690675,195.69535911,188.30860723,188.30860723,2018-12-22T23:59:46.1870000Z,2018-12-22T23:03:28.8770000Z,2018-12-23T00:00:00.0000000Z,2018-12-22T23:00:00.0000000Z,214,291.57820635
2817,190.99998536,195.13523778,186.70435159,195.13523778,2018-12-23T00:59:36.7670000Z,2018-12-23T00:00:32.6730000Z,2018-12-23T01:00:00.0000000Z,2018-12-23T00:00:00.0000000Z,110,413.89474199
2818,190.11465611,190.11465611,185.65670712,189.15093529,2018-12-23T01:56:42.3900000Z,2018-12-23T01:00:07.4230000Z,2018-12-23T02:00:00.0000000Z,2018-12-23T01:00:00.0000000Z,68,238.30066697
2819,189.68958063,195.89980011,186.79834922,190.11465368,2018-12-23T02:59:17.3130000Z,2018-12-23T02:00:23.6270000Z,2018-12-23T03:00:00.0000000Z,2018-12-23T02:00:00.0000000Z,175,385.14222342
2820,194.25301113,195.89980014,190.28069428,190.59010716,2018-12-23T03:58:24.6270000Z,2018-12-23T03:08:20.8170000Z,2018-12-23T04:00:00.0000000Z,2018-12-23T03:00:00.0000000Z,98,245.96960268
2821,192.09,193.54995202,190.14000819,193.54995202,2018-12-23T04:51:12.9070000Z,2018-12-23T04:02:18.7370000Z,2018-12-23T05:00:00.0000000Z,2018-12-23T04:00:00.0000000Z,29,41.14244163
2822,189.5,192.00955531,189.5,191.49,2018-12-23T05:48:03.8900000Z,2018-12-23T05:13:20.4900000Z,2018-12-23T06:00:00.0000000Z,2018-12-23T05:00:00.0000000Z,36,119.91125883
2823,190.932754,191.38629758,189.99184805,191.35871489,2018-12-23T06:58:58.4700000Z,2018-12-23T06:02:43.1600000Z,2018-12-23T07:00:00.0000000Z,2018-12-23T06:00:00.0000000Z,38,149.45711674
2824,189.86709543,190.35876173,188.0,190.35876162,2018-12-23T07:52:09.8130000Z,2018-12-23T07:09:57.0070000Z,2018-12-23T08:00:00.0000000Z,2018-12-23T07:00:00.0000000Z,15,47.25272045
2825,189.83597032,190.13757886,189.26146892,189.94600582,2018-12-23T08:58:21.8800000Z,2018-12-23T08:11:01.9300000Z,2018-12-23T09:00:00.0000000Z,2018-12-23T08:00:00.0000000Z,8,8.96335863
2826,189.5,190.27949174,188.70043271,189.836,2018-12-23T09:50:15.3330000Z,2018-12-23T09:14:03.8800000Z,2018-12-23T10:00:00.0000000Z,2018-12-23T09:00:00.0000000Z,12,21.47810475
2827,192.13046225,194.274,188.73616425,190.0,2018-12-23T10:59:42.5830000Z,2018-12-23T10:02:24.7100000Z,2018-12-23T11:00:00.0000000Z,2018-12-23T10:00:00.0000000Z,125,516.24363675
2828,194.02217407,194.02217407,191.53198031,192.1802175,2018-12-23T11:57:08.1130000Z,2018-12-23T11:08:45.4630000Z,2018-12-23T12:00:00.0000000Z,2018-12-23T11:00:00.0000000Z,18,42.08548362
2829,201.0,209.00800626,194.0,194.0,2018-12-23T12:57:31.9600000Z,2018-12-23T12:01:47.5230000Z,2018-12-23T13:00:00.0000000Z,2018-12-23T12:00:00.0000000Z,227,302.58746407
2830,202.92172102,204.99997717,201.5,201.52513337,2018-12-23T13:59:47.8530000Z,2018-12-23T13:00:27.0870000Z,2018-12-23T14:00:00.0000000Z,2018-12-23T13:00:00.0000000Z,102,122.23131848
2831,196.27825473,202.52172102,195.0,202.52172102,2018-12-23T14:45:53.9700000Z,2018-12-23T14:00:22.4470000Z,2018-12-23T15:00:00.0000000Z,2018-12-23T14:00:00.0000000Z,51,43.85553982
2832,191.85197641,193.89020083,189.00000003,192.63072985,2018-12-23T15:50:17.3030000Z,2018-12-23T15:00:45.1630000Z,2018-12-23T16:00:00.0000000Z,2018-12-23T15:00:00.0000000Z,64,137.9922612
2833,195.10257874,197.35061963,190.0,191.28025764,2018-12-23T16:51:13.8970000Z,2018-12-23T16:02:17.1330000Z,2018-12-23T17:00:00.0000000Z,2018-12-23T16:00:00.0000000Z,20,10.6642446
2834,194.24995523,196.23592891,193.316,194.99423909,2018-12-23T17:57:16.5870000Z,2018-12-23T17:01:51.1170000Z,2018-12-23T18:00:00.0000000Z,2018-12-23T17:00:00.0000000Z,17,39.4295191
2835,196.51680723,197.98288149,193.8316815,194.24995528,2018-12-23T18:50:20.3500000Z,2018-12-23T18:01:55.5730000Z,2018-12-23T19:00:00.0000000Z,2018-12-23T18:00:00.0000000Z,21,24.78555049
2836,193.82322565,198.18105827,193.82322565,197.93629556,2018-12-23T19:59:46.9300000Z,2018-12-23T19:02:49.8230000Z,2018-12-23T20:00:00.0000000Z,2018-12-23T19:00:00.0000000Z,54,222.45013322
2837,197.14787717,197.14787717,193.82322565,193.82322565,2018-12-23T20:55:00.6200000Z,2018-12-23T20:02:51.8230000Z,2018-12-23T21:00:00.0000000Z,2018-12-23T20:00:00.0000000Z,33,13.28437459
2838,194.18680663,195.29293124,193.82322574,195.29293124,2018-12-23T21:51:13.3330000Z,2018-12-23T21:45:32.1900000Z,2018-12-23T22:00:00.0000000Z,2018-12-23T21:00:00.0000000Z,5,5.06204846
2839,193.90198124,195.36888621,193.82322565,194.31968911,2018-12-23T22:54:12.3670000Z,2018-12-23T22:04:50.0270000Z,2018-12-23T23:00:00.0000000Z,2018-12-23T22:00:00.0000000Z,26,46.0516208
2840,194.30002546,195.98243399,193.89620967,195.98243399,2018-12-23T23:40:03.0030000Z,2018-12-23T23:07:10.1670000Z,2018-12-24T00:00:00.0000000Z,2018-12-23T23:00:00.0000000Z,7,3.01482695
2841,203.07114894,204.99997497,194.3000255,195.53,2018-12-24T00:59:59.4900000Z,2018-12-24T00:00:27.3070000Z,2018-12-24T01:00:00.0000000Z,2018-12-24T00:00:00.0000000Z,199,470.77334095
2842,202.11379125,206.91868853,201.90157051,204.99995904,2018-12-24T01:58:25.6500000Z,2018-12-24T01:00:08.7400000Z,2018-12-24T02:00:00.0000000Z,2018-12-24T01:00:00.0000000Z,99,167.33478793
2843,202.815,202.815,198.70000013,200.91887119,2018-12-24T02:53:24.2230000Z,2018-12-24T02:03:09.3530000Z,2018-12-24T03:00:00.0000000Z,2018-12-24T02:00:00.0000000Z,36,55.69518164
2844,205.67066164,205.99999955,201.49742454,202.69508033,2018-12-24T03:52:39.6630000Z,2018-12-24T03:25:12.7500000Z,2018-12-24T04:00:00.0000000Z,2018-12-24T03:00:00.0000000Z,56,91.15527356
2845,204.31743345,205.6706585,202.01449684,205.67065833,2018-12-24T04:45:49.7870000Z,2018-12-24T04:01:01.2600000Z,2018-12-24T05:00:00.0000000Z,2018-12-24T04:00:00.0000000Z,40,35.19608747
2846,203.12266531,205.81779992,203.0893512,204.31743362,2018-12-24T05:53:55.1300000Z,2018-12-24T05:01:19.8500000Z,2018-12-24T06:00:00.0000000Z,2018-12-24T05:00:00.0000000Z,49,56.57247917
2847,204.02492339,209.99999996,203.2859847,204.00002049,2018-12-24T06:59:28.9430000Z,2018-12-24T06:01:15.5400000Z,2018-12-24T07:00:00.0000000Z,2018-12-24T06:00:00.0000000Z,78,106.05419591
2848,207.11807257,211.78947259,205.59995776,205.59995776,2018-12-24T07:55:49.0070000Z,2018-12-24T07:01:25.2100000Z,2018-12-24T08:00:00.0000000Z,2018-12-24T07:00:00.0000000Z,54,84.21786586
2849,206.276102,209.59187593,206.2760706,206.43341914,2018-12-24T08:47:38.3970000Z,2018-12-24T08:00:24.9930000Z,2018-12-24T09:00:00.0000000Z,2018-12-24T08:00:00.0000000Z,21,16.94347749
2850,206.99999929,208.99999963,205.00000001,206.3,2018-12-24T09:59:55.9770000Z,2018-12-24T09:00:36.6000000Z,2018-12-24T10:00:00.0000000Z,2018-12-24T09:00:00.0000000Z,49,31.6854639
2851,200.74571962,206.99997585,196.00000004,205.65411112,2018-12-24T10:59:42.6670000Z,2018-12-24T10:07:34.5100000Z,2018-12-24T11:00:00.0000000Z,2018-12-24T10:00:00.0000000Z,197,499.48379389
2852,200.72625026,202.94638666,200.00000003,200.74571962,2018-12-24T11:56:39.2270000Z,2018-12-24T11:21:11.4330000Z,2018-12-24T12:00:00.0000000Z,2018-12-24T11:00:00.0000000Z,37,58.09568585
2853,199.06760313,201.99018518,199.06760313,200.88618119,2018-12-24T12:40:22.2370000Z,2018-12-24T12:02:23.8070000Z,2018-12-24T13:00:00.0000000Z,2018-12-24T12:00:00.0000000Z,9,0.08385455
2854,202.33206027,202.33206027,199.06760828,201.98960334,2018-12-24T13:57:58.6930000Z,2018-12-24T13:00:31.7430000Z,2018-12-24T14:00:00.0000000Z,2018-12-24T13:00:00.0000000Z,23,6.17878193
2855,203.5541482,205.92893299,201.30173791,202.33206027,2018-12-24T14:58:53.4300000Z,2018-12-24T14:03:06.1630000Z,2018-12-24T15:00:00.0000000Z,2018-12-24T14:00:00.0000000Z,49,146.84324004
2856,193.1000001,205.406192,193.0,203.554,2018-12-24T15:59:38.3200000Z,2018-12-24T15:03:16.0400000Z,2018-12-24T16:00:00.0000000Z,2018-12-24T15:00:00.0000000Z,182,386.24840529
2857,192.26262432,195.80868258,187.03128027,193.10000001,2018-12-24T16:59:57.7570000Z,2018-12-24T16:00:13.4430000Z,2018-12-24T17:00:00.0000000Z,2018-12-24T16:00:00.0000000Z,104,74.19346013
2858,189.74738644,192.26259993,186.51936646,192.26259993,2018-12-24T17:59:09.3530000Z,2018-12-24T17:01:23.7100000Z,2018-12-24T18:00:00.0000000Z,2018-12-24T17:00:00.0000000Z,55,170.9131695
2859,181.73913815,189.74721296,180.0,187.25618532,2018-12-24T18:58:16.3200000Z,2018-12-24T18:05:32.5270000Z,2018-12-24T19:00:00.0000000Z,2018-12-24T18:00:00.0000000Z,204,413.1784833
2860,183.56739997,184.64051348,175.42325343,182.79410883,2018-12-24T19:57:31.3830000Z,2018-12-24T19:01:01.4300000Z,2018-12-24T20:00:00.0000000Z,2018-12-24T19:00:00.0000000Z,177,262.97059367
2861,180.75342901,184.56739971,180.618,182.5673997,2018-12-24T20:50:09.7270000Z,2018-12-24T20:00:31.9300000Z,2018-12-24T21:00:00.0000000Z,2018-12-24T20:00:00.0000000Z,55,108.354819
2862,184.63996544,184.6401085,181.99065904,181.99065904,2018-12-24T21:56:19.1000000Z,2018-12-24T21:05:05.9500000Z,2018-12-24T22:00:00.0000000Z,2018-12-24T21:00:00.0000000Z,29,26.39847538
2863,185.9995509,185.99972968,182.09921905,183.6,2018-12-24T22:53:11.4300000Z,2018-12-24T22:04:16.9000000Z,2018-12-24T23:00:00.0000000Z,2018-12-24T22:00:00.0000000Z,19,4.17314107
2864,180.0,187.29516847,180.0,185.99939211,2018-12-24T23:56:15.9930000Z,2018-12-24T23:02:36.3400000Z,2018-12-25T00:00:00.0000000Z,2018-12-24T23:00:00.0000000Z,197,475.88663304
2865,160.0,181.0,155.0,181.0,2018-12-25T00:59:59.8570000Z,2018-12-25T00:00:18.0730000Z,2018-12-25T01:00:00.0000000Z,2018-12-25T00:00:00.0000000Z,470,1166.79804374
2866,162.96143972,166.16578836,157.87072553,160.0,2018-12-25T01:57:46.2770000Z,2018-12-25T01:00:02.1700000Z,2018-12-25T02:00:00.0000000Z,2018-12-25T01:00:00.0000000Z,267,642.95077888
2867,163.67124204,164.82803363,160.0,162.96143955,2018-12-25T02:53:25.4000000Z,2018-12-25T02:00:07.3830000Z,2018-12-25T03:00:00.0000000Z,2018-12-25T02:00:00.0000000Z,98,392.31101609
2868,154.27996187,162.06997215,150.06446111,162.0,2018-12-25T03:59:33.5730000Z,2018-12-25T03:02:34.9970000Z,2018-12-25T04:00:00.0000000Z,2018-12-25T03:00:00.0000000Z,159,481.45734193
2869,156.00019254,158.0,152.51940029,154.09027064,2018-12-25T04:57:25.0270000Z,2018-12-25T04:02:58.2300000Z,2018-12-25T05:00:00.0000000Z,2018-12-25T04:00:00.0000000Z,69,95.27922289
2870,158.77941253,162.48174436,156.00025977,156.00025977,2018-12-25T05:56:24.4670000Z,2018-12-25T05:02:22.0770000Z,2018-12-25T06:00:00.0000000Z,2018-12-25T05:00:00.0000000Z,102,261.35972827
2871,157.61325685,158.83224324,156.49,158.83224324,2018-12-25T06:55:58.7500000Z,2018-12-25T06:06:50.4500000Z,2018-12-25T07:00:00.0000000Z,2018-12-25T06:00:00.0000000Z,58,140.83754399
2872,160.89,164.38833942,157.81158822,157.81158822,2018-12-25T07:57:18.4970000Z,2018-12-25T07:00:10.1270000Z,2018-12-25T08:00:00.0000000Z,2018-12-25T07:00:00.0000000Z,72,103.53818223
2873,162.62868938,165.52436426,159.00853363,159.00853363,2018-12-25T08:59:04.1900000Z,2018-12-25T08:03:54.8130000Z,2018-12-25T09:00:00.0000000Z,2018-12-25T08:00:00.0000000Z,56,139.50459321
2874,170.64609796,174.13971227,163.37436723,163.37436723,2018-12-25T09:57:25.7330000Z,2018-12-25T09:04:39.8470000Z,2018-12-25T10:00:00.0000000Z,2018-12-25T09:00:00.0000000Z,253,768.28250335
2875,167.35930389,173.08652476,165.48966611,173.08652476,2018-12-25T10:56:50.6870000Z,2018-12-25T10:00:30.8600000Z,2018-12-25T11:00:00.0000000Z,2018-12-25T10:00:00.0000000Z,101,416.39477097
2876,166.09482898,169.10149351,161.32365383,169.10149351,2018-12-25T11:54:56.2030000Z,2018-12-25T11:07:28.3600000Z,2018-12-25T12:00:00.0000000Z,2018-12-25T11:00:00.0000000Z,43,130.24493019
2877,166.18489928,166.18489928,162.30256554,164.77932043,2018-12-25T12:56:35.1400000Z,2018-12-25T12:12:40.3500000Z,2018-12-25T13:00:00.0000000Z,2018-12-25T12:00:00.0000000Z,18,51.3358728
2878,166.07281838,166.68461595,163.81180979,166.49875985,2018-12-25T13:47:53.3130000Z,2018-12-25T13:02:02.6600000Z,2018-12-25T14:00:00.0000000Z,2018-12-25T13:00:00.0000000Z,24,45.32241032
2879,160.40481409,165.37375487,159.58594966,165.37375487,2018-12-25T14:52:38.8900000Z,2018-12-25T14:00:05.2500000Z,2018-12-25T15:00:00.0000000Z,2018-12-25T14:00:00.0000000Z,42,39.32599517
2880,155.80073289,158.99999253,153.39070064,157.59251096,2018-12-25T15:56:48.0630000Z,2018-12-25T15:10:51.6630000Z,2018-12-25T16:00:00.0000000Z,2018-12-25T15:00:00.0000000Z,91,201.8040815
2881,161.70662027,165.00527727,158.09033833,158.09033833,2018-12-25T16:45:01.8730000Z,2018-12-25T16:00:11.8930000Z,2018-12-25T17:00:00.0000000Z,2018-12-25T16:00:00.0000000Z,68,163.95734266
2882,158.48564188,161.70662027,156.5215238,161.70662027,2018-12-25T17:40:32.9530000Z,2018-12-25T17:01:39.5800000Z,2018-12-25T18:00:00.0000000Z,2018-12-25T17:00:00.0000000Z,28,61.59892551
2883,159.94473852,162.61725107,157.69593103,157.69593756,2018-12-25T18:57:20.6770000Z,2018-12-25T18:04:19.9430000Z,2018-12-25T19:00:00.0000000Z,2018-12-25T18:00:00.0000000Z,39,87.56208516
2884,162.24987155,163.30149848,161.0,161.83450944,2018-12-25T19:27:45.8100000Z,2018-12-25T19:13:46.6970000Z,2018-12-25T20:00:00.0000000Z,2018-12-25T19:00:00.0000000Z,12,11.51698023
2885,165.53616503,166.75367937,161.01253627,162.24987155,2018-12-25T20:49:08.2700000Z,2018-12-25T20:00:49.8930000Z,2018-12-25T21:00:00.0000000Z,2018-12-25T20:00:00.0000000Z,41,121.59757904
2886,165.74984089,165.74984089,163.63039676,164.57439254,2018-12-25T21:51:49.4900000Z,2018-12-25T21:00:31.6300000Z,2018-12-25T22:00:00.0000000Z,2018-12-25T21:00:00.0000000Z,19,59.50035293
2887,167.08527632,172.36999926,165.48704372,166.87562739,2018-12-25T22:49:19.3130000Z,2018-12-25T22:03:07.7270000Z,2018-12-25T23:00:00.0000000Z,2018-12-25T22:00:00.0000000Z,66,85.06932637
2888,168.0,168.0,165.1708557,166.0,2018-12-25T23:56:44.9730000Z,2018-12-25T23:00:40.5200000Z,2018-12-26T00:00:00.0000000Z,2018-12-25T23:00:00.0000000Z,20,57.46596277
2889,179.0,181.87229158,166.0,170.26266035,2018-12-26T00:59:52.2870000Z,2018-12-26T00:00:56.8670000Z,2018-12-26T01:00:00.0000000Z,2018-12-26T00:00:00.0000000Z,231,425.72247638
2890,178.72530446,184.5,178.72530446,179.0,2018-12-26T01:58:57.4900000Z,2018-12-26T01:01:17.0830000Z,2018-12-26T02:00:00.0000000Z,2018-12-26T01:00:00.0000000Z,89,128.57645278
2891,182.34019753,182.43684708,178.32920022,179.28714254,2018-12-26T02:57:35.3330000Z,2018-12-26T02:04:14.1200000Z,2018-12-26T03:00:00.0000000Z,2018-12-26T02:00:00.0000000Z,48,50.18083566
2892,179.56266152,181.5576594,178.52969087,181.5576594,2018-12-26T03:38:20.6100000Z,2018-12-26T03:02:09.1170000Z,2018-12-26T04:00:00.0000000Z,2018-12-26T03:00:00.0000000Z,41,109.372935
2893,176.91238699,178.91118767,173.99317853,177.27696637,2018-12-26T04:59:40.3500000Z,2018-12-26T04:02:30.6770000Z,2018-12-26T05:00:00.0000000Z,2018-12-26T04:00:00.0000000Z,69,109.2925089
2894,179.882189,181.0,176.43657456,176.91238699,2018-12-26T05:56:39.8970000Z,2018-12-26T05:03:12.3800000Z,2018-12-26T06:00:00.0000000Z,2018-12-26T05:00:00.0000000Z,46,30.78507268
2895,176.68299996,181.95899908,175.7895308,179.86213468,2018-12-26T06:59:40.8000000Z,2018-12-26T06:03:27.6500000Z,2018-12-26T07:00:00.0000000Z,2018-12-26T06:00:00.0000000Z,71,609.41541376
2896,174.18399929,176.683,171.19412762,176.683,2018-12-26T07:58:23.1000000Z,2018-12-26T07:00:15.7230000Z,2018-12-26T08:00:00.0000000Z,2018-12-26T07:00:00.0000000Z,219,298.20030494
2897,171.28005974,174.18399929,168.017,173.81,2018-12-26T08:58:31.9900000Z,2018-12-26T08:03:55.9170000Z,2018-12-26T09:00:00.0000000Z,2018-12-26T08:00:00.0000000Z,77,274.9193435
2898,166.22660121,172.260325,166.00000003,171.73168956,2018-12-26T09:53:35.3800000Z,2018-12-26T09:01:24.0700000Z,2018-12-26T10:00:00.0000000Z,2018-12-26T09:00:00.0000000Z,51,172.35181905
2899,169.94320772,169.94320772,166.0,166.0,2018-12-26T10:56:58.0700000Z,2018-12-26T10:00:49.7570000Z,2018-12-26T11:00:00.0000000Z,2018-12-26T10:00:00.0000000Z,22,51.6847678
2900,168.16273354,170.15576998,168.16273354,170.15576998,2018-12-26T11:57:02.7100000Z,2018-12-26T11:01:59.8370000Z,2018-12-26T12:00:00.0000000Z,2018-12-26T11:00:00.0000000Z,14,27.14465426
2901,171.0,172.82453609,168.04421418,169.93681734,2018-12-26T12:55:37.5200000Z,2018-12-26T12:00:12.1330000Z,2018-12-26T13:00:00.0000000Z,2018-12-26T12:00:00.0000000Z,33,43.57768498
2902,171.0,172.38247491,171.0,172.38247491,2018-12-26T13:09:34.7130000Z,2018-12-26T13:00:46.2400000Z,2018-12-26T14:00:00.0000000Z,2018-12-26T13:00:00.0000000Z,19,20.89008458
2903,163.0,172.08731284,162.0,172.08731284,2018-12-26T14:57:08.8370000Z,2018-12-26T14:00:17.1500000Z,2018-12-26T15:00:00.0000000Z,2018-12-26T14:00:00.0000000Z,69,76.34207035
2904,164.77415399,166.13399751,163.75651517,163.91930746,2018-12-26T15:57:37.4770000Z,2018-12-26T15:01:32.9000000Z,2018-12-26T16:00:00.0000000Z,2018-12-26T15:00:00.0000000Z,36,133.22310706
2905,169.76508292,169.85400556,163.00440149,164.7741538,2018-12-26T16:55:23.0400000Z,2018-12-26T16:00:00.9000000Z,2018-12-26T17:00:00.0000000Z,2018-12-26T16:00:00.0000000Z,31,35.19758011
2906,168.25344278,168.54392131,167.2534414,168.12961767,2018-12-26T17:50:13.2400000Z,2018-12-26T17:00:06.7430000Z,2018-12-26T18:00:00.0000000Z,2018-12-26T17:00:00.0000000Z,23,21.24387585
2907,167.2,168.25344278,167.12310233,167.29132119,2018-12-26T18:55:47.1630000Z,2018-12-26T18:26:09.1400000Z,2018-12-26T19:00:00.0000000Z,2018-12-26T18:00:00.0000000Z,25,64.77327065
2908,171.0,173.88669866,168.25344278,168.25344278,2018-12-26T19:53:58.3200000Z,2018-12-26T19:01:42.7300000Z,2018-12-26T20:00:00.0000000Z,2018-12-26T19:00:00.0000000Z,55,83.82454781
2909,168.98753352,172.3730438,168.98753352,171.71,2018-12-26T20:57:03.9630000Z,2018-12-26T20:00:23.4000000Z,2018-12-26T21:00:00.0000000Z,2018-12-26T20:00:00.0000000Z,31,38.21695642
2910,170.72755721,170.72755721,165.99792227,168.0,2018-12-26T21:58:47.3530000Z,2018-12-26T21:00:24.7130000Z,2018-12-26T22:00:00.0000000Z,2018-12-26T21:00:00.0000000Z,61,76.19749702
2911,174.0,174.12196119,170.04047726,170.04047726,2018-12-26T22:55:51.4000000Z,2018-12-26T22:00:12.5730000Z,2018-12-26T23:00:00.0000000Z,2018-12-26T22:00:00.0000000Z,21,54.5470146
2912,170.6,173.79031876,170.6,173.79031876,2018-12-26T23:36:36.6130000Z,2018-12-26T23:05:52.6530000Z,2018-12-27T00:00:00.0000000Z,2018-12-26T23:00:00.0000000Z,33,93.17213273
2913,173.60734209,173.60734214,170.01236994,172.51793173,2018-12-27T00:57:15.5100000Z,2018-12-27T00:01:40.2300000Z,2018-12-27T01:00:00.0000000Z,2018-12-27T00:00:00.0000000Z,42,71.73024357
2914,169.34591203,175.459902,167.31,173.17936124,2018-12-27T01:50:30.0400000Z,2018-12-27T01:01:04.4800000Z,2018-12-27T02:00:00.0000000Z,2018-12-27T01:00:00.0000000Z,66,129.19280934
2915,167.0,167.90303788,164.64388899,166.88362997,2018-12-27T02:45:06.0700000Z,2018-12-27T02:00:52.0730000Z,2018-12-27T03:00:00.0000000Z,2018-12-27T02:00:00.0000000Z,28,44.69935776
2916,166.18335439,168.04086956,166.18335439,167.67528948,2018-12-27T03:48:10.4770000Z,2018-12-27T03:12:18.4800000Z,2018-12-27T04:00:00.0000000Z,2018-12-27T03:00:00.0000000Z,3,1.45084593
2917,166.83394753,167.70886564,165.59399838,166.55060829,2018-12-27T04:58:25.2270000Z,2018-12-27T04:01:20.4800000Z,2018-12-27T05:00:00.0000000Z,2018-12-27T04:00:00.0000000Z,16,22.1721837
2918,164.65901258,165.17108394,162.00000161,165.17108394,2018-12-27T05:58:04.8430000Z,2018-12-27T05:07:15.2800000Z,2018-12-27T06:00:00.0000000Z,2018-12-27T05:00:00.0000000Z,51,110.93715896
2919,165.67422193,165.67422193,163.32172651,164.71702653,2018-12-27T06:48:45.7130000Z,2018-12-27T06:05:13.7200000Z,2018-12-27T07:00:00.0000000Z,2018-12-27T06:00:00.0000000Z,10,11.12920391
2920,166.31828177,166.71571958,164.97428187,164.97428187,2018-12-27T07:25:26.4530000Z,2018-12-27T07:03:29.2800000Z,2018-12-27T08:00:00.0000000Z,2018-12-27T07:00:00.0000000Z,12,7.11606148
2921,164.28782042,167.70885927,164.28782042,166.5,2018-12-27T08:58:21.6200000Z,2018-12-27T08:00:11.0430000Z,2018-12-27T09:00:00.0000000Z,2018-12-27T08:00:00.0000000Z,13,6.11082981
2922,166.12754056,166.40099157,164.25200562,164.25200566,2018-12-27T09:37:20.4770000Z,2018-12-27T09:04:03.8400000Z,2018-12-27T10:00:00.0000000Z,2018-12-27T09:00:00.0000000Z,7,17.70816255
2923,164.0,164.90968982,164.0,164.80220389,2018-12-27T10:59:51.9370000Z,2018-12-27T10:15:23.4700000Z,2018-12-27T11:00:00.0000000Z,2018-12-27T10:00:00.0000000Z,23,194.62977847
2924,164.66397852,165.20270405,163.0,164.30504019,2018-12-27T11:56:41.3400000Z,2018-12-27T11:01:49.5600000Z,2018-12-27T12:00:00.0000000Z,2018-12-27T11:00:00.0000000Z,11,11.35211206
2925,164.0,164.0,164.0,164.0,2018-12-27T12:45:37.1070000Z,2018-12-27T12:45:35.6830000Z,2018-12-27T13:00:00.0000000Z,2018-12-27T12:00:00.0000000Z,3,1.0
2926,166.05567503,166.309,163.40434876,163.40434876,2018-12-27T13:49:59.8570000Z,2018-12-27T13:01:01.3270000Z,2018-12-27T14:00:00.0000000Z,2018-12-27T13:00:00.0000000Z,16,13.02475921
2927,163.99317967,164.87462018,162.76147484,164.87462018,2018-12-27T14:59:33.5000000Z,2018-12-27T14:13:32.6770000Z,2018-12-27T15:00:00.0000000Z,2018-12-27T14:00:00.0000000Z,6,6.36102313
2928,160.61541787,164.34449631,159.00000001,163.99318786,2018-12-27T15:52:23.4500000Z,2018-12-27T15:03:16.9870000Z,2018-12-27T16:00:00.0000000Z,2018-12-27T15:00:00.0000000Z,132,552.00721025
2929,161.60629485,162.81269665,160.42219847,160.42219847,2018-12-27T16:51:02.9200000Z,2018-12-27T16:00:35.2970000Z,2018-12-27T17:00:00.0000000Z,2018-12-27T16:00:00.0000000Z,16,75.55121877
2930,160.02831229,160.79028115,158.0,160.79028115,2018-12-27T17:47:21.7300000Z,2018-12-27T17:12:07.7700000Z,2018-12-27T18:00:00.0000000Z,2018-12-27T17:00:00.0000000Z,22,22.01357934
2931,157.50099131,160.0280749,156.2369852,158.14497909,2018-12-27T18:59:44.3430000Z,2018-12-27T18:01:53.6270000Z,2018-12-27T19:00:00.0000000Z,2018-12-27T18:00:00.0000000Z,44,105.53836977
2932,149.0,157.50098643,147.5,157.50098643,2018-12-27T19:57:40.6870000Z,2018-12-27T19:00:04.8900000Z,2018-12-27T20:00:00.0000000Z,2018-12-27T19:00:00.0000000Z,533,620.13521513
2933,148.0,149.70125057,145.50004971,148.87068445,2018-12-27T20:59:03.4200000Z,2018-12-27T20:01:40.6230000Z,2018-12-27T21:00:00.0000000Z,2018-12-27T20:00:00.0000000Z,208,207.12588953
2934,148.99764516,152.0,148.0,148.0,2018-12-27T21:55:40.9830000Z,2018-12-27T21:00:15.3130000Z,2018-12-27T22:00:00.0000000Z,2018-12-27T21:00:00.0000000Z,61,191.13781484
2935,146.4368614,149.90715098,145.0,149.35988256,2018-12-27T22:56:47.6900000Z,2018-12-27T22:01:03.2970000Z,2018-12-27T23:00:00.0000000Z,2018-12-27T22:00:00.0000000Z,69,365.23647636
2936,145.74,146.87000161,143.00000001,146.87000161,2018-12-27T23:53:11.7930000Z,2018-12-27T23:09:29.3330000Z,2018-12-28T00:00:00.0000000Z,2018-12-27T23:00:00.0000000Z,120,122.407657
2937,145.88962666,149.89999573,145.04033082,147.24785531,2018-12-28T00:57:22.7670000Z,2018-12-28T00:01:45.1900000Z,2018-12-28T01:00:00.0000000Z,2018-12-28T00:00:00.0000000Z,107,195.60468168
2938,139.74332036,146.69643334,139.74332036,145.9130373,2018-12-28T01:58:52.2800000Z,2018-12-28T01:01:41.9400000Z,2018-12-28T02:00:00.0000000Z,2018-12-28T01:00:00.0000000Z,168,195.35985261
2939,145.38976369,145.38976396,139.24516391,139.743,2018-12-28T02:59:58.8000000Z,2018-12-28T02:00:14.4030000Z,2018-12-28T03:00:00.0000000Z,2018-12-28T02:00:00.0000000Z,41,213.98333574
2940,142.88314987,145.38976369,142.32461135,145.34172711,2018-12-28T03:53:49.1730000Z,2018-12-28T03:15:11.2570000Z,2018-12-28T04:00:00.0000000Z,2018-12-28T03:00:00.0000000Z,20,61.4545108
2941,142.84703049,142.84703049,142.35471553,142.35471553,2018-12-28T04:39:03.3730000Z,2018-12-28T04:01:33.8000000Z,2018-12-28T05:00:00.0000000Z,2018-12-28T04:00:00.0000000Z,12,4.44280707
2942,143.89,145.65051804,142.84703049,142.84703049,2018-12-28T05:59:40.9100000Z,2018-12-28T05:18:36.3530000Z,2018-12-28T06:00:00.0000000Z,2018-12-28T05:00:00.0000000Z,28,1.10473775
2943,143.46305398,144.014,142.19339378,143.406,2018-12-28T06:59:07.6770000Z,2018-12-28T06:00:14.3630000Z,2018-12-28T07:00:00.0000000Z,2018-12-28T06:00:00.0000000Z,88,171.86809121
2944,145.39894101,148.15966482,143.46305398,143.46305398,2018-12-28T07:44:14.9200000Z,2018-12-28T07:00:47.8000000Z,2018-12-28T08:00:00.0000000Z,2018-12-28T07:00:00.0000000Z,17,29.38535963
2945,149.07598883,149.07599079,145.82397158,145.82397161,2018-12-28T08:37:53.1700000Z,2018-12-28T08:01:33.4430000Z,2018-12-28T09:00:00.0000000Z,2018-12-28T08:00:00.0000000Z,18,13.21762566
2946,149.939803,149.94998193,149.07597769,149.07597769,2018-12-28T09:59:57.2370000Z,2018-12-28T09:11:23.9000000Z,2018-12-28T10:00:00.0000000Z,2018-12-28T09:00:00.0000000Z,6,8.595327170000001
2947,148.3205544,148.46560435,147.12983675,148.46560435,2018-12-28T10:56:31.3000000Z,2018-12-28T10:02:44.3170000Z,2018-12-28T11:00:00.0000000Z,2018-12-28T10:00:00.0000000Z,11,10.53208268
2948,148.74022359,148.74022359,146.43006607,148.32040291,2018-12-28T11:53:44.1730000Z,2018-12-28T11:05:46.8200000Z,2018-12-28T12:00:00.0000000Z,2018-12-28T11:00:00.0000000Z,7,16.33894179
2949,145.0,149.29096865,145.0,149.29096865,2018-12-28T12:35:36.2930000Z,2018-12-28T12:00:02.4730000Z,2018-12-28T13:00:00.0000000Z,2018-12-28T12:00:00.0000000Z,34,93.30369905
2950,145.34329519,146.0773278,143.00000017,146.0773278,2018-12-28T13:53:18.2700000Z,2018-12-28T13:02:01.4300000Z,2018-12-28T14:00:00.0000000Z,2018-12-28T13:00:00.0000000Z,8,3.04037226
2951,147.01915712,147.01915712,145.21,146.88504592,2018-12-28T14:52:06.4100000Z,2018-12-28T14:04:03.6930000Z,2018-12-28T15:00:00.0000000Z,2018-12-28T14:00:00.0000000Z,13,102.21878285
2952,163.45936237,163.45936237,147.01889624,147.01889624,2018-12-28T15:59:58.1330000Z,2018-12-28T15:08:22.8700000Z,2018-12-28T16:00:00.0000000Z,2018-12-28T15:00:00.0000000Z,173,368.78436835
2953,170.59999999,172.99999996,163.45936237,163.45936237,2018-12-28T16:56:42.8970000Z,2018-12-28T16:00:00.6930000Z,2018-12-28T17:00:00.0000000Z,2018-12-28T16:00:00.0000000Z,375,684.91234357
2954,170.10974885,171.18596148,166.37623346,170.0,2018-12-28T17:56:44.2770000Z,2018-12-28T17:03:18.3970000Z,2018-12-28T18:00:00.0000000Z,2018-12-28T17:00:00.0000000Z,146,381.44529364
2955,171.86317858,173.65771455,169.0,170.29253749,2018-12-28T18:59:28.3530000Z,2018-12-28T18:00:54.3100000Z,2018-12-28T19:00:00.0000000Z,2018-12-28T18:00:00.0000000Z,111,265.68018562
2956,168.30566599,174.78999385,167.28775283,171.86317858,2018-12-28T19:57:13.4600000Z,2018-12-28T19:05:41.8070000Z,2018-12-28T20:00:00.0000000Z,2018-12-28T19:00:00.0000000Z,100,158.52083404
2957,169.8786036,170.262,168.7274847,168.72748518,2018-12-28T20:51:26.9600000Z,2018-12-28T20:00:10.6000000Z,2018-12-28T21:00:00.0000000Z,2018-12-28T20:00:00.0000000Z,48,83.03812582
2958,167.87487649,169.8786036,167.87487649,169.8786036,2018-12-28T21:56:19.0070000Z,2018-12-28T21:01:06.9000000Z,2018-12-28T22:00:00.0000000Z,2018-12-28T21:00:00.0000000Z,13,10.4982652
2959,166.0,169.23186886,166.0,167.81952641,2018-12-28T22:58:43.2400000Z,2018-12-28T22:01:19.5100000Z,2018-12-28T23:00:00.0000000Z,2018-12-28T22:00:00.0000000Z,30,36.735044
2960,171.366,171.37623345,165.0,165.0,2018-12-28T23:57:24.6330000Z,2018-12-28T23:01:42.3830000Z,2018-12-29T00:00:00.0000000Z,2018-12-28T23:00:00.0000000Z,33,36.85817863
2961,167.48000521,173.38820108,166.69360222,171.37619577,2018-12-29T00:54:14.1770000Z,2018-12-29T00:01:15.2900000Z,2018-12-29T01:00:00.0000000Z,2018-12-29T00:00:00.0000000Z,59,39.0069372
2962,169.50567913,169.56655875,168.35014346,168.35014346,2018-12-29T01:47:03.2570000Z,2018-12-29T01:25:47.1700000Z,2018-12-29T02:00:00.0000000Z,2018-12-29T01:00:00.0000000Z,22,57.23747229
2963,166.25000001,167.95519158,166.25000001,167.95519158,2018-12-29T02:40:07.4400000Z,2018-12-29T02:21:17.2330000Z,2018-12-29T03:00:00.0000000Z,2018-12-29T02:00:00.0000000Z,10,9.12171721
2964,167.9,168.0,166.5347703,167.66907127,2018-12-29T03:46:40.7230000Z,2018-12-29T03:07:48.6670000Z,2018-12-29T04:00:00.0000000Z,2018-12-29T03:00:00.0000000Z,12,21.41077293
2965,166.9833,167.44359131,166.549,166.74964103,2018-12-29T04:40:29.4100000Z,2018-12-29T04:03:46.3200000Z,2018-12-29T05:00:00.0000000Z,2018-12-29T04:00:00.0000000Z,12,14.02382417
2966,168.34241512,168.34241512,168.34241512,168.34241512,2018-12-29T05:08:48.3270000Z,2018-12-29T05:08:48.3270000Z,2018-12-29T06:00:00.0000000Z,2018-12-29T05:00:00.0000000Z,1,0.00891041
2967,168.20928486,168.34243401,168.14486455,168.14486455,2018-12-29T06:53:40.5070000Z,2018-12-29T06:32:17.3470000Z,2018-12-29T07:00:00.0000000Z,2018-12-29T06:00:00.0000000Z,3,1.20999658
2968,169.9,170.0,167.08654732,168.34243404,2018-12-29T07:59:42.1670000Z,2018-12-29T07:04:49.7900000Z,2018-12-29T08:00:00.0000000Z,2018-12-29T07:00:00.0000000Z,18,47.48451986
2969,169.43918624,169.81384633,168.06752316,169.81384633,2018-12-29T08:50:04.9130000Z,2018-12-29T08:04:50.9500000Z,2018-12-29T09:00:00.0000000Z,2018-12-29T08:00:00.0000000Z,9,5.5908649
2970,167.51751883,170.5,167.51726533,170.49999371,2018-12-29T09:59:35.5400000Z,2018-12-29T09:03:43.1200000Z,2018-12-29T10:00:00.0000000Z,2018-12-29T09:00:00.0000000Z,23,37.83634545
2971,160.49925089,166.25000017,160.047,166.25000017,2018-12-29T10:51:12.7430000Z,2018-12-29T10:16:52.6870000Z,2018-12-29T11:00:00.0000000Z,2018-12-29T10:00:00.0000000Z,55,106.41564912
2972,163.7635401,165.42920868,160.40266737,160.40266737,2018-12-29T11:59:28.1870000Z,2018-12-29T11:01:05.4500000Z,2018-12-29T12:00:00.0000000Z,2018-12-29T11:00:00.0000000Z,19,65.91730425
2973,163.76354009,163.76354009,161.13948549,162.5268305,2018-12-29T12:42:16.6630000Z,2018-12-29T12:01:00.9200000Z,2018-12-29T13:00:00.0000000Z,2018-12-29T12:00:00.0000000Z,11,13.25779922
2974,164.97532842,164.97532842,163.0,164.04999992,2018-12-29T13:45:33.7730000Z,2018-12-29T13:00:28.0300000Z,2018-12-29T14:00:00.0000000Z,2018-12-29T13:00:00.0000000Z,19,30.68498399
2975,164.81698712,165.93496083,163.51114049,165.93496083,2018-12-29T14:53:43.8400000Z,2018-12-29T14:02:33.9030000Z,2018-12-29T15:00:00.0000000Z,2018-12-29T14:00:00.0000000Z,31,93.95815447
2976,166.4514662,166.99999997,164.0,164.0,2018-12-29T15:57:30.6230000Z,2018-12-29T15:02:13.4200000Z,2018-12-29T16:00:00.0000000Z,2018-12-29T15:00:00.0000000Z,32,146.10004102
2977,162.0,163.87674686,161.0,161.44147881,2018-12-29T16:58:46.4370000Z,2018-12-29T16:04:58.4530000Z,2018-12-29T17:00:00.0000000Z,2018-12-29T16:00:00.0000000Z,32,42.12669078
2978,163.14848228,163.14848228,160.9920566,162.50342673,2018-12-29T17:50:48.4500000Z,2018-12-29T17:00:07.8430000Z,2018-12-29T18:00:00.0000000Z,2018-12-29T17:00:00.0000000Z,16,35.66654223
2979,161.85709354,162.66764435,161.85709354,162.66764435,2018-12-29T18:49:11.6900000Z,2018-12-29T18:05:22.6570000Z,2018-12-29T19:00:00.0000000Z,2018-12-29T18:00:00.0000000Z,13,24.70149275
2980,161.55890326,161.85709354,160.58602975,161.85709354,2018-12-29T19:54:20.8270000Z,2018-12-29T19:10:34.2870000Z,2018-12-29T20:00:00.0000000Z,2018-12-29T19:00:00.0000000Z,8,5.0183263
2981,164.57768307,164.57768307,161.99122589,163.20915953,2018-12-29T20:56:37.2800000Z,2018-12-29T20:12:11.1570000Z,2018-12-29T21:00:00.0000000Z,2018-12-29T20:00:00.0000000Z,9,63.91645621
2982,167.58558978,167.79068684,163.16309154,164.53968716,2018-12-29T21:55:45.1530000Z,2018-12-29T21:02:47.9200000Z,2018-12-29T22:00:00.0000000Z,2018-12-29T21:00:00.0000000Z,46,209.47568548
2983,167.32896098,168.494,166.0,167.58558871,2018-12-29T22:58:48.9370000Z,2018-12-29T22:03:48.8300000Z,2018-12-29T23:00:00.0000000Z,2018-12-29T22:00:00.0000000Z,17,17.34687627
2984,158.78614067,170.0,158.78614067,169.1346,2018-12-29T23:59:20.3900000Z,2018-12-29T23:25:51.3670000Z,2018-12-30T00:00:00.0000000Z,2018-12-29T23:00:00.0000000Z,95,270.03367576
2985,160.54220113,161.43763651,156.46367331,159.71202053,2018-12-30T00:54:13.6230000Z,2018-12-30T00:00:22.6230000Z,2018-12-30T01:00:00.0000000Z,2018-12-30T00:00:00.0000000Z,88,112.58860504
2986,160.93729846,160.93729846,160.081,160.081,2018-12-30T01:38:54.7430000Z,2018-12-30T01:25:51.6330000Z,2018-12-30T02:00:00.0000000Z,2018-12-30T01:00:00.0000000Z,4,7.14390451
2987,160.0,160.63155524,159.83014348,159.83014348,2018-12-30T02:57:47.8100000Z,2018-12-30T02:19:33.3170000Z,2018-12-30T03:00:00.0000000Z,2018-12-30T02:00:00.0000000Z,6,4.58774296
2988,158.34498572,158.99497418,158.34498572,158.9484593,2018-12-30T03:59:16.5000000Z,2018-12-30T03:21:03.6630000Z,2018-12-30T04:00:00.0000000Z,2018-12-30T03:00:00.0000000Z,8,15.54354932
2989,160.21483119,160.21483119,159.76488466,159.76488466,2018-12-30T04:44:12.7770000Z,2018-12-30T04:24:11.5370000Z,2018-12-30T05:00:00.0000000Z,2018-12-30T04:00:00.0000000Z,7,4.23264254
2990,158.90546658,158.90546658,158.0,158.57000011,2018-12-30T05:49:01.6670000Z,2018-12-30T05:39:07.9170000Z,2018-12-30T06:00:00.0000000Z,2018-12-30T05:00:00.0000000Z,7,11.314746509999999
2991,157.55446195,157.55446195,157.26751726,157.26751726,2018-12-30T06:50:57.9970000Z,2018-12-30T06:02:11.7400000Z,2018-12-30T07:00:00.0000000Z,2018-12-30T06:00:00.0000000Z,7,22.18068736
2992,156.82148312,156.82148312,156.27373791,156.27373791,2018-12-30T07:57:39.5930000Z,2018-12-30T07:29:00.7100000Z,2018-12-30T08:00:00.0000000Z,2018-12-30T07:00:00.0000000Z,5,4.0078
2993,158.06546697,158.06546697,156.27373791,156.82148312,2018-12-30T08:58:04.6700000Z,2018-12-30T08:00:43.0600000Z,2018-12-30T09:00:00.0000000Z,2018-12-30T08:00:00.0000000Z,25,81.19742736
2994,159.59350889,161.49999999,158.05908106,158.17778915,2018-12-30T09:57:51.8900000Z,2018-12-30T09:05:47.7370000Z,2018-12-30T10:00:00.0000000Z,2018-12-30T09:00:00.0000000Z,44,181.81206724
2995,161.1263852,161.12638537,158.89096878,159.59350889,2018-12-30T10:59:58.7000000Z,2018-12-30T10:10:12.1930000Z,2018-12-30T11:00:00.0000000Z,2018-12-30T10:00:00.0000000Z,16,19.10330188
2996,158.00606211,161.26031122,158.00603692,161.1263852,2018-12-30T11:45:00.1700000Z,2018-12-30T11:00:00.9500000Z,2018-12-30T12:00:00.0000000Z,2018-12-30T11:00:00.0000000Z,12,38.80905382
2997,158.98765309,161.87269998,157.00000722,159.86509637,2018-12-30T12:58:40.2170000Z,2018-12-30T12:00:05.6570000Z,2018-12-30T13:00:00.0000000Z,2018-12-30T12:00:00.0000000Z,22,54.49496694
2998,157.87563511,159.39423804,157.87563511,159.39423804,2018-12-30T13:51:24.4500000Z,2018-12-30T13:02:14.8600000Z,2018-12-30T14:00:00.0000000Z,2018-12-30T13:00:00.0000000Z,31,24.16787165
2999,158.80617878,158.80617878,158.49962321,158.49962321,2018-12-30T14:47:11.6230000Z,2018-12-30T14:17:38.3970000Z,2018-12-30T15:00:00.0000000Z,2018-12-30T14:00:00.0000000Z,9,19.58959146
3000,160.36775279,161.19253738,159.52954541,159.74446129,2018-12-30T15:54:54.0630000Z,2018-12-30T15:08:14.3000000Z,2018-12-30T16:00:00.0000000Z,2018-12-30T15:00:00.0000000Z,13,27.54279132
3001,159.51054642,159.66838641,159.51054642,159.66838641,2018-12-30T16:31:21.5070000Z,2018-12-30T16:15:32.1130000Z,2018-12-30T17:00:00.0000000Z,2018-12-30T16:00:00.0000000Z,5,3.76711872
3002,159.54476012,159.99997419,159.54476012,159.99997419,2018-12-30T17:58:39.9530000Z,2018-12-30T17:05:22.4230000Z,2018-12-30T18:00:00.0000000Z,2018-12-30T17:00:00.0000000Z,5,0.80678022
3003,159.78080619,160.48483184,159.15769888,159.15769888,2018-12-30T18:52:10.3100000Z,2018-12-30T18:03:13.8000000Z,2018-12-30T19:00:00.0000000Z,2018-12-30T18:00:00.0000000Z,28,90.77291224
3004,160.0,160.57269628,158.12563863,159.5,2018-12-30T19:56:07.9100000Z,2018-12-30T19:18:10.9730000Z,2018-12-30T20:00:00.0000000Z,2018-12-30T19:00:00.0000000Z,27,74.85989366
3005,159.27030182,159.27030182,159.27030182,159.27030182,2018-12-30T20:30:07.5100000Z,2018-12-30T20:30:07.5100000Z,2018-12-30T21:00:00.0000000Z,2018-12-30T20:00:00.0000000Z,2,12.34220258
3006,160.2,160.50001203,160.2,160.50001203,2018-12-30T21:35:52.5430000Z,2018-12-30T21:21:32.8030000Z,2018-12-30T22:00:00.0000000Z,2018-12-30T21:00:00.0000000Z,13,65.37692448
3007,159.57274086,159.96897166,158.73740313,159.84038237,2018-12-30T22:45:47.4830000Z,2018-12-30T22:06:14.5500000Z,2018-12-30T23:00:00.0000000Z,2018-12-30T22:00:00.0000000Z,7,7.99958153
3008,160.05935078,160.26,159.17805235,160.26,2018-12-30T23:36:30.7800000Z,2018-12-30T23:30:17.6400000Z,2018-12-31T00:00:00.0000000Z,2018-12-30T23:00:00.0000000Z,4,4.40253262
3009,159.91357781,161.36016121,159.17805235,160.67971939,2018-12-31T00:54:13.3600000Z,2018-12-31T00:00:13.5200000Z,2018-12-31T01:00:00.0000000Z,2018-12-31T00:00:00.0000000Z,12,21.80148694
3010,155.98994998,159.595533,155.10001709,159.595533,2018-12-31T01:48:20.9370000Z,2018-12-31T01:02:11.6730000Z,2018-12-31T02:00:00.0000000Z,2018-12-31T01:00:00.0000000Z,22,80.76475143
3011,155.38295547,157.07488506,155.38295547,155.99999972,2018-12-31T02:45:49.5430000Z,2018-12-31T02:02:20.3000000Z,2018-12-31T03:00:00.0000000Z,2018-12-31T02:00:00.0000000Z,9,2.26446031
3012,155.90571263,156.454943,155.89790541,156.004309,2018-12-31T03:47:29.1100000Z,2018-12-31T03:06:46.9600000Z,2018-12-31T04:00:00.0000000Z,2018-12-31T03:00:00.0000000Z,9,15.87357286
3013,156.36546979,156.36546979,155.47000001,155.47000001,2018-12-31T04:54:34.5970000Z,2018-12-31T04:03:01.5830000Z,2018-12-31T05:00:00.0000000Z,2018-12-31T04:00:00.0000000Z,6,5.21663603
3014,155.74672181,156.34540662,155.35908456,156.34540662,2018-12-31T05:57:55.0330000Z,2018-12-31T05:12:23.6630000Z,2018-12-31T06:00:00.0000000Z,2018-12-31T05:00:00.0000000Z,10,1.99876406
3015,155.74672192,155.74672192,155.74672178,155.74672192,2018-12-31T06:55:42.1900000Z,2018-12-31T06:19:51.6970000Z,2018-12-31T07:00:00.0000000Z,2018-12-31T06:00:00.0000000Z,10,18.82673185
3016,156.59318365,157.00403341,155.70138765,155.74672192,2018-12-31T07:54:54.7370000Z,2018-12-31T07:00:01.2230000Z,2018-12-31T08:00:00.0000000Z,2018-12-31T07:00:00.0000000Z,43,130.03156201
3017,156.12554883,156.60522664,156.12554883,156.59318361,2018-12-31T08:56:54.3800000Z,2018-12-31T08:01:38.8170000Z,2018-12-31T09:00:00.0000000Z,2018-12-31T08:00:00.0000000Z,5,0.34916123
3018,157.45390171,157.45390171,155.58424,155.70138015,2018-12-31T09:59:43.4570000Z,2018-12-31T09:18:20.7600000Z,2018-12-31T10:00:00.0000000Z,2018-12-31T09:00:00.0000000Z,8,13.82487204
3019,157.4539016,157.45390168,156.36213409,156.36213409,2018-12-31T10:55:58.1130000Z,2018-12-31T10:20:02.2600000Z,2018-12-31T11:00:00.0000000Z,2018-12-31T10:00:00.0000000Z,7,3.36126014
3020,153.06422021,156.362134,153.04263822,156.362134,2018-12-31T11:53:22.6700000Z,2018-12-31T11:09:06.4070000Z,2018-12-31T12:00:00.0000000Z,2018-12-31T11:00:00.0000000Z,60,123.79380275
3021,155.00211191,155.00211191,153.22938378,154.77725271,2018-12-31T12:59:11.9070000Z,2018-12-31T12:08:43.5800000Z,2018-12-31T13:00:00.0000000Z,2018-12-31T12:00:00.0000000Z,14,3.34909947
3022,154.6759165,155.34876577,154.20005915,155.34876577,2018-12-31T13:46:54.8100000Z,2018-12-31T13:00:48.3900000Z,2018-12-31T14:00:00.0000000Z,2018-12-31T13:00:00.0000000Z,23,210.23946997
3023,156.77271922,156.77271922,153.64384744,154.77298599,2018-12-31T14:58:30.3930000Z,2018-12-31T14:05:45.5470000Z,2018-12-31T15:00:00.0000000Z,2018-12-31T14:00:00.0000000Z,20,20.05766523
3024,156.58378266,158.35273174,155.1925118,155.1925118,2018-12-31T15:55:08.5000000Z,2018-12-31T15:03:20.8000000Z,2018-12-31T16:00:00.0000000Z,2018-12-31T15:00:00.0000000Z,25,79.30314148
3025,156.80677458,156.80677458,155.62602598,156.58378278,2018-12-31T16:33:13.0870000Z,2018-12-31T16:00:38.6270000Z,2018-12-31T17:00:00.0000000Z,2018-12-31T16:00:00.0000000Z,5,4.8384951
3026,156.38237436,156.38237436,156.38237436,156.38237436,2018-12-31T17:34:57.8700000Z,2018-12-31T17:02:50.6730000Z,2018-12-31T18:00:00.0000000Z,2018-12-31T17:00:00.0000000Z,3,0.02107723
3027,152.72232057,155.65247443,152.0,155.65247443,2018-12-31T19:55:33.3770000Z,2018-12-31T19:20:07.5400000Z,2018-12-31T20:00:00.0000000Z,2018-12-31T19:00:00.0000000Z,25,90.35517802
3028,149.0,152.38753107,149.0,152.0,2018-12-31T20:41:36.7630000Z,2018-12-31T20:01:14.6400000Z,2018-12-31T21:00:00.0000000Z,2018-12-31T20:00:00.0000000Z,51,157.07100803
3029,148.95549882,148.95549882,148.95549879,148.95549882,2018-12-31T21:52:52.6400000Z,2018-12-31T21:50:09.6100000Z,2018-12-31T22:00:00.0000000Z,2018-12-31T21:00:00.0000000Z,3,38.37775859
3030,147.70513807,148.50657857,145.0,148.50657857,2018-12-31T22:57:20.0330000Z,2018-12-31T22:12:08.3500000Z,2018-12-31T23:00:00.0000000Z,2018-12-31T22:00:00.0000000Z,27,41.61756343
3031,149.57652303,149.74526904,148.54057648,148.54057648,2018-12-31T23:40:47.9830000Z,2018-12-31T23:00:50.9570000Z,2019-01-01T00:00:00.0000000Z,2018-12-31T23:00:00.0000000Z,9,10.05932448
3032,152.65802331,152.65802331,147.36219054,147.65,2019-01-01T00:51:57.5000000Z,2019-01-01T00:06:55.7100000Z,2019-01-01T01:00:00.0000000Z,2019-01-01T00:00:00.0000000Z,25,36.47024822
3033,150.11656141,151.47104854,149.58944563,150.90781965,2019-01-01T01:55:53.2700000Z,2019-01-01T01:07:30.1300000Z,2019-01-01T02:00:00.0000000Z,2019-01-01T01:00:00.0000000Z,8,8.34516277
3034,151.48772525,153.49606752,150.19243842,150.19243842,2019-01-01T02:47:02.9030000Z,2019-01-01T02:08:57.1630000Z,2019-01-01T03:00:00.0000000Z,2019-01-01T02:00:00.0000000Z,34,100.3754499
3035,158.46319913,159.42406637,152.587417,152.587417,2019-01-01T03:59:32.9230000Z,2019-01-01T03:01:08.2200000Z,2019-01-01T04:00:00.0000000Z,2019-01-01T03:00:00.0000000Z,93,223.90622617
3036,162.11714786,165.0,158.60374064,159.97394246,2019-01-01T04:48:58.3770000Z,2019-01-01T04:01:57.5630000Z,2019-01-01T05:00:00.0000000Z,2019-01-01T04:00:00.0000000Z,87,127.84843866
3037,159.18574126,160.91527534,159.18574126,160.91527531,2019-01-01T05:41:41.5770000Z,2019-01-01T05:02:28.9730000Z,2019-01-01T06:00:00.0000000Z,2019-01-01T05:00:00.0000000Z,16,40.9900233
3038,160.0,160.0,158.33039447,158.33039447,2019-01-01T06:52:40.7030000Z,2019-01-01T06:00:23.8000000Z,2019-01-01T07:00:00.0000000Z,2019-01-01T06:00:00.0000000Z,16,15.24527924
3039,160.52311072,160.91489464,159.634,160.43284804,2019-01-01T07:55:18.0030000Z,2019-01-01T07:00:57.8800000Z,2019-01-01T08:00:00.0000000Z,2019-01-01T07:00:00.0000000Z,9,15.28307264
3040,162.423,163.76948635,160.35730253,162.52517212,2019-01-01T08:56:05.7700000Z,2019-01-01T08:02:49.7400000Z,2019-01-01T09:00:00.0000000Z,2019-01-01T08:00:00.0000000Z,53,115.87551113
3041,159.1740729,161.0859474,159.1740729,161.0859474,2019-01-01T09:37:23.3100000Z,2019-01-01T09:03:38.6000000Z,2019-01-01T10:00:00.0000000Z,2019-01-01T09:00:00.0000000Z,15,74.96343219
3042,159.67631258,160.0,158.15179125,158.15179125,2019-01-01T10:54:05.4570000Z,2019-01-01T10:01:44.7700000Z,2019-01-01T11:00:00.0000000Z,2019-01-01T10:00:00.0000000Z,8,10.04140638
3043,159.54826038,159.54826038,159.54826038,159.54826038,2019-01-01T11:58:04.4070000Z,2019-01-01T11:51:27.3430000Z,2019-01-01T12:00:00.0000000Z,2019-01-01T11:00:00.0000000Z,15,15.9420342
3044,159.0,159.0,159.0,159.0,2019-01-01T12:18:05.4930000Z,2019-01-01T12:18:05.4930000Z,2019-01-01T13:00:00.0000000Z,2019-01-01T12:00:00.0000000Z,1,0.08
3045,159.0,159.49999999,158.99999999,159.49999999,2019-01-01T13:58:13.3470000Z,2019-01-01T13:19:29.4930000Z,2019-01-01T14:00:00.0000000Z,2019-01-01T13:00:00.0000000Z,10,19.64500449
3046,156.38034003,157.0,156.38033818,157.0,2019-01-01T14:54:20.1130000Z,2019-01-01T14:27:57.0600000Z,2019-01-01T15:00:00.0000000Z,2019-01-01T14:00:00.0000000Z,14,104.3852773
3047,156.11357033,156.11357033,153.50062087,155.0,2019-01-01T15:35:41.7500000Z,2019-01-01T15:04:57.6000000Z,2019-01-01T16:00:00.0000000Z,2019-01-01T15:00:00.0000000Z,16,44.09585655
3048,158.27,158.73705364,156.11357033,156.11357033,2019-01-01T16:59:37.9130000Z,2019-01-01T16:01:55.8200000Z,2019-01-01T17:00:00.0000000Z,2019-01-01T16:00:00.0000000Z,9,70.60431982
3049,156.80937936,158.17227851,156.67906056,158.0,2019-01-01T17:54:23.6770000Z,2019-01-01T17:02:23.4130000Z,2019-01-01T18:00:00.0000000Z,2019-01-01T17:00:00.0000000Z,22,35.01558276
3050,155.99988101,156.900686,154.26143176,156.80937931,2019-01-01T18:41:03.0500000Z,2019-01-01T18:01:08.1170000Z,2019-01-01T19:00:00.0000000Z,2019-01-01T18:00:00.0000000Z,11,14.62778938
3051,158.2,158.2,155.99963156,155.99963156,2019-01-01T19:57:20.1130000Z,2019-01-01T19:04:57.4600000Z,2019-01-01T20:00:00.0000000Z,2019-01-01T19:00:00.0000000Z,29,67.8717199
3052,162.72341809,162.72341809,157.55202743,157.55202743,2019-01-01T20:55:30.6800000Z,2019-01-01T20:00:12.4100000Z,2019-01-01T21:00:00.0000000Z,2019-01-01T20:00:00.0000000Z,42,49.71686722
3053,158.03807077,162.72341481,158.03807077,160.47000006,2019-01-01T21:49:52.0700000Z,2019-01-01T21:01:49.6500000Z,2019-01-01T22:00:00.0000000Z,2019-01-01T21:00:00.0000000Z,26,95.81396078
3054,160.0,160.0,159.99985684,159.9998804,2019-01-01T22:56:18.2270000Z,2019-01-01T22:35:54.7530000Z,2019-01-01T23:00:00.0000000Z,2019-01-01T22:00:00.0000000Z,6,0.68153338
3055,162.30072102,163.76948451,160.0,160.0,2019-01-01T23:52:10.7100000Z,2019-01-01T23:03:21.7270000Z,2019-01-02T00:00:00.0000000Z,2019-01-01T23:00:00.0000000Z,43,147.30068585
3056,160.00365487,163.74998949,160.0,162.86144176,2019-01-02T00:57:13.1500000Z,2019-01-02T00:00:32.9730000Z,2019-01-02T01:00:00.0000000Z,2019-01-02T00:00:00.0000000Z,59,78.12146879
3057,163.11086224,166.24691419,160.90498173,162.76330646,2019-01-02T01:58:29.8030000Z,2019-01-02T01:08:54.9930000Z,2019-01-02T02:00:00.0000000Z,2019-01-02T01:00:00.0000000Z,138,216.89964886
3058,162.0,162.58743185,161.50000005,161.50000005,2019-01-02T02:40:15.1300000Z,2019-01-02T02:06:30.1370000Z,2019-01-02T03:00:00.0000000Z,2019-01-02T02:00:00.0000000Z,11,14.85364293
3059,161.2,163.50722595,161.2,162.70888298,2019-01-02T03:57:12.2270000Z,2019-01-02T03:31:03.9700000Z,2019-01-02T04:00:00.0000000Z,2019-01-02T03:00:00.0000000Z,14,13.09898312
3060,161.63375992,162.25794821,161.0,162.25794821,2019-01-02T04:50:05.2070000Z,2019-01-02T04:02:25.6670000Z,2019-01-02T05:00:00.0000000Z,2019-01-02T04:00:00.0000000Z,5,1.93481632
3061,161.41579578,161.59002998,161.0045,161.0045,2019-01-02T05:54:15.1930000Z,2019-01-02T05:09:38.1530000Z,2019-01-02T06:00:00.0000000Z,2019-01-02T05:00:00.0000000Z,12,10.04952238
3062,159.79559689,161.23441718,159.17009354,160.67923073,2019-01-02T06:46:06.2870000Z,2019-01-02T06:06:32.5730000Z,2019-01-02T07:00:00.0000000Z,2019-01-02T06:00:00.0000000Z,17,36.31978532
3063,159.78601014,161.33027772,159.78601014,159.796,2019-01-02T07:53:46.2700000Z,2019-01-02T07:05:01.8230000Z,2019-01-02T08:00:00.0000000Z,2019-01-02T07:00:00.0000000Z,17,10.82252349
3064,162.13729539,162.13729539,160.30079192,160.30079192,2019-01-02T08:50:06.6770000Z,2019-01-02T08:02:44.7130000Z,2019-01-02T09:00:00.0000000Z,2019-01-02T08:00:00.0000000Z,22,53.66651519
3065,160.70979979,160.88000575,160.38072781,160.88000575,2019-01-02T09:34:57.5930000Z,2019-01-02T09:17:55.1030000Z,2019-01-02T10:00:00.0000000Z,2019-01-02T09:00:00.0000000Z,10,41.06206444
3066,161.90529331,161.90529331,160.301,160.38072781,2019-01-02T10:52:45.2730000Z,2019-01-02T10:07:53.1970000Z,2019-01-02T11:00:00.0000000Z,2019-01-02T10:00:00.0000000Z,24,29.67915581
3067,163.50718183,163.50718383,161.90529331,161.90529331,2019-01-02T11:54:49.2100000Z,2019-01-02T11:12:28.5430000Z,2019-01-02T12:00:00.0000000Z,2019-01-02T11:00:00.0000000Z,25,81.55675523
3068,163.50717927,163.50717927,160.894,163.50717796,2019-01-02T12:56:42.3830000Z,2019-01-02T12:04:53.1370000Z,2019-01-02T13:00:00.0000000Z,2019-01-02T12:00:00.0000000Z,45,8.81030985
3069,164.40660104,165.0,162.99493571,163.50717534,2019-01-02T13:59:55.9630000Z,2019-01-02T13:00:46.1500000Z,2019-01-02T14:00:00.0000000Z,2019-01-02T13:00:00.0000000Z,81,122.20022204
3070,162.24258051,164.5,162.24258051,164.40660104,2019-01-02T14:59:14.8200000Z,2019-01-02T14:02:01.0730000Z,2019-01-02T15:00:00.0000000Z,2019-01-02T14:00:00.0000000Z,57,190.3717068
3071,161.06734945,163.83399035,160.09799133,163.83399035,2019-01-02T15:54:08.9900000Z,2019-01-02T15:16:32.5900000Z,2019-01-02T16:00:00.0000000Z,2019-01-02T15:00:00.0000000Z,21,22.88070457
3072,163.30000293,164.25482271,162.05654759,162.06532134,2019-01-02T16:59:59.6200000Z,2019-01-02T16:12:48.8100000Z,2019-01-02T17:00:00.0000000Z,2019-01-02T16:00:00.0000000Z,42,123.27360341
3073,163.0,163.300003,161.5029796,163.300003,2019-01-02T17:52:10.4600000Z,2019-01-02T17:00:17.5100000Z,2019-01-02T18:00:00.0000000Z,2019-01-02T17:00:00.0000000Z,24,85.25535379
3074,162.66356286,163.07026801,162.09850842,162.8171,2019-01-02T18:54:26.7870000Z,2019-01-02T18:05:54.5570000Z,2019-01-02T19:00:00.0000000Z,2019-01-02T18:00:00.0000000Z,6,2.39111589
3075,163.4699995,163.4699995,162.66356246,162.85071134,2019-01-02T19:29:16.5930000Z,2019-01-02T19:01:56.1630000Z,2019-01-02T20:00:00.0000000Z,2019-01-02T19:00:00.0000000Z,9,16.39212498
3076,163.99938153,163.99938153,162.44138119,162.44138119,2019-01-02T20:56:16.4130000Z,2019-01-02T20:11:44.3570000Z,2019-01-02T21:00:00.0000000Z,2019-01-02T20:00:00.0000000Z,7,5.41651908
3077,165.694,165.69432261,163.27842999,164.35119663,2019-01-02T21:59:03.8400000Z,2019-01-02T21:07:24.3230000Z,2019-01-02T22:00:00.0000000Z,2019-01-02T21:00:00.0000000Z,25,42.01331573
3078,165.894,165.99999991,164.0237611,165.7612657,2019-01-02T22:59:50.9130000Z,2019-01-02T22:06:55.1200000Z,2019-01-02T23:00:00.0000000Z,2019-01-02T22:00:00.0000000Z,32,62.0206571
3079,167.43258101,171.87538712,165.99999993,165.99999993,2019-01-02T23:57:04.5300000Z,2019-01-02T23:00:36.0100000Z,2019-01-03T00:00:00.0000000Z,2019-01-02T23:00:00.0000000Z,66,151.31731994
3080,169.14968376,172.85149643,169.07876348,169.07876997,2019-01-03T00:54:06.6700000Z,2019-01-03T00:01:23.3470000Z,2019-01-03T01:00:00.0000000Z,2019-01-03T00:00:00.0000000Z,74,137.77691428
3081,167.97472861,167.97472861,166.09606153,166.09606153,2019-01-03T01:40:37.9100000Z,2019-01-03T01:31:47.1770000Z,2019-01-03T02:00:00.0000000Z,2019-01-03T01:00:00.0000000Z,9,16.91991708
3082,169.3455305,170.89073469,167.7997869,169.25581169,2019-01-03T02:58:17.2800000Z,2019-01-03T02:01:22.8270000Z,2019-01-03T03:00:00.0000000Z,2019-01-03T02:00:00.0000000Z,33,28.30437724
3083,169.00131021,169.3455305,167.9765291,169.3455305,2019-01-03T03:30:17.1130000Z,2019-01-03T03:01:08.1730000Z,2019-01-03T04:00:00.0000000Z,2019-01-03T03:00:00.0000000Z,11,34.22413716
3084,167.61857034,169.23595,167.43808541,169.0,2019-01-03T04:47:44.9630000Z,2019-01-03T04:05:36.7800000Z,2019-01-03T05:00:00.0000000Z,2019-01-03T04:00:00.0000000Z,28,103.87134656
3085,166.64866785,166.64866785,165.28044958,166.62906606,2019-01-03T05:53:06.5270000Z,2019-01-03T05:02:20.6700000Z,2019-01-03T06:00:00.0000000Z,2019-01-03T05:00:00.0000000Z,20,53.56413216
3086,166.48518926,167.18728486,165.69784609,167.18728486,2019-01-03T06:59:46.8100000Z,2019-01-03T06:09:03.5930000Z,2019-01-03T07:00:00.0000000Z,2019-01-03T06:00:00.0000000Z,10,19.96721736
3087,167.0908484,167.0908484,166.59,166.59,2019-01-03T07:38:58.2900000Z,2019-01-03T07:33:09.2270000Z,2019-01-03T08:00:00.0000000Z,2019-01-03T07:00:00.0000000Z,13,32.56623299
3088,163.00000004,166.25186718,163.00000004,165.82405643,2019-01-03T08:56:23.0770000Z,2019-01-03T08:08:34.0930000Z,2019-01-03T09:00:00.0000000Z,2019-01-03T08:00:00.0000000Z,32,107.46814027
3089,163.25484968,163.25484968,161.10074289,163.0,2019-01-03T09:59:09.3570000Z,2019-01-03T09:00:21.6530000Z,2019-01-03T10:00:00.0000000Z,2019-01-03T09:00:00.0000000Z,17,14.64306959
3090,163.25484964,163.25484964,162.3940585,163.25484961,2019-01-03T10:22:17.3800000Z,2019-01-03T10:11:48.0630000Z,2019-01-03T11:00:00.0000000Z,2019-01-03T10:00:00.0000000Z,3,0.31957529
3091,161.14065012,161.1406504,160.0,161.0,2019-01-03T11:51:50.4330000Z,2019-01-03T11:17:39.8930000Z,2019-01-03T12:00:00.0000000Z,2019-01-03T11:00:00.0000000Z,20,62.18791041
3092,162.5,162.92831201,161.07260868,161.73702421,2019-01-03T12:59:47.5900000Z,2019-01-03T12:09:10.6900000Z,2019-01-03T13:00:00.0000000Z,2019-01-03T12:00:00.0000000Z,68,304.54226703
3093,161.0,163.06699795,161.0,162.89628723,2019-01-03T13:48:39.0900000Z,2019-01-03T13:00:21.7470000Z,2019-01-03T14:00:00.0000000Z,2019-01-03T13:00:00.0000000Z,40,54.99984038
3094,160.90228234,161.27336397,160.00000001,161.27336397,2019-01-03T14:59:07.4330000Z,2019-01-03T14:31:54.8500000Z,2019-01-03T15:00:00.0000000Z,2019-01-03T14:00:00.0000000Z,9,22.97868104
3095,160.90802323,161.29659891,160.0,160.0,2019-01-03T15:43:41.1800000Z,2019-01-03T15:02:40.1530000Z,2019-01-03T16:00:00.0000000Z,2019-01-03T15:00:00.0000000Z,4,3.18919971
3096,156.07748877,161.25747958,155.57,160.76543275,2019-01-03T16:58:31.2000000Z,2019-01-03T16:06:39.6600000Z,2019-01-03T17:00:00.0000000Z,2019-01-03T16:00:00.0000000Z,61,142.44259072
3097,158.08666563,158.73425646,155.04617371,155.04617371,2019-01-03T17:58:35.6070000Z,2019-01-03T17:00:08.3400000Z,2019-01-03T18:00:00.0000000Z,2019-01-03T17:00:00.0000000Z,35,79.65179476
3098,157.35033135,157.35033135,157.35033135,157.35033135,2019-01-03T18:03:26.1400000Z,2019-01-03T18:03:26.1400000Z,2019-01-03T19:00:00.0000000Z,2019-01-03T18:00:00.0000000Z,1,1.2710491099999999
3099,157.7021894,157.70218946,157.7021894,157.70218946,2019-01-03T19:07:13.9870000Z,2019-01-03T19:07:09.5670000Z,2019-01-03T20:00:00.0000000Z,2019-01-03T19:00:00.0000000Z,4,6.98928127
3100,156.73796359,156.73796359,156.73796359,156.73796359,2019-01-03T20:01:26.9070000Z,2019-01-03T20:01:26.9070000Z,2019-01-03T21:00:00.0000000Z,2019-01-03T20:00:00.0000000Z,1,3.15304958
3101,158.5,159.86633322,158.5,159.86633322,2019-01-03T23:51:57.4500000Z,2019-01-03T23:12:32.1730000Z,2019-01-04T00:00:00.0000000Z,2019-01-03T23:00:00.0000000Z,3,0.23018541
3102,158.55816303,159.6836115,156.8439557,158.55,2019-01-04T00:57:03.1700000Z,2019-01-04T00:01:46.4830000Z,2019-01-04T01:00:00.0000000Z,2019-01-04T00:00:00.0000000Z,27,62.66525476
3103,160.21443649,160.21443649,159.32052908,159.54127981,2019-01-04T01:48:06.8100000Z,2019-01-04T01:05:36.8300000Z,2019-01-04T02:00:00.0000000Z,2019-01-04T01:00:00.0000000Z,4,2.8711406
3104,158.44895234,160.10961025,158.08603433,160.10961025,2019-01-04T02:56:42.1400000Z,2019-01-04T02:00:47.3770000Z,2019-01-04T03:00:00.0000000Z,2019-01-04T02:00:00.0000000Z,9,10.1652933
3105,158.19095316,158.19095316,158.19095316,158.19095316,2019-01-04T03:04:21.3770000Z,2019-01-04T03:04:21.3770000Z,2019-01-04T04:00:00.0000000Z,2019-01-04T03:00:00.0000000Z,1,0.00760972
3106,159.95962802,160.93941328,159.43028173,160.93941325,2019-01-04T04:55:24.1570000Z,2019-01-04T04:01:49.2670000Z,2019-01-04T05:00:00.0000000Z,2019-01-04T04:00:00.0000000Z,8,13.99642297
3107,161.00000004,161.32085573,159.50000032,159.96,2019-01-04T05:49:41.8270000Z,2019-01-04T05:08:11.5070000Z,2019-01-04T06:00:00.0000000Z,2019-01-04T05:00:00.0000000Z,10,6.03800986
3108,161.25,162.55297092,161.25,161.50184389,2019-01-04T06:48:13.3570000Z,2019-01-04T06:13:56.6300000Z,2019-01-04T07:00:00.0000000Z,2019-01-04T06:00:00.0000000Z,8,6.16505278
3109,161.42811648,161.42811648,160.58579776,160.58579776,2019-01-04T07:13:59.9100000Z,2019-01-04T07:05:05.3730000Z,2019-01-04T08:00:00.0000000Z,2019-01-04T07:00:00.0000000Z,2,1.77551895
3110,158.0,159.35560664,158.0,159.35560664,2019-01-04T08:57:32.8900000Z,2019-01-04T08:40:18.6870000Z,2019-01-04T09:00:00.0000000Z,2019-01-04T08:00:00.0000000Z,9,49.6106918
3111,157.84887573,157.84887573,157.13055024,157.43767834,2019-01-04T09:54:21.6400000Z,2019-01-04T09:02:36.0000000Z,2019-01-04T10:00:00.0000000Z,2019-01-04T09:00:00.0000000Z,8,31.21320555
3112,158.03428859,158.16079624,157.49611745,158.16079624,2019-01-04T10:38:52.1670000Z,2019-01-04T10:00:44.8430000Z,2019-01-04T11:00:00.0000000Z,2019-01-04T10:00:00.0000000Z,18,125.65849759
3113,157.25238253,158.03428859,157.25238253,158.03428859,2019-01-04T11:59:02.3300000Z,2019-01-04T11:02:57.5170000Z,2019-01-04T12:00:00.0000000Z,2019-01-04T11:00:00.0000000Z,9,13.878624779999999
3114,156.7588552,157.13055024,156.7588552,157.13055024,2019-01-04T12:49:16.7300000Z,2019-01-04T12:01:53.5500000Z,2019-01-04T13:00:00.0000000Z,2019-01-04T12:00:00.0000000Z,7,6.34497126
3115,156.1,157.35873905,156.00000007,157.35873905,2019-01-04T13:31:43.4370000Z,2019-01-04T13:01:36.6100000Z,2019-01-04T14:00:00.0000000Z,2019-01-04T13:00:00.0000000Z,10,44.12142736
3116,152.3,156.49791285,151.84902433,156.1,2019-01-04T14:58:19.1700000Z,2019-01-04T14:14:19.9900000Z,2019-01-04T15:00:00.0000000Z,2019-01-04T14:00:00.0000000Z,39,77.11396378
3117,154.0,154.0,151.19303098,151.62104833,2019-01-04T15:57:54.6270000Z,2019-01-04T15:02:14.2670000Z,2019-01-04T16:00:00.0000000Z,2019-01-04T15:00:00.0000000Z,38,90.80074127
3118,156.34589115,156.34589115,155.04663242,155.04663242,2019-01-04T16:52:03.9200000Z,2019-01-04T16:01:03.4870000Z,2019-01-04T17:00:00.0000000Z,2019-01-04T16:00:00.0000000Z,12,25.03413329
3119,155.36710251,155.86981,155.36710251,155.76975344,2019-01-04T17:53:38.5430000Z,2019-01-04T17:07:57.8000000Z,2019-01-04T18:00:00.0000000Z,2019-01-04T17:00:00.0000000Z,8,14.65016708
3120,155.21583261,155.21583261,154.095,154.095,2019-01-04T18:44:37.2630000Z,2019-01-04T18:18:28.4130000Z,2019-01-04T19:00:00.0000000Z,2019-01-04T18:00:00.0000000Z,3,2.85436432
3121,155.77331399,155.77331399,154.7508343,154.84444855,2019-01-04T19:55:18.9500000Z,2019-01-04T19:04:42.1730000Z,2019-01-04T20:00:00.0000000Z,2019-01-04T19:00:00.0000000Z,16,8.3692903
3122,157.49324688,158.4396238,154.97046403,155.54746406,2019-01-04T20:59:20.8300000Z,2019-01-04T20:07:33.3770000Z,2019-01-04T21:00:00.0000000Z,2019-01-04T20:00:00.0000000Z,37,59.45374714
3123,158.42738887,159.73995162,158.17820013,158.7365475,2019-01-04T21:56:00.2330000Z,2019-01-04T21:06:49.8300000Z,2019-01-04T22:00:00.0000000Z,2019-01-04T21:00:00.0000000Z,42,97.10270754
3124,158.82632634,159.59537897,157.38037938,159.59537897,2019-01-04T22:28:03.0400000Z,2019-01-04T22:03:04.1270000Z,2019-01-04T23:00:00.0000000Z,2019-01-04T22:00:00.0000000Z,5,3.24811397
3125,158.0,158.55648033,157.4,158.36108787,2019-01-04T23:59:27.7630000Z,2019-01-04T23:03:53.9230000Z,2019-01-05T00:00:00.0000000Z,2019-01-04T23:00:00.0000000Z,18,2.53654338
3126,159.1,160.09790747,158.0,158.0,2019-01-05T00:59:50.9070000Z,2019-01-05T00:11:13.6600000Z,2019-01-05T01:00:00.0000000Z,2019-01-05T00:00:00.0000000Z,34,169.80709735
3127,158.78871587,160.68074471,158.4,159.98730698,2019-01-05T01:56:09.4030000Z,2019-01-05T01:01:59.7670000Z,2019-01-05T02:00:00.0000000Z,2019-01-05T01:00:00.0000000Z,17,33.70958247
3128,159.20984782,160.0,158.34079171,158.91956614,2019-01-05T02:40:51.5730000Z,2019-01-05T02:00:20.9070000Z,2019-01-05T03:00:00.0000000Z,2019-01-05T02:00:00.0000000Z,25,74.38145781
3129,157.67046432,158.66764865,157.67046432,158.66764865,2019-01-05T03:46:50.2470000Z,2019-01-05T03:07:00.4230000Z,2019-01-05T04:00:00.0000000Z,2019-01-05T03:00:00.0000000Z,14,19.1518725
3130,157.50272513,158.6049419,157.22597446,158.01841597,2019-01-05T04:56:27.3400000Z,2019-01-05T04:29:27.9430000Z,2019-01-05T05:00:00.0000000Z,2019-01-05T04:00:00.0000000Z,18,112.79803372
3131,159.12496609,159.12496609,159.02528484,159.02528484,2019-01-05T05:53:46.8900000Z,2019-01-05T05:53:46.8900000Z,2019-01-05T06:00:00.0000000Z,2019-01-05T05:00:00.0000000Z,2,1.0
3132,155.46,157.504,155.28841315,157.504,2019-01-05T06:44:57.8570000Z,2019-01-05T06:22:10.2570000Z,2019-01-05T07:00:00.0000000Z,2019-01-05T06:00:00.0000000Z,18,22.8667099
3133,154.47148008,156.45,154.47148008,155.955,2019-01-05T07:54:48.6230000Z,2019-01-05T07:02:18.7070000Z,2019-01-05T08:00:00.0000000Z,2019-01-05T07:00:00.0000000Z,12,7.8809224
3134,156.44999988,156.44999988,154.73384601,154.73384601,2019-01-05T08:49:04.2800000Z,2019-01-05T08:05:04.2800000Z,2019-01-05T09:00:00.0000000Z,2019-01-05T08:00:00.0000000Z,15,58.68029636
3135,156.4327469,156.4327469,155.76027635,155.76027635,2019-01-05T09:37:50.1070000Z,2019-01-05T09:15:19.5370000Z,2019-01-05T10:00:00.0000000Z,2019-01-05T09:00:00.0000000Z,2,2.92856353
3136,155.61,155.61,154.98255059,155.61,2019-01-05T10:54:15.7170000Z,2019-01-05T10:00:25.4070000Z,2019-01-05T11:00:00.0000000Z,2019-01-05T10:00:00.0000000Z,22,109.6669304
3137,156.80037743,156.80037743,155.61,155.61,2019-01-05T11:42:32.1700000Z,2019-01-05T11:03:13.6900000Z,2019-01-05T12:00:00.0000000Z,2019-01-05T11:00:00.0000000Z,4,1.24518104
3138,156.5,157.39715546,156.5,156.80037743,2019-01-05T12:46:02.1230000Z,2019-01-05T12:21:41.1470000Z,2019-01-05T13:00:00.0000000Z,2019-01-05T12:00:00.0000000Z,5,3.5241921
3139,161.23308517,164.41109056,156.0,156.0,2019-01-05T13:52:01.9070000Z,2019-01-05T13:02:23.5630000Z,2019-01-05T14:00:00.0000000Z,2019-01-05T13:00:00.0000000Z,86,82.76118924
3140,160.15128906,161.67105504,159.54194025,161.67105504,2019-01-05T14:58:57.1270000Z,2019-01-05T14:00:42.6730000Z,2019-01-05T15:00:00.0000000Z,2019-01-05T14:00:00.0000000Z,16,6.80087474
3141,159.02228849,161.07925612,159.02228849,160.15128909,2019-01-05T15:55:19.0000000Z,2019-01-05T15:00:28.8000000Z,2019-01-05T16:00:00.0000000Z,2019-01-05T15:00:00.0000000Z,41,143.45693694
3142,159.0,160.33030474,157.74641966,159.19918728,2019-01-05T16:46:59.5300000Z,2019-01-05T16:00:21.2370000Z,2019-01-05T17:00:00.0000000Z,2019-01-05T16:00:00.0000000Z,26,66.48439636
3143,158.83701988,158.83712009,158.83701988,158.83712009,2019-01-05T17:28:46.2430000Z,2019-01-05T17:28:46.2430000Z,2019-01-05T18:00:00.0000000Z,2019-01-05T17:00:00.0000000Z,2,0.33417433
3144,160.3,160.3,159.91545055,160.3,2019-01-05T18:41:44.8900000Z,2019-01-05T18:31:29.5730000Z,2019-01-05T19:00:00.0000000Z,2019-01-05T18:00:00.0000000Z,21,96.02173356
3145,160.58146393,160.58146393,159.45,159.45,2019-01-05T19:46:11.4700000Z,2019-01-05T19:12:21.2570000Z,2019-01-05T20:00:00.0000000Z,2019-01-05T19:00:00.0000000Z,3,1.75995786
3146,159.48138391,159.48138391,159.48138391,159.48138391,2019-01-05T20:23:19.2300000Z,2019-01-05T20:23:19.0570000Z,2019-01-05T21:00:00.0000000Z,2019-01-05T20:00:00.0000000Z,2,5.53563513
3147,160.0000154,160.15395629,160.0000154,160.15395627,2019-01-05T21:24:00.4370000Z,2019-01-05T21:21:19.2630000Z,2019-01-05T22:00:00.0000000Z,2019-01-05T21:00:00.0000000Z,6,12.66638903
3148,157.61860825,158.69504635,156.37834801,158.69504635,2019-01-05T22:43:52.7070000Z,2019-01-05T22:08:16.6800000Z,2019-01-05T23:00:00.0000000Z,2019-01-05T22:00:00.0000000Z,41,93.9717928
3149,157.28575119,157.54853834,156.66532547,157.50000007,2019-01-05T23:56:54.3500000Z,2019-01-05T23:00:58.8970000Z,2019-01-06T00:00:00.0000000Z,2019-01-05T23:00:00.0000000Z,14,28.91387834
3150,157.50093285,157.50093285,156.57773095,157.21285301,2019-01-06T00:59:40.3070000Z,2019-01-06T00:01:02.8030000Z,2019-01-06T01:00:00.0000000Z,2019-01-06T00:00:00.0000000Z,17,28.48212253
3151,156.57743088,157.83031467,156.57743088,157.5009329,2019-01-06T01:56:15.3500000Z,2019-01-06T01:01:04.3530000Z,2019-01-06T02:00:00.0000000Z,2019-01-06T01:00:00.0000000Z,9,4.46246759
3152,156.17922321,156.27494135,155.47066799,155.96441361,2019-01-06T02:52:19.6930000Z,2019-01-06T02:00:35.4430000Z,2019-01-06T03:00:00.0000000Z,2019-01-06T02:00:00.0000000Z,26,77.9521295
3153,157.63466454,157.63466454,156.78796177,156.78796177,2019-01-06T03:49:49.2530000Z,2019-01-06T03:02:53.8830000Z,2019-01-06T04:00:00.0000000Z,2019-01-06T03:00:00.0000000Z,13,65.83993288
3154,156.82001276,158.08397567,156.82001276,157.68490603,2019-01-06T05:57:51.9000000Z,2019-01-06T05:28:23.1730000Z,2019-01-06T06:00:00.0000000Z,2019-01-06T05:00:00.0000000Z,6,4.51725084
3155,156.82001276,156.82001276,156.82001276,156.82001276,2019-01-06T06:01:09.7270000Z,2019-01-06T06:01:09.7270000Z,2019-01-06T07:00:00.0000000Z,2019-01-06T06:00:00.0000000Z,1,0.20490333
3156,155.86034919,155.94319774,155.86034919,155.94319774,2019-01-06T07:44:06.0200000Z,2019-01-06T07:20:03.4200000Z,2019-01-06T08:00:00.0000000Z,2019-01-06T07:00:00.0000000Z,2,12.52921125
3157,157.09272982,157.09272982,156.3838074,156.5039569,2019-01-06T08:43:54.2230000Z,2019-01-06T08:32:00.1270000Z,2019-01-06T09:00:00.0000000Z,2019-01-06T08:00:00.0000000Z,3,5.32515731
3158,156.81682855,157.17468099,156.68837327,156.80000006,2019-01-06T09:59:57.5400000Z,2019-01-06T09:35:42.1730000Z,2019-01-06T10:00:00.0000000Z,2019-01-06T09:00:00.0000000Z,10,14.2261623
3159,158.0518,158.366383,157.52713648,157.52713648,2019-01-06T10:43:44.8930000Z,2019-01-06T10:34:59.2030000Z,2019-01-06T11:00:00.0000000Z,2019-01-06T10:00:00.0000000Z,3,7.35089006
3160,158.82828024,159.3167591,158.82828024,159.03547673,2019-01-06T11:55:30.1630000Z,2019-01-06T11:00:59.0100000Z,2019-01-06T12:00:00.0000000Z,2019-01-06T11:00:00.0000000Z,9,19.94480462
3161,157.87136596,157.87136596,157.60263913,157.60263913,2019-01-06T12:54:26.4770000Z,2019-01-06T12:33:05.9700000Z,2019-01-06T13:00:00.0000000Z,2019-01-06T12:00:00.0000000Z,2,3.329451
3162,158.26577999,158.26577999,156.938,157.3611754,2019-01-06T13:41:44.3170000Z,2019-01-06T13:00:43.7130000Z,2019-01-06T14:00:00.0000000Z,2019-01-06T13:00:00.0000000Z,14,3.47360163
3163,157.72,157.72,157.39642855,157.39642855,2019-01-06T14:51:18.4130000Z,2019-01-06T14:03:59.8870000Z,2019-01-06T15:00:00.0000000Z,2019-01-06T14:00:00.0000000Z,9,10.05077305
3164,158.01941846,159.04041656,158.01941846,158.29978046,2019-01-06T15:48:09.7100000Z,2019-01-06T15:03:02.6500000Z,2019-01-06T16:00:00.0000000Z,2019-01-06T15:00:00.0000000Z,12,110.4494409
3165,158.26439229,158.26439229,157.96449309,157.96449309,2019-01-06T16:53:19.1800000Z,2019-01-06T16:16:00.2200000Z,2019-01-06T17:00:00.0000000Z,2019-01-06T16:00:00.0000000Z,3,6.20899431
3166,162.79540605,163.99999991,158.26439229,158.26439229,2019-01-06T17:57:42.2130000Z,2019-01-06T17:02:03.6200000Z,2019-01-06T18:00:00.0000000Z,2019-01-06T17:00:00.0000000Z,81,234.88304825
3167,163.44678877,164.5064801,163.00040613,163.87541596,2019-01-06T18:53:59.1530000Z,2019-01-06T18:00:16.3570000Z,2019-01-06T19:00:00.0000000Z,2019-01-06T18:00:00.0000000Z,39,164.79100549
3168,163.564,164.0,161.885,161.885,2019-01-06T19:58:07.0600000Z,2019-01-06T19:12:09.6900000Z,2019-01-06T20:00:00.0000000Z,2019-01-06T19:00:00.0000000Z,12,19.86592461
3169,163.32143314,164.99994553,162.11612796,164.0,2019-01-06T20:59:32.7930000Z,2019-01-06T20:07:25.9530000Z,2019-01-06T21:00:00.0000000Z,2019-01-06T20:00:00.0000000Z,30,49.55072404
3170,162.75838064,164.1147836,162.75838064,163.321,2019-01-06T21:53:19.7800000Z,2019-01-06T21:03:20.3430000Z,2019-01-06T22:00:00.0000000Z,2019-01-06T21:00:00.0000000Z,29,78.83875749
3171,162.18971882,162.57706316,162.18971882,162.57706316,2019-01-06T22:37:38.7730000Z,2019-01-06T22:00:08.5300000Z,2019-01-06T23:00:00.0000000Z,2019-01-06T22:00:00.0000000Z,3,1.384
3172,162.3357455,162.92849469,161.88252646,162.18999949,2019-01-06T23:43:29.6830000Z,2019-01-06T23:05:55.5170000Z,2019-01-07T00:00:00.0000000Z,2019-01-06T23:00:00.0000000Z,15,47.20201813
3173,163.0,163.44553584,162.46413618,163.2006098,2019-01-07T00:54:22.3400000Z,2019-01-07T00:01:40.4070000Z,2019-01-07T01:00:00.0000000Z,2019-01-07T00:00:00.0000000Z,14,15.71611878
3174,161.91568197,162.3904081,161.34427918,162.3904081,2019-01-07T01:57:44.1900000Z,2019-01-07T01:04:57.3930000Z,2019-01-07T02:00:00.0000000Z,2019-01-07T01:00:00.0000000Z,16,45.38000902
3175,160.349,162.03639433,159.98434155,162.03639433,2019-01-07T02:59:57.4700000Z,2019-01-07T02:01:18.3300000Z,2019-01-07T03:00:00.0000000Z,2019-01-07T02:00:00.0000000Z,7,20.15182579
3176,164.48,164.48,160.73353979,160.73353979,2019-01-07T03:56:51.5800000Z,2019-01-07T03:00:59.8430000Z,2019-01-07T04:00:00.0000000Z,2019-01-07T03:00:00.0000000Z,29,64.23613404
3177,162.9053975,164.12977802,162.9053975,163.6452483,2019-01-07T04:35:38.9930000Z,2019-01-07T04:08:02.8970000Z,2019-01-07T05:00:00.0000000Z,2019-01-07T04:00:00.0000000Z,3,0.14481091000000001
3178,163.03637166,163.03637166,163.03637166,163.03637166,2019-01-07T05:47:51.5900000Z,2019-01-07T05:22:02.1170000Z,2019-01-07T06:00:00.0000000Z,2019-01-07T05:00:00.0000000Z,2,10.97054254
3179,162.67329464,163.37261195,162.22534123,163.00388403,2019-01-07T06:46:25.5900000Z,2019-01-07T06:02:52.1270000Z,2019-01-07T07:00:00.0000000Z,2019-01-07T06:00:00.0000000Z,8,8.43592983
3180,162.78386625,163.21116262,162.78386625,163.21116262,2019-01-07T07:40:03.0730000Z,2019-01-07T07:03:58.0030000Z,2019-01-07T08:00:00.0000000Z,2019-01-07T07:00:00.0000000Z,3,1.65627466
3181,163.169,163.67524606,163.16899986,163.67524606,2019-01-07T08:36:31.2600000Z,2019-01-07T08:03:10.0330000Z,2019-01-07T09:00:00.0000000Z,2019-01-07T08:00:00.0000000Z,4,0.50669347
3182,160.25136917,163.62589432,158.40000001,163.62589432,2019-01-07T09:57:27.7370000Z,2019-01-07T09:06:42.0370000Z,2019-01-07T10:00:00.0000000Z,2019-01-07T09:00:00.0000000Z,20,51.35636779
3183,159.28305621,160.93830934,159.28305621,160.25147692,2019-01-07T10:53:34.5800000Z,2019-01-07T10:01:53.2830000Z,2019-01-07T11:00:00.0000000Z,2019-01-07T10:00:00.0000000Z,7,37.883
3184,160.16,160.16,159.09328001,159.09328001,2019-01-07T11:12:07.0700000Z,2019-01-07T11:02:50.6470000Z,2019-01-07T12:00:00.0000000Z,2019-01-07T11:00:00.0000000Z,3,62.01293122
3185,159.87751222,160.16,159.87751222,160.16,2019-01-07T12:59:44.9870000Z,2019-01-07T12:57:07.8930000Z,2019-01-07T13:00:00.0000000Z,2019-01-07T12:00:00.0000000Z,2,4.26065124
3186,159.6296581,159.6296581,157.20699103,159.24552241,2019-01-07T13:58:24.9570000Z,2019-01-07T13:24:35.4930000Z,2019-01-07T14:00:00.0000000Z,2019-01-07T13:00:00.0000000Z,8,36.06966441
3187,159.54674483,160.09310735,159.54674483,159.62965231,2019-01-07T14:18:58.1330000Z,2019-01-07T14:00:24.9900000Z,2019-01-07T15:00:00.0000000Z,2019-01-07T14:00:00.0000000Z,3,10.95533946
3188,158.78329671,159.60003076,158.78329671,159.60003076,2019-01-07T15:43:42.4070000Z,2019-01-07T15:04:59.8200000Z,2019-01-07T16:00:00.0000000Z,2019-01-07T15:00:00.0000000Z,4,15.25233096
3189,158.95807335,159.33008375,158.68283164,159.33008375,2019-01-07T16:29:02.8300000Z,2019-01-07T16:04:28.0370000Z,2019-01-07T17:00:00.0000000Z,2019-01-07T16:00:00.0000000Z,7,7.36249378
3190,158.85,159.94825605,158.39778777,159.94825605,2019-01-07T17:52:56.9730000Z,2019-01-07T17:07:20.2730000Z,2019-01-07T18:00:00.0000000Z,2019-01-07T17:00:00.0000000Z,14,47.22261115
3191,159.24202051,159.65307388,159.0443187,159.0443187,2019-01-07T19:54:26.6000000Z,2019-01-07T19:01:25.0230000Z,2019-01-07T20:00:00.0000000Z,2019-01-07T19:00:00.0000000Z,3,4.56056045
3192,159.18516115,159.9998764,158.64318958,159.25463158,2019-01-07T20:59:29.2100000Z,2019-01-07T20:00:07.3670000Z,2019-01-07T21:00:00.0000000Z,2019-01-07T20:00:00.0000000Z,23,126.84081553
3193,159.55630792,159.66333336,158.63490755,159.24649205,2019-01-07T21:52:09.6000000Z,2019-01-07T21:01:10.2730000Z,2019-01-07T22:00:00.0000000Z,2019-01-07T21:00:00.0000000Z,7,4.81305455
3194,158.35562581,159.13914631,158.35562581,159.13914631,2019-01-07T22:42:10.3770000Z,2019-01-07T22:11:11.5700000Z,2019-01-07T23:00:00.0000000Z,2019-01-07T22:00:00.0000000Z,3,0.42504349
3195,158.22569046,158.22569046,157.5692815,157.56928151,2019-01-07T23:56:49.2900000Z,2019-01-07T23:00:24.2100000Z,2019-01-08T00:00:00.0000000Z,2019-01-07T23:00:00.0000000Z,15,80.77827305
3196,159.48940643,159.48940643,158.66375468,158.66375468,2019-01-08T00:51:20.6970000Z,2019-01-08T00:01:40.6800000Z,2019-01-08T01:00:00.0000000Z,2019-01-08T00:00:00.0000000Z,11,10.10044983
3197,158.19283188,158.19283188,158.19283188,158.19283188,2019-01-08T01:13:46.4500000Z,2019-01-08T01:13:46.4500000Z,2019-01-08T02:00:00.0000000Z,2019-01-08T01:00:00.0000000Z,1,13.97228859
3198,156.39966455,157.67457157,155.32902626,157.67457157,2019-01-08T02:57:11.5230000Z,2019-01-08T02:05:24.1830000Z,2019-01-08T03:00:00.0000000Z,2019-01-08T02:00:00.0000000Z,40,150.81571084
3199,156.15553283,156.15553283,156.15553283,156.15553283,2019-01-08T04:53:54.9470000Z,2019-01-08T04:53:54.9470000Z,2019-01-08T05:00:00.0000000Z,2019-01-08T04:00:00.0000000Z,1,0.11366034
3200,155.93093455,156.11435652,155.65539011,156.11435652,2019-01-08T05:43:59.4470000Z,2019-01-08T05:07:15.3870000Z,2019-01-08T06:00:00.0000000Z,2019-01-08T05:00:00.0000000Z,4,3.09229626
3201,157.31749446,157.31749446,155.64417636,156.05033626,2019-01-08T06:56:48.2800000Z,2019-01-08T06:02:12.2030000Z,2019-01-08T07:00:00.0000000Z,2019-01-08T06:00:00.0000000Z,7,7.80903387
3202,156.45160292,157.42173466,156.45160292,157.42173466,2019-01-08T07:40:28.0700000Z,2019-01-08T07:01:44.0670000Z,2019-01-08T08:00:00.0000000Z,2019-01-08T07:00:00.0000000Z,7,11.25711457
3203,157.0,157.0,156.4516092,156.4516092,2019-01-08T08:50:54.9630000Z,2019-01-08T08:00:38.1530000Z,2019-01-08T09:00:00.0000000Z,2019-01-08T08:00:00.0000000Z,4,31.94776968
3204,157.91856112,157.91856113,156.41776702,156.41776702,2019-01-08T09:47:48.2930000Z,2019-01-08T09:00:24.9070000Z,2019-01-08T10:00:00.0000000Z,2019-01-08T09:00:00.0000000Z,13,45.53854708
3205,157.65200143,157.99284168,157.65200138,157.99284168,2019-01-08T10:53:51.4500000Z,2019-01-08T10:02:55.0000000Z,2019-01-08T11:00:00.0000000Z,2019-01-08T10:00:00.0000000Z,6,4.21846711
3206,159.45434644,159.48940642,157.59836037,158.03888905,2019-01-08T11:59:58.4070000Z,2019-01-08T11:00:50.8900000Z,2019-01-08T12:00:00.0000000Z,2019-01-08T11:00:00.0000000Z,13,52.56860507
3207,159.48940634,159.48940634,159.4543464,159.4543464,2019-01-08T12:06:19.8300000Z,2019-01-08T12:00:36.5170000Z,2019-01-08T13:00:00.0000000Z,2019-01-08T12:00:00.0000000Z,2,3.25114181
3208,160.0,160.0,158.96453387,158.96453387,2019-01-08T13:45:40.3100000Z,2019-01-08T13:03:09.3900000Z,2019-01-08T14:00:00.0000000Z,2019-01-08T13:00:00.0000000Z,21,42.22891847
3209,160.09620866,160.3202473,159.7,160.3202473,2019-01-08T14:58:53.1430000Z,2019-01-08T14:15:37.8030000Z,2019-01-08T15:00:00.0000000Z,2019-01-08T14:00:00.0000000Z,11,8.68333819
3210,159.23010397,161.0,159.23010397,160.09440535,2019-01-08T15:55:41.8000000Z,2019-01-08T15:12:04.6000000Z,2019-01-08T16:00:00.0000000Z,2019-01-08T15:00:00.0000000Z,24,45.30526135
3211,157.0,157.6,157.0,157.48103249,2019-01-08T16:26:56.2000000Z,2019-01-08T16:05:02.9130000Z,2019-01-08T17:00:00.0000000Z,2019-01-08T16:00:00.0000000Z,9,25.09373137
3212,156.94368602,157.88265733,156.94368602,157.88265729,2019-01-08T17:39:01.8100000Z,2019-01-08T17:18:08.7400000Z,2019-01-08T18:00:00.0000000Z,2019-01-08T17:00:00.0000000Z,11,31.89868956
3213,156.67228334,156.67228341,156.67228334,156.67228341,2019-01-08T18:01:10.5830000Z,2019-01-08T18:01:08.8930000Z,2019-01-08T19:00:00.0000000Z,2019-01-08T18:00:00.0000000Z,3,5.48744983
3214,158.28761399,158.28761399,158.28761399,158.28761399,2019-01-08T19:48:13.0170000Z,2019-01-08T19:48:13.0170000Z,2019-01-08T20:00:00.0000000Z,2019-01-08T19:00:00.0000000Z,1,1.25604389
3215,158.2,158.28761,158.2,158.28761,2019-01-08T20:35:10.5170000Z,2019-01-08T20:19:17.1330000Z,2019-01-08T21:00:00.0000000Z,2019-01-08T20:00:00.0000000Z,3,10.17650224
3216,156.78284324,158.17072448,156.78284324,158.17072448,2019-01-08T21:50:05.2370000Z,2019-01-08T21:13:02.9000000Z,2019-01-08T22:00:00.0000000Z,2019-01-08T21:00:00.0000000Z,8,40.00820352
3217,159.76219265,159.76219265,156.59348523,156.67508633,2019-01-08T22:58:31.0200000Z,2019-01-08T22:11:49.1500000Z,2019-01-08T23:00:00.0000000Z,2019-01-08T22:00:00.0000000Z,18,77.15153029
3218,157.88376494,159.02540972,157.88376494,159.02540972,2019-01-08T23:31:58.2030000Z,2019-01-08T23:04:48.6970000Z,2019-01-09T00:00:00.0000000Z,2019-01-08T23:00:00.0000000Z,9,34.20577837
3219,157.0,158.68965015,157.0,158.68965015,2019-01-09T00:59:55.6630000Z,2019-01-09T00:00:39.9900000Z,2019-01-09T01:00:00.0000000Z,2019-01-09T00:00:00.0000000Z,14,42.77823791
3220,158.5,159.60891908,157.0,157.0,2019-01-09T01:57:52.2270000Z,2019-01-09T01:00:03.7270000Z,2019-01-09T02:00:00.0000000Z,2019-01-09T01:00:00.0000000Z,16,68.52446415
3221,157.73675073,158.5,157.73675073,158.15800005,2019-01-09T02:58:25.0230000Z,2019-01-09T02:22:50.9370000Z,2019-01-09T03:00:00.0000000Z,2019-01-09T02:00:00.0000000Z,13,30.75409573
3222,158.28428291,158.28428291,158.28428291,158.28428291,2019-01-09T03:56:45.3830000Z,2019-01-09T03:56:45.3830000Z,2019-01-09T04:00:00.0000000Z,2019-01-09T03:00:00.0000000Z,1,0.01961829
3223,158.5,158.5,158.49999989,158.49999989,2019-01-09T04:49:14.3500000Z,2019-01-09T04:38:39.3200000Z,2019-01-09T05:00:00.0000000Z,2019-01-09T04:00:00.0000000Z,8,24.53551275
3224,158.047,158.5,158.047,158.5,2019-01-09T05:59:09.8100000Z,2019-01-09T05:00:03.3570000Z,2019-01-09T06:00:00.0000000Z,2019-01-09T05:00:00.0000000Z,31,103.2372797
3225,158.047,158.047,158.047,158.047,2019-01-09T06:49:52.4500000Z,2019-01-09T06:29:39.7570000Z,2019-01-09T07:00:00.0000000Z,2019-01-09T06:00:00.0000000Z,6,3.52775346
3226,158.37108855,158.37108855,158.147,158.147,2019-01-09T07:56:12.6400000Z,2019-01-09T07:22:12.0670000Z,2019-01-09T08:00:00.0000000Z,2019-01-09T07:00:00.0000000Z,4,6.02053698
3227,157.98057102,157.98057102,157.5996621,157.65804343,2019-01-09T08:28:35.4430000Z,2019-01-09T08:02:23.6400000Z,2019-01-09T09:00:00.0000000Z,2019-01-09T08:00:00.0000000Z,3,2.18714021
3228,157.76931713,157.76931713,157.76931713,157.76931713,2019-01-09T09:05:42.8300000Z,2019-01-09T09:05:42.8300000Z,2019-01-09T10:00:00.0000000Z,2019-01-09T09:00:00.0000000Z,1,0.01992557
3229,157.04704157,157.04704157,157.04704157,157.04704157,2019-01-09T10:59:11.6900000Z,2019-01-09T10:58:51.5630000Z,2019-01-09T11:00:00.0000000Z,2019-01-09T10:00:00.0000000Z,24,122.41841656
3230,157.87504341,157.87504341,157.71192847,157.71192847,2019-01-09T11:59:14.0000000Z,2019-01-09T11:13:22.1000000Z,2019-01-09T12:00:00.0000000Z,2019-01-09T11:00:00.0000000Z,48,206.8682817
3231,156.59348529,157.71192847,156.59348529,157.71192847,2019-01-09T12:58:51.0970000Z,2019-01-09T12:01:14.3770000Z,2019-01-09T13:00:00.0000000Z,2019-01-09T12:00:00.0000000Z,56,216.25495003
3232,156.10000002,157.39244552,156.00000004,157.39244552,2019-01-09T13:58:20.0800000Z,2019-01-09T13:00:16.5030000Z,2019-01-09T14:00:00.0000000Z,2019-01-09T13:00:00.0000000Z,30,40.65028099
3233,156.59999702,156.84448835,154.00000004,156.84448835,2019-01-09T14:58:39.7070000Z,2019-01-09T14:01:05.5500000Z,2019-01-09T15:00:00.0000000Z,2019-01-09T14:00:00.0000000Z,74,262.46711032
3234,155.84770179,155.84770179,154.73773642,155.25417078,2019-01-09T15:51:43.5170000Z,2019-01-09T15:00:31.2530000Z,2019-01-09T16:00:00.0000000Z,2019-01-09T15:00:00.0000000Z,16,41.04578053
3235,156.28640821,156.40338949,155.011,155.011,2019-01-09T16:53:10.2500000Z,2019-01-09T16:04:44.8470000Z,2019-01-09T17:00:00.0000000Z,2019-01-09T16:00:00.0000000Z,14,23.71124224
3236,155.47343717,156.40338931,155.47343717,156.40338931,2019-01-09T17:16:54.9170000Z,2019-01-09T17:00:04.5030000Z,2019-01-09T18:00:00.0000000Z,2019-01-09T17:00:00.0000000Z,7,21.3861526
3237,156.19395206,156.19395206,156.15377558,156.15377558,2019-01-09T18:20:29.9170000Z,2019-01-09T18:11:29.4600000Z,2019-01-09T19:00:00.0000000Z,2019-01-09T18:00:00.0000000Z,3,29.32233245
3238,156.81448844,156.81448844,156.0,156.0,2019-01-09T19:58:48.4900000Z,2019-01-09T19:10:59.8830000Z,2019-01-09T20:00:00.0000000Z,2019-01-09T19:00:00.0000000Z,9,33.90183274
3239,157.87512984,157.87513158,157.02775997,157.02775997,2019-01-09T20:36:17.9830000Z,2019-01-09T20:13:17.1800000Z,2019-01-09T21:00:00.0000000Z,2019-01-09T20:00:00.0000000Z,6,2.43113849
3240,157.87139004,157.87139004,157.0036591,157.49999994,2019-01-09T21:34:16.6730000Z,2019-01-09T21:03:08.0570000Z,2019-01-09T22:00:00.0000000Z,2019-01-09T21:00:00.0000000Z,11,25.04238915
3241,157.40006046,157.40006046,157.40006046,157.40006046,2019-01-09T22:40:52.4730000Z,2019-01-09T22:40:52.4730000Z,2019-01-09T23:00:00.0000000Z,2019-01-09T22:00:00.0000000Z,1,0.02068131
3242,157.14264997,157.14264997,157.1128589,157.11285906,2019-01-09T23:57:59.7430000Z,2019-01-09T23:05:24.4670000Z,2019-01-10T00:00:00.0000000Z,2019-01-09T23:00:00.0000000Z,8,20.01066581
3243,159.46524612,159.46524612,158.15598401,158.66388086,2019-01-10T01:50:48.0700000Z,2019-01-10T01:03:29.9500000Z,2019-01-10T02:00:00.0000000Z,2019-01-10T01:00:00.0000000Z,8,6.83965283
3244,160.58543271,162.0,159.46524612,159.46524612,2019-01-10T02:52:37.2130000Z,2019-01-10T02:00:32.9500000Z,2019-01-10T03:00:00.0000000Z,2019-01-10T02:00:00.0000000Z,60,89.86001253
3245,158.89890261,160.85225748,158.51,160.85225748,2019-01-10T03:58:43.9670000Z,2019-01-10T03:09:41.4070000Z,2019-01-10T04:00:00.0000000Z,2019-01-10T03:00:00.0000000Z,9,10.78871412
3246,159.0,159.0,157.30480223,158.51,2019-01-10T04:39:52.1330000Z,2019-01-10T04:00:12.5430000Z,2019-01-10T05:00:00.0000000Z,2019-01-10T04:00:00.0000000Z,28,112.44781574
3247,158.39510234,158.39510234,158.39510234,158.39510234,2019-01-10T05:32:40.8800000Z,2019-01-10T05:32:04.4430000Z,2019-01-10T06:00:00.0000000Z,2019-01-10T05:00:00.0000000Z,3,1.7918793800000001
3248,142.17339934,157.0,138.43492838,157.0,2019-01-10T06:59:58.7200000Z,2019-01-10T06:25:29.8500000Z,2019-01-10T07:00:00.0000000Z,2019-01-10T06:00:00.0000000Z,399,1019.13845429
3249,141.45136426,143.65334624,137.05726463,141.0,2019-01-10T07:47:32.4330000Z,2019-01-10T07:01:05.8770000Z,2019-01-10T08:00:00.0000000Z,2019-01-10T07:00:00.0000000Z,104,174.0241811
3250,140.01400012,142.61581932,140.00000012,141.45136426,2019-01-10T08:59:50.7200000Z,2019-01-10T08:00:44.6700000Z,2019-01-10T09:00:00.0000000Z,2019-01-10T08:00:00.0000000Z,112,212.2325912
3251,132.49999998,140.01400012,129.76554275,140.01400012,2019-01-10T09:59:07.5200000Z,2019-01-10T09:00:08.5170000Z,2019-01-10T10:00:00.0000000Z,2019-01-10T09:00:00.0000000Z,108,139.60790546
3252,135.82324322,135.99999605,130.35149772,132.49995104,2019-01-10T10:58:39.9130000Z,2019-01-10T10:01:56.2570000Z,2019-01-10T11:00:00.0000000Z,2019-01-10T10:00:00.0000000Z,91,244.74608983
3253,134.91810324,135.61580842,133.49675934,133.72940624,2019-01-10T11:59:57.0970000Z,2019-01-10T11:01:22.1000000Z,2019-01-10T12:00:00.0000000Z,2019-01-10T11:00:00.0000000Z,31,27.35024508
3254,135.94632962,136.41161624,133.97331897,134.91810324,2019-01-10T12:45:47.8130000Z,2019-01-10T12:00:09.1300000Z,2019-01-10T13:00:00.0000000Z,2019-01-10T12:00:00.0000000Z,38,82.54797032
3255,133.778,135.63586054,132.4,133.57133885,2019-01-10T13:21:20.3200000Z,2019-01-10T13:03:26.0500000Z,2019-01-10T14:00:00.0000000Z,2019-01-10T13:00:00.0000000Z,34,57.53818791
3256,137.00012118,138.8999385,137.00001969,137.97844097,2019-01-10T14:58:42.6130000Z,2019-01-10T14:13:46.8670000Z,2019-01-10T15:00:00.0000000Z,2019-01-10T14:00:00.0000000Z,9,20.33272729
3257,136.69976007,136.99999995,134.30635019,136.98142144,2019-01-10T15:58:20.5970000Z,2019-01-10T15:14:16.5830000Z,2019-01-10T16:00:00.0000000Z,2019-01-10T15:00:00.0000000Z,70,210.47447147
3258,131.60094554,136.69990519,127.55000002,136.69990519,2019-01-10T16:54:35.5670000Z,2019-01-10T16:00:24.1300000Z,2019-01-10T17:00:00.0000000Z,2019-01-10T16:00:00.0000000Z,120,253.35847143
3259,129.7426256,131.37235608,129.7426256,130.58248236,2019-01-10T17:54:11.1300000Z,2019-01-10T17:02:35.6300000Z,2019-01-10T18:00:00.0000000Z,2019-01-10T17:00:00.0000000Z,21,35.98740846
3260,130.72237718,130.72237718,129.74262756,129.74262756,2019-01-10T18:56:59.1600000Z,2019-01-10T18:25:52.0130000Z,2019-01-10T19:00:00.0000000Z,2019-01-10T18:00:00.0000000Z,2,9.45420329
3261,132.99997541,133.35001034,128.83894817,130.72237718,2019-01-10T19:57:11.0500000Z,2019-01-10T19:00:07.4730000Z,2019-01-10T20:00:00.0000000Z,2019-01-10T19:00:00.0000000Z,17,8.44604391
3262,134.39597174,134.39620282,131.55976036,132.99991583,2019-01-10T20:26:19.4030000Z,2019-01-10T20:00:04.2100000Z,2019-01-10T21:00:00.0000000Z,2019-01-10T20:00:00.0000000Z,4,3.81117637
3263,133.39822749,133.39822749,133.39822749,133.39822749,2019-01-10T21:51:41.3470000Z,2019-01-10T21:51:41.3470000Z,2019-01-10T22:00:00.0000000Z,2019-01-10T21:00:00.0000000Z,1,0.5
3264,132.71121569,133.39801761,131.42776191,133.39801761,2019-01-10T22:47:32.3630000Z,2019-01-10T22:03:06.9600000Z,2019-01-10T23:00:00.0000000Z,2019-01-10T22:00:00.0000000Z,15,19.51509193
3265,130.82223027,131.0,130.82223027,131.0,2019-01-10T23:38:21.9570000Z,2019-01-10T23:05:46.3030000Z,2019-01-11T00:00:00.0000000Z,2019-01-10T23:00:00.0000000Z,2,1.022
3266,131.60403917,131.60473182,128.42693559,130.04003627,2019-01-11T00:58:50.9630000Z,2019-01-11T00:03:26.7430000Z,2019-01-11T01:00:00.0000000Z,2019-01-11T00:00:00.0000000Z,33,61.95686223
3267,130.42903034,131.60540854,130.14780153,131.60540854,2019-01-11T01:34:48.8000000Z,2019-01-11T01:00:12.2730000Z,2019-01-11T02:00:00.0000000Z,2019-01-11T01:00:00.0000000Z,6,29.1400069
3268,126.51392241,130.42912612,126.51392241,130.42912612,2019-01-11T02:56:31.3370000Z,2019-01-11T02:16:35.5800000Z,2019-01-11T03:00:00.0000000Z,2019-01-11T02:00:00.0000000Z,81,212.07592161
3269,129.00000283,129.89529306,127.71543971,127.71543971,2019-01-11T03:44:02.7230000Z,2019-01-11T03:03:17.9500000Z,2019-01-11T04:00:00.0000000Z,2019-01-11T03:00:00.0000000Z,8,8.26625419
3270,125.75000001,128.49228877,125.5,128.49228876,2019-01-11T04:42:48.3370000Z,2019-01-11T04:14:28.2530000Z,2019-01-11T05:00:00.0000000Z,2019-01-11T04:00:00.0000000Z,17,32.48138801
3271,128.09838449,128.09838449,126.8,126.8,2019-01-11T05:44:33.1800000Z,2019-01-11T05:01:07.9630000Z,2019-01-11T06:00:00.0000000Z,2019-01-11T05:00:00.0000000Z,4,0.25930000000000003
3272,129.59025079,130.14780153,127.53618475,127.53618475,2019-01-11T06:36:03.2070000Z,2019-01-11T06:02:04.7630000Z,2019-01-11T07:00:00.0000000Z,2019-01-11T06:00:00.0000000Z,12,22.68304597
3273,129.0,131.22646545,128.99999999,130.14780153,2019-01-11T07:52:04.4170000Z,2019-01-11T07:09:37.9700000Z,2019-01-11T08:00:00.0000000Z,2019-01-11T07:00:00.0000000Z,18,7.22180563
3274,131.6050679,131.60506813,129.06417465,129.06417466,2019-01-11T08:52:24.0100000Z,2019-01-11T08:08:48.6870000Z,2019-01-11T09:00:00.0000000Z,2019-01-11T08:00:00.0000000Z,20,119.5717594
3275,128.87,131.60506404,128.87,131.60506404,2019-01-11T09:35:04.6500000Z,2019-01-11T09:01:05.4970000Z,2019-01-11T10:00:00.0000000Z,2019-01-11T09:00:00.0000000Z,13,29.64128156
3276,125.89085506,125.89085512,124.87,125.0,2019-01-11T10:57:32.8300000Z,2019-01-11T10:50:27.8730000Z,2019-01-11T11:00:00.0000000Z,2019-01-11T10:00:00.0000000Z,12,9.19628602
3277,127.05139885,127.05139885,125.29865749,125.93490343,2019-01-11T11:47:52.1200000Z,2019-01-11T11:13:51.4270000Z,2019-01-11T12:00:00.0000000Z,2019-01-11T11:00:00.0000000Z,8,18.24054703
3278,127.80982293,127.80982313,127.80982293,127.80982313,2019-01-11T12:44:08.9200000Z,2019-01-11T12:44:02.8100000Z,2019-01-11T13:00:00.0000000Z,2019-01-11T12:00:00.0000000Z,2,1.00405314
3279,127.80951145,127.80951145,127.80951145,127.80951145,2019-01-11T13:01:41.2500000Z,2019-01-11T13:01:41.2500000Z,2019-01-11T14:00:00.0000000Z,2019-01-11T13:00:00.0000000Z,1,0.064
3280,128.98061089,128.98061089,128.35266656,128.35266656,2019-01-11T14:21:15.2230000Z,2019-01-11T14:14:42.2230000Z,2019-01-11T15:00:00.0000000Z,2019-01-11T14:00:00.0000000Z,5,2.13200763
3281,127.18061089,128.98061086,127.18061089,128.18061089,2019-01-11T15:50:02.8900000Z,2019-01-11T15:32:16.0070000Z,2019-01-11T16:00:00.0000000Z,2019-01-11T15:00:00.0000000Z,12,10.10051823
3282,128.35229796,129.99995327,128.35229796,128.9,2019-01-11T16:51:46.3230000Z,2019-01-11T16:21:37.7730000Z,2019-01-11T17:00:00.0000000Z,2019-01-11T16:00:00.0000000Z,12,33.29912244
3283,129.84276763,129.84423713,129.84276763,129.84423713,2019-01-11T17:47:04.3400000Z,2019-01-11T17:05:02.6900000Z,2019-01-11T18:00:00.0000000Z,2019-01-11T17:00:00.0000000Z,2,2.75467917
3284,129.69920828,129.69920828,129.69920814,129.69920814,2019-01-11T18:59:25.5000000Z,2019-01-11T18:59:25.5000000Z,2019-01-11T19:00:00.0000000Z,2019-01-11T18:00:00.0000000Z,2,5.0
3285,128.05123002,129.69904226,128.05122824,129.69904226,2019-01-11T19:34:08.8070000Z,2019-01-11T19:08:42.9900000Z,2019-01-11T20:00:00.0000000Z,2019-01-11T19:00:00.0000000Z,6,5.21436543
3286,128.05122199,129.84423713,128.05122199,129.64956372,2019-01-11T20:49:27.8770000Z,2019-01-11T20:16:27.8200000Z,2019-01-11T21:00:00.0000000Z,2019-01-11T20:00:00.0000000Z,9,24.31831393
3287,128.23466644,130.19856463,128.23448044,130.0,2019-01-11T21:56:13.9700000Z,2019-01-11T21:22:45.2930000Z,2019-01-11T22:00:00.0000000Z,2019-01-11T21:00:00.0000000Z,13,18.96064031
3288,127.0,128.00330775,127.0,128.00330775,2019-01-11T22:58:35.6300000Z,2019-01-11T22:09:37.3330000Z,2019-01-11T23:00:00.0000000Z,2019-01-11T22:00:00.0000000Z,6,3.08324689
3289,128.25081548,128.25081548,126.0,126.38561089,2019-01-11T23:43:30.0330000Z,2019-01-11T23:34:00.0600000Z,2019-01-12T00:00:00.0000000Z,2019-01-11T23:00:00.0000000Z,12,24.8912267
3290,132.2141455,134.99997573,129.25817553,129.25817553,2019-01-12T00:58:15.7570000Z,2019-01-12T00:16:13.9330000Z,2019-01-12T01:00:00.0000000Z,2019-01-12T00:00:00.0000000Z,32,39.64521834
3291,130.99032568,130.99032568,130.99032568,130.99032568,2019-01-12T01:48:32.3300000Z,2019-01-12T01:48:32.3300000Z,2019-01-12T02:00:00.0000000Z,2019-01-12T01:00:00.0000000Z,1,0.01905687
3292,135.0,136.90954609,130.2104963,131.82681585,2019-01-12T02:59:56.8400000Z,2019-01-12T02:19:08.0430000Z,2019-01-12T03:00:00.0000000Z,2019-01-12T02:00:00.0000000Z,108,152.23753566
3293,134.5042806,136.90954592,133.9,136.90954592,2019-01-12T03:56:46.9600000Z,2019-01-12T03:00:15.9970000Z,2019-01-12T04:00:00.0000000Z,2019-01-12T03:00:00.0000000Z,129,393.82733181
3294,133.92202198,133.92202198,133.28498058,133.28498058,2019-01-12T04:15:48.4670000Z,2019-01-12T04:10:07.4800000Z,2019-01-12T05:00:00.0000000Z,2019-01-12T04:00:00.0000000Z,4,2.10704848
3295,133.14404381,135.90875201,133.14404359,133.14404754,2019-01-12T05:48:16.9270000Z,2019-01-12T05:01:13.1500000Z,2019-01-12T06:00:00.0000000Z,2019-01-12T05:00:00.0000000Z,16,20.64669187
3296,132.76417873,133.14404359,132.76417873,133.14404359,2019-01-12T06:48:18.0230000Z,2019-01-12T06:30:46.5170000Z,2019-01-12T07:00:00.0000000Z,2019-01-12T06:00:00.0000000Z,7,22.287818389999998
3297,130.804,132.14079551,130.804,130.9415098,2019-01-12T07:50:28.5370000Z,2019-01-12T07:27:47.7830000Z,2019-01-12T08:00:00.0000000Z,2019-01-12T07:00:00.0000000Z,11,27.33336414
3298,131.274801,132.14018002,131.274801,132.14018001,2019-01-12T08:54:59.7430000Z,2019-01-12T08:17:57.5800000Z,2019-01-12T09:00:00.0000000Z,2019-01-12T08:00:00.0000000Z,5,28.2411623
3299,131.76024615,131.76024615,131.75717381,131.75717381,2019-01-12T09:49:11.5230000Z,2019-01-12T09:12:33.2200000Z,2019-01-12T10:00:00.0000000Z,2019-01-12T09:00:00.0000000Z,10,9.98791045
3300,132.38724298,132.38724298,132.29100401,132.29100401,2019-01-12T10:32:29.7400000Z,2019-01-12T10:18:48.9870000Z,2019-01-12T11:00:00.0000000Z,2019-01-12T10:00:00.0000000Z,4,0.20485384
3301,132.011468,132.29091242,132.011468,132.03506564,2019-01-12T11:26:59.5200000Z,2019-01-12T11:06:33.5000000Z,2019-01-12T12:00:00.0000000Z,2019-01-12T11:00:00.0000000Z,3,19.38288817
3302,132.22380325,132.22380325,129.77986493,130.5,2019-01-12T12:22:04.0170000Z,2019-01-12T12:11:01.1700000Z,2019-01-12T13:00:00.0000000Z,2019-01-12T12:00:00.0000000Z,5,1.45428229
3303,131.60516438,131.60516438,131.57088567,131.60516437,2019-01-12T13:46:59.5270000Z,2019-01-12T13:12:17.9200000Z,2019-01-12T14:00:00.0000000Z,2019-01-12T13:00:00.0000000Z,6,4.55048843
3304,132.7920727,134.07492757,131.605,131.605,2019-01-12T14:58:33.4370000Z,2019-01-12T14:02:02.0530000Z,2019-01-12T15:00:00.0000000Z,2019-01-12T14:00:00.0000000Z,30,76.13758113
3305,132.60219977,133.93169379,131.87954904,133.93169379,2019-01-12T15:56:32.1330000Z,2019-01-12T15:05:58.6730000Z,2019-01-12T16:00:00.0000000Z,2019-01-12T15:00:00.0000000Z,6,27.30396961
3306,132.06337797,133.200914,132.06337797,132.94228679,2019-01-12T16:58:59.7130000Z,2019-01-12T16:00:12.9170000Z,2019-01-12T17:00:00.0000000Z,2019-01-12T16:00:00.0000000Z,9,14.04533306
3307,131.84805728,132.08113057,130.7070786,131.69200914,2019-01-12T17:57:54.7900000Z,2019-01-12T17:11:59.5670000Z,2019-01-12T18:00:00.0000000Z,2019-01-12T17:00:00.0000000Z,41,176.67266147
3308,132.67535468,132.67535468,132.67535468,132.67535468,2019-01-12T18:18:45.3830000Z,2019-01-12T18:18:45.3830000Z,2019-01-12T19:00:00.0000000Z,2019-01-12T18:00:00.0000000Z,1,0.059597250000000004
3309,132.07,132.07025,132.07,132.07025,2019-01-12T19:53:16.3800000Z,2019-01-12T19:48:32.5630000Z,2019-01-12T20:00:00.0000000Z,2019-01-12T19:00:00.0000000Z,2,13.57456365
3310,131.88200036,132.55602493,131.88200036,132.07025159,2019-01-12T20:41:48.4800000Z,2019-01-12T20:10:02.7600000Z,2019-01-12T21:00:00.0000000Z,2019-01-12T20:00:00.0000000Z,7,13.34240787
3311,132.0,132.0,132.0,132.0,2019-01-12T21:35:26.4000000Z,2019-01-12T21:35:24.1200000Z,2019-01-12T22:00:00.0000000Z,2019-01-12T21:00:00.0000000Z,2,51.50859072
3312,132.0,133.93601475,132.0,132.95850806,2019-01-12T22:48:27.2670000Z,2019-01-12T22:03:01.3330000Z,2019-01-12T23:00:00.0000000Z,2019-01-12T22:00:00.0000000Z,16,53.55878558
3313,132.81466337,132.81466337,131.06542753,131.06542753,2019-01-12T23:15:03.6200000Z,2019-01-12T23:06:47.5230000Z,2019-01-13T00:00:00.0000000Z,2019-01-12T23:00:00.0000000Z,6,7.30614592
3314,132.3,132.3,131.76065332,131.76065332,2019-01-13T00:27:11.4970000Z,2019-01-13T00:02:53.8000000Z,2019-01-13T01:00:00.0000000Z,2019-01-13T00:00:00.0000000Z,15,5.3961020600000005
3315,131.44489198,131.44489198,131.41026002,131.41026002,2019-01-13T01:29:39.6800000Z,2019-01-13T01:19:40.2400000Z,2019-01-13T02:00:00.0000000Z,2019-01-13T01:00:00.0000000Z,8,51.43878584
3316,132.7920727,132.7920727,132.3,132.3,2019-01-13T02:55:36.8800000Z,2019-01-13T02:36:45.3570000Z,2019-01-13T03:00:00.0000000Z,2019-01-13T02:00:00.0000000Z,6,15.00518309
3317,132.62105592,132.62105592,132.37570983,132.37570983,2019-01-13T03:47:42.4100000Z,2019-01-13T03:36:43.0430000Z,2019-01-13T04:00:00.0000000Z,2019-01-13T03:00:00.0000000Z,2,0.13131584
3318,132.62105592,132.62105592,132.62105592,132.62105592,2019-01-13T04:06:50.6230000Z,2019-01-13T04:00:50.4470000Z,2019-01-13T05:00:00.0000000Z,2019-01-13T04:00:00.0000000Z,10,0.58236101
3319,131.99999967,132.0,131.99999967,132.0,2019-01-13T05:51:06.9670000Z,2019-01-13T05:15:57.9830000Z,2019-01-13T06:00:00.0000000Z,2019-01-13T05:00:00.0000000Z,3,1.30269469
3320,131.76806682,131.76806682,131.76806682,131.76806682,2019-01-13T07:07:55.5970000Z,2019-01-13T07:07:55.5970000Z,2019-01-13T08:00:00.0000000Z,2019-01-13T07:00:00.0000000Z,1,0.0374072
3321,131.92290753,131.92290753,131.92290753,131.92290753,2019-01-13T08:33:15.2500000Z,2019-01-13T08:33:15.2500000Z,2019-01-13T09:00:00.0000000Z,2019-01-13T08:00:00.0000000Z,1,0.058593799999999994
3322,131.63937734,131.75930728,131.21829627,131.75930728,2019-01-13T09:59:35.9770000Z,2019-01-13T09:00:36.7630000Z,2019-01-13T10:00:00.0000000Z,2019-01-13T09:00:00.0000000Z,8,8.36124005
3323,131.21830003,131.21830003,131.21830003,131.21830003,2019-01-13T10:00:46.8200000Z,2019-01-13T10:00:36.7900000Z,2019-01-13T11:00:00.0000000Z,2019-01-13T10:00:00.0000000Z,3,1.52600209
3324,130.5,130.5,127.37493052,130.34851833,2019-01-13T12:41:57.4970000Z,2019-01-13T12:21:07.2230000Z,2019-01-13T13:00:00.0000000Z,2019-01-13T12:00:00.0000000Z,31,35.15417915
3325,129.07000644,130.35574866,129.07000644,130.35574866,2019-01-13T13:47:16.7800000Z,2019-01-13T13:00:43.2100000Z,2019-01-13T14:00:00.0000000Z,2019-01-13T13:00:00.0000000Z,7,8.99909581
3326,128.5,128.83,128.49999994,128.83,2019-01-13T14:30:22.0500000Z,2019-01-13T14:24:50.2670000Z,2019-01-13T15:00:00.0000000Z,2019-01-13T14:00:00.0000000Z,25,27.13759516
3327,127.42071499,128.0,127.42071499,128.0,2019-01-13T15:11:30.0400000Z,2019-01-13T15:03:53.6600000Z,2019-01-13T16:00:00.0000000Z,2019-01-13T15:00:00.0000000Z,2,9.72688147
3328,123.87426871,128.0,120.31600156,128.0,2019-01-13T16:47:06.5430000Z,2019-01-13T16:00:56.4730000Z,2019-01-13T17:00:00.0000000Z,2019-01-13T16:00:00.0000000Z,102,329.96392019
3329,121.46526266,122.69738272,120.12801408,122.49999663,2019-01-13T17:54:40.1670000Z,2019-01-13T17:02:05.9400000Z,2019-01-13T18:00:00.0000000Z,2019-01-13T17:00:00.0000000Z,17,41.72647267
3330,121.4,121.53360681,121.4,121.53360681,2019-01-13T18:53:13.9800000Z,2019-01-13T18:42:28.8170000Z,2019-01-13T19:00:00.0000000Z,2019-01-13T18:00:00.0000000Z,26,104.09159602
3331,121.0,121.60451424,120.43908344,121.00000198,2019-01-13T19:57:46.5570000Z,2019-01-13T19:09:59.8800000Z,2019-01-13T20:00:00.0000000Z,2019-01-13T19:00:00.0000000Z,7,11.65627563
3332,121.28376724,121.28376724,120.17399891,120.17399891,2019-01-13T20:22:44.9430000Z,2019-01-13T20:03:55.5300000Z,2019-01-13T21:00:00.0000000Z,2019-01-13T20:00:00.0000000Z,2,7.5
3333,122.27114352,122.27114352,121.18725,121.18725099,2019-01-13T21:32:22.9800000Z,2019-01-13T21:01:13.0730000Z,2019-01-13T22:00:00.0000000Z,2019-01-13T21:00:00.0000000Z,8,5.1728186
3334,121.79743889,122.05803423,121.79743889,122.04261051,2019-01-13T22:58:37.2570000Z,2019-01-13T22:48:35.3730000Z,2019-01-13T23:00:00.0000000Z,2019-01-13T22:00:00.0000000Z,6,16.96966784
3335,123.8464446,123.91725518,121.0,121.58534216,2019-01-13T23:48:47.9970000Z,2019-01-13T23:00:46.4900000Z,2019-01-14T00:00:00.0000000Z,2019-01-13T23:00:00.0000000Z,22,54.97374634
3336,122.79108391,123.91977727,122.79108391,123.91977727,2019-01-14T00:19:15.8670000Z,2019-01-14T00:00:41.5630000Z,2019-01-14T01:00:00.0000000Z,2019-01-14T00:00:00.0000000Z,6,8.62472601
3337,124.68065076,124.68065076,123.44656776,124.09119977,2019-01-14T01:42:44.2800000Z,2019-01-14T01:08:56.0600000Z,2019-01-14T02:00:00.0000000Z,2019-01-14T01:00:00.0000000Z,6,5.02623931
3338,123.96124379,124.47965849,123.96124379,124.47965849,2019-01-14T02:46:23.2500000Z,2019-01-14T02:23:06.5970000Z,2019-01-14T03:00:00.0000000Z,2019-01-14T02:00:00.0000000Z,2,0.11155398
3339,122.99200862000001,123.8849773,122.99200862000001,123.8849773,2019-01-14T03:58:39.6600000Z,2019-01-14T03:00:24.2700000Z,2019-01-14T04:00:00.0000000Z,2019-01-14T03:00:00.0000000Z,30,44.25655506
3340,123.15265777,123.75480081,122.44549218,122.44549218,2019-01-14T04:58:36.7930000Z,2019-01-14T04:00:48.0530000Z,2019-01-14T05:00:00.0000000Z,2019-01-14T04:00:00.0000000Z,5,1.63830626
3341,124.5256247,124.5256247,123.75480081,123.75480081,2019-01-14T05:43:21.0230000Z,2019-01-14T05:00:21.4030000Z,2019-01-14T06:00:00.0000000Z,2019-01-14T05:00:00.0000000Z,17,19.33146939
3342,124.95939005,124.95939005,124.5256247,124.5256247,2019-01-14T06:58:30.4470000Z,2019-01-14T06:36:07.8870000Z,2019-01-14T07:00:00.0000000Z,2019-01-14T06:00:00.0000000Z,8,2.93626376
3343,124.71749326,124.95939005,124.61755175,124.95939005,2019-01-14T07:37:59.7930000Z,2019-01-14T07:02:41.2470000Z,2019-01-14T08:00:00.0000000Z,2019-01-14T07:00:00.0000000Z,30,211.25145024
3344,123.25391705,124.35877641,123.25391705,124.35877641,2019-01-14T08:52:16.9830000Z,2019-01-14T08:17:59.1870000Z,2019-01-14T09:00:00.0000000Z,2019-01-14T08:00:00.0000000Z,2,0.50002156
3345,123.22746622,123.22746623,123.03125295,123.03125295,2019-01-14T09:49:44.1700000Z,2019-01-14T09:13:54.4970000Z,2019-01-14T10:00:00.0000000Z,2019-01-14T09:00:00.0000000Z,11,17.15533205
3346,124.35877624,124.35877624,124.35877624,124.35877624,2019-01-14T10:04:19.6470000Z,2019-01-14T10:04:19.6470000Z,2019-01-14T11:00:00.0000000Z,2019-01-14T10:00:00.0000000Z,1,0.04559058
3347,121.89516479,124.2371722,121.27168452,123.03368095,2019-01-14T11:57:39.9630000Z,2019-01-14T11:09:21.9900000Z,2019-01-14T12:00:00.0000000Z,2019-01-14T11:00:00.0000000Z,21,18.79960937
3348,123.08417863,123.08417863,122.15469235,122.15469235,2019-01-14T12:54:22.9770000Z,2019-01-14T12:24:51.9970000Z,2019-01-14T13:00:00.0000000Z,2019-01-14T12:00:00.0000000Z,8,29.46147182
3349,122.15847694,122.80105487,122.15847694,122.80105487,2019-01-14T13:48:17.1600000Z,2019-01-14T13:35:54.3270000Z,2019-01-14T14:00:00.0000000Z,2019-01-14T13:00:00.0000000Z,2,0.1981
3350,121.87256064,121.87256064,121.87256064,121.87256064,2019-01-14T14:54:01.2070000Z,2019-01-14T14:43:07.6230000Z,2019-01-14T15:00:00.0000000Z,2019-01-14T14:00:00.0000000Z,8,5.56843984
3351,129.51088472,129.57270009,121.87256064,121.87256064,2019-01-14T15:59:27.6400000Z,2019-01-14T15:09:48.6500000Z,2019-01-14T16:00:00.0000000Z,2019-01-14T15:00:00.0000000Z,53,207.9175917
3352,130.99985403,133.46729985,127.78134219,130.76009517,2019-01-14T16:58:03.6270000Z,2019-01-14T16:00:08.3900000Z,2019-01-14T17:00:00.0000000Z,2019-01-14T16:00:00.0000000Z,90,267.98694657
3353,130.99940106,130.99978785,129.1,129.30801854,2019-01-14T17:58:05.2000000Z,2019-01-14T17:00:59.5200000Z,2019-01-14T18:00:00.0000000Z,2019-01-14T17:00:00.0000000Z,31,151.90663097
3354,132.95734,134.99999993,130.9992096,130.9992096,2019-01-14T18:59:34.2630000Z,2019-01-14T18:10:03.8470000Z,2019-01-14T19:00:00.0000000Z,2019-01-14T18:00:00.0000000Z,104,307.64675503
3355,132.59998746,132.95734,131.41606045,132.95734,2019-01-14T19:52:19.8030000Z,2019-01-14T19:00:32.2670000Z,2019-01-14T20:00:00.0000000Z,2019-01-14T19:00:00.0000000Z,9,6.7164767
3356,130.59934248,133.33790685,130.40841582,133.33790685,2019-01-14T20:42:23.1700000Z,2019-01-14T20:04:32.5900000Z,2019-01-14T21:00:00.0000000Z,2019-01-14T20:00:00.0000000Z,31,116.08934062
3357,130.25899514,130.25899514,129.81593555,130.1946749,2019-01-14T21:57:50.6570000Z,2019-01-14T21:24:42.1770000Z,2019-01-14T22:00:00.0000000Z,2019-01-14T21:00:00.0000000Z,4,2.174375
3358,130.91653891,131.36818553,130.91653891,131.36818553,2019-01-14T22:52:35.2000000Z,2019-01-14T22:17:18.5770000Z,2019-01-14T23:00:00.0000000Z,2019-01-14T22:00:00.0000000Z,2,0.04478389
3359,132.28880841,132.28880841,130.67653974,130.67653974,2019-01-14T23:21:27.5000000Z,2019-01-14T23:15:27.2800000Z,2019-01-15T00:00:00.0000000Z,2019-01-14T23:00:00.0000000Z,6,1.1532147
3360,131.12953862,131.90329663,131.12953862,131.28635928,2019-01-15T00:54:28.2270000Z,2019-01-15T00:10:54.5370000Z,2019-01-15T01:00:00.0000000Z,2019-01-15T00:00:00.0000000Z,9,4.58068661
3361,131.86038826,131.86038826,131.5590346,131.5590346,2019-01-15T01:25:23.6170000Z,2019-01-15T01:09:19.1730000Z,2019-01-15T02:00:00.0000000Z,2019-01-15T01:00:00.0000000Z,2,0.04614417
3362,129.60158165,130.49171056,129.60158165,130.3,2019-01-15T02:27:41.0870000Z,2019-01-15T02:24:23.0830000Z,2019-01-15T03:00:00.0000000Z,2019-01-15T02:00:00.0000000Z,6,13.52413706
3363,130.25,130.25,130.24999989,130.24999989,2019-01-15T03:12:22.7300000Z,2019-01-15T03:12:19.6670000Z,2019-01-15T04:00:00.0000000Z,2019-01-15T03:00:00.0000000Z,2,3.14754493
3364,129.19628423,129.19628424,129.15204106,129.15204106,2019-01-15T04:38:17.3330000Z,2019-01-15T04:29:14.4530000Z,2019-01-15T05:00:00.0000000Z,2019-01-15T04:00:00.0000000Z,3,13.27095352
3365,129.03243662,129.26774431,129.03243662,129.26774431,2019-01-15T05:34:22.2670000Z,2019-01-15T05:31:01.0170000Z,2019-01-15T06:00:00.0000000Z,2019-01-15T05:00:00.0000000Z,2,1.31596906
3366,128.1248016,129.15549143,128.1248016,128.8551992,2019-01-15T06:45:50.2400000Z,2019-01-15T06:15:31.3030000Z,2019-01-15T07:00:00.0000000Z,2019-01-15T06:00:00.0000000Z,16,114.56001478
3367,129.38311535,130.00626834,129.11251743,129.11251743,2019-01-15T07:35:56.8430000Z,2019-01-15T07:04:20.8270000Z,2019-01-15T08:00:00.0000000Z,2019-01-15T07:00:00.0000000Z,7,9.01129195
3368,129.74531857,130.30315595,129.40234515,130.30315595,2019-01-15T08:55:05.8700000Z,2019-01-15T08:07:06.7930000Z,2019-01-15T09:00:00.0000000Z,2019-01-15T08:00:00.0000000Z,12,50.77153807
3369,128.92641846,129.24127379,127.39045903,128.79294368,2019-01-15T09:46:06.2900000Z,2019-01-15T09:04:57.1570000Z,2019-01-15T10:00:00.0000000Z,2019-01-15T09:00:00.0000000Z,13,100.34627373
3370,129.21431512,129.21431512,128.49853022,128.89353202,2019-01-15T10:55:30.1400000Z,2019-01-15T10:14:28.0600000Z,2019-01-15T11:00:00.0000000Z,2019-01-15T10:00:00.0000000Z,4,5.92638386
3371,127.26602456,129.03282821,127.26602456,129.03282821,2019-01-15T12:41:30.9900000Z,2019-01-15T12:10:23.5200000Z,2019-01-15T13:00:00.0000000Z,2019-01-15T12:00:00.0000000Z,3,2.55058409
3372,130.71216052,130.71216052,127.60115797,127.70098285,2019-01-15T13:38:21.1700000Z,2019-01-15T13:07:14.7670000Z,2019-01-15T14:00:00.0000000Z,2019-01-15T13:00:00.0000000Z,15,20.19991767
3373,130.73138809,130.73138809,130.73138809,130.73138809,2019-01-15T14:19:17.9870000Z,2019-01-15T14:19:17.9870000Z,2019-01-15T15:00:00.0000000Z,2019-01-15T14:00:00.0000000Z,1,2.0
3374,127.39245196,130.85121552,127.39244424,130.73138815,2019-01-15T15:18:12.4630000Z,2019-01-15T15:03:56.3370000Z,2019-01-15T16:00:00.0000000Z,2019-01-15T15:00:00.0000000Z,14,31.76123025
3375,128.2634521,129.0,128.16826204,129.0,2019-01-15T16:38:15.6530000Z,2019-01-15T16:06:59.3200000Z,2019-01-15T17:00:00.0000000Z,2019-01-15T16:00:00.0000000Z,9,10.58175393
3376,127.80139,127.80139,127.33,127.39536742,2019-01-15T17:50:23.2570000Z,2019-01-15T17:20:39.3600000Z,2019-01-15T18:00:00.0000000Z,2019-01-15T17:00:00.0000000Z,5,6.2408159
3377,126.64052634,127.91596082,126.62352303,127.33,2019-01-15T18:58:20.5800000Z,2019-01-15T18:01:22.9330000Z,2019-01-15T19:00:00.0000000Z,2019-01-15T18:00:00.0000000Z,6,29.72376796
3378,127.4607434,127.47305267,127.4607434,127.47305266,2019-01-15T19:19:48.5170000Z,2019-01-15T19:08:03.5570000Z,2019-01-15T20:00:00.0000000Z,2019-01-15T19:00:00.0000000Z,9,0.6941581800000001
3379,124.53113169,126.86162712,124.53113169,126.86162712,2019-01-15T20:54:06.4030000Z,2019-01-15T20:03:47.4530000Z,2019-01-15T21:00:00.0000000Z,2019-01-15T20:00:00.0000000Z,10,202.21744623
3380,124.51114623,124.60372865,124.26553902,124.28276672,2019-01-15T21:39:13.1900000Z,2019-01-15T21:21:09.6030000Z,2019-01-15T22:00:00.0000000Z,2019-01-15T21:00:00.0000000Z,21,179.05144759
3381,124.8,124.9152932,124.51114623,124.51114623,2019-01-15T22:57:08.2800000Z,2019-01-15T22:07:48.4100000Z,2019-01-15T23:00:00.0000000Z,2019-01-15T22:00:00.0000000Z,6,14.55857718
3382,125.02070063,126.18971515,124.9000001,124.90000011,2019-01-15T23:47:43.9930000Z,2019-01-15T23:21:21.9800000Z,2019-01-16T00:00:00.0000000Z,2019-01-15T23:00:00.0000000Z,7,17.65857582
3383,126.24437977,126.24437977,125.5,125.5,2019-01-16T00:48:02.5830000Z,2019-01-16T00:00:21.4200000Z,2019-01-16T01:00:00.0000000Z,2019-01-16T00:00:00.0000000Z,10,13.02190885
3384,126.0,126.59634016,126.0,126.0,2019-01-16T01:18:55.2870000Z,2019-01-16T01:06:37.7030000Z,2019-01-16T02:00:00.0000000Z,2019-01-16T01:00:00.0000000Z,4,3.2838355
3385,125.93468117,125.93468117,125.29265695,125.50256662,2019-01-16T02:51:25.2500000Z,2019-01-16T02:12:18.4670000Z,2019-01-16T03:00:00.0000000Z,2019-01-16T02:00:00.0000000Z,4,6.5368226
3386,125.33696926,125.33696926,125.33696926,125.33696926,2019-01-16T03:32:10.5070000Z,2019-01-16T03:32:10.5070000Z,2019-01-16T04:00:00.0000000Z,2019-01-16T03:00:00.0000000Z,1,0.69954481
3387,125.92048834,126.999988,125.92048834,125.98803775,2019-01-16T04:40:25.1330000Z,2019-01-16T04:07:52.7900000Z,2019-01-16T05:00:00.0000000Z,2019-01-16T04:00:00.0000000Z,7,48.63684157
3388,125.94462923,126.26974705,125.94462923,126.26974705,2019-01-16T07:56:35.2470000Z,2019-01-16T07:04:26.7230000Z,2019-01-16T08:00:00.0000000Z,2019-01-16T07:00:00.0000000Z,2,0.61528486
3389,127.4607434,127.4607434,125.96322614,125.96322614,2019-01-16T08:51:31.4300000Z,2019-01-16T08:26:52.1830000Z,2019-01-16T09:00:00.0000000Z,2019-01-16T08:00:00.0000000Z,9,25.40427061
3390,127.77483987,127.83022084,127.77483987,127.83022084,2019-01-16T09:48:13.6800000Z,2019-01-16T09:47:57.5570000Z,2019-01-16T10:00:00.0000000Z,2019-01-16T09:00:00.0000000Z,2,5.11484278
3391,128.12283921,128.12283921,127.77483987,127.77483987,2019-01-16T10:35:06.8400000Z,2019-01-16T10:21:16.0030000Z,2019-01-16T11:00:00.0000000Z,2019-01-16T10:00:00.0000000Z,6,2.18858842
3392,127.68679998,127.75613962,127.68679998,127.75613962,2019-01-16T11:32:38.5830000Z,2019-01-16T11:25:37.9400000Z,2019-01-16T12:00:00.0000000Z,2019-01-16T11:00:00.0000000Z,3,0.41933619
3393,129.22065628,129.54624022,127.15519553,127.15519553,2019-01-16T12:20:37.2300000Z,2019-01-16T12:01:01.1600000Z,2019-01-16T13:00:00.0000000Z,2019-01-16T12:00:00.0000000Z,17,131.6648036
3394,126.88908003,127.67562,126.84879953,127.67562,2019-01-16T13:32:55.4830000Z,2019-01-16T13:28:52.2630000Z,2019-01-16T14:00:00.0000000Z,2019-01-16T13:00:00.0000000Z,9,44.47077522
3395,126.86404433,127.2591844,126.86404433,127.08166928,2019-01-16T14:36:50.3100000Z,2019-01-16T14:15:37.8300000Z,2019-01-16T15:00:00.0000000Z,2019-01-16T14:00:00.0000000Z,6,5.16918593
3396,127.52969526,127.52969526,127.52969526,127.52969526,2019-01-16T15:00:45.9470000Z,2019-01-16T15:00:45.9470000Z,2019-01-16T16:00:00.0000000Z,2019-01-16T15:00:00.0000000Z,1,3.233
3397,127.939,127.939,126.0,126.0,2019-01-16T16:52:12.4600000Z,2019-01-16T16:19:44.1130000Z,2019-01-16T17:00:00.0000000Z,2019-01-16T16:00:00.0000000Z,15,18.14501806
3398,126.43790845,128.46053065,126.43790845,128.46053065,2019-01-16T18:26:44.5800000Z,2019-01-16T18:03:16.2530000Z,2019-01-16T19:00:00.0000000Z,2019-01-16T18:00:00.0000000Z,8,15.72130645
3399,126.77006314,126.77006314,126.0,126.77006314,2019-01-16T19:44:38.3830000Z,2019-01-16T19:04:11.8500000Z,2019-01-16T20:00:00.0000000Z,2019-01-16T19:00:00.0000000Z,5,2.03067714
3400,126.41802698,126.41802698,126.41802698,126.41802698,2019-01-16T20:59:28.2500000Z,2019-01-16T20:59:28.2500000Z,2019-01-16T21:00:00.0000000Z,2019-01-16T20:00:00.0000000Z,1,0.02098618
3401,126.41500004,126.51670754,125.61520855,126.51670754,2019-01-16T21:42:29.7070000Z,2019-01-16T21:23:29.1830000Z,2019-01-16T22:00:00.0000000Z,2019-01-16T21:00:00.0000000Z,15,32.22533803
3402,126.57447601,126.57447601,126.415,126.415,2019-01-16T22:29:50.1100000Z,2019-01-16T22:13:33.7100000Z,2019-01-16T23:00:00.0000000Z,2019-01-16T22:00:00.0000000Z,2,1.3043764
3403,126.98999987,126.99,126.54306773,126.54306773,2019-01-16T23:58:05.4470000Z,2019-01-16T23:16:05.4600000Z,2019-01-17T00:00:00.0000000Z,2019-01-16T23:00:00.0000000Z,5,2.39181188
3404,125.90025764,127.27143934,125.90025764,126.99,2019-01-17T00:57:55.9430000Z,2019-01-17T00:00:06.3700000Z,2019-01-17T01:00:00.0000000Z,2019-01-17T00:00:00.0000000Z,7,7.20883444
3405,126.00000096,126.4940261,126.00000096,126.4940261,2019-01-17T01:22:23.5070000Z,2019-01-17T01:01:01.7730000Z,2019-01-17T02:00:00.0000000Z,2019-01-17T01:00:00.0000000Z,2,0.29334248
3406,125.18016453,126.11615135,125.18016452,126.11614959,2019-01-17T02:59:22.9600000Z,2019-01-17T02:07:00.9200000Z,2019-01-17T03:00:00.0000000Z,2019-01-17T02:00:00.0000000Z,7,44.89866108
3407,124.29395156,125.18,124.29395143,125.18,2019-01-17T03:18:57.7970000Z,2019-01-17T03:03:02.9470000Z,2019-01-17T04:00:00.0000000Z,2019-01-17T03:00:00.0000000Z,10,24.52851728
3408,126.08225018,126.08225018,126.08225018,126.08225018,2019-01-17T06:22:40.1800000Z,2019-01-17T06:22:39.8030000Z,2019-01-17T07:00:00.0000000Z,2019-01-17T06:00:00.0000000Z,2,5.5
3409,126.34478394,126.34478394,126.34478394,126.34478394,2019-01-17T08:44:36.1570000Z,2019-01-17T08:44:36.1570000Z,2019-01-17T09:00:00.0000000Z,2019-01-17T08:00:00.0000000Z,1,0.65004166
3410,126.0,126.0,126.0,126.0,2019-01-17T09:15:07.6100000Z,2019-01-17T09:15:07.6100000Z,2019-01-17T10:00:00.0000000Z,2019-01-17T09:00:00.0000000Z,1,0.47208402
3411,126.71238444,126.71238444,123.62241677,125.29599166,2019-01-17T10:57:54.6670000Z,2019-01-17T10:11:05.6100000Z,2019-01-17T11:00:00.0000000Z,2019-01-17T10:00:00.0000000Z,18,15.26225681
3412,126.37470008,126.37470362,126.1747036,126.1747036,2019-01-17T11:24:50.6030000Z,2019-01-17T11:05:50.5770000Z,2019-01-17T12:00:00.0000000Z,2019-01-17T11:00:00.0000000Z,3,5.92813026
3413,128.45186654,129.72456153,127.70914392,127.70914392,2019-01-17T12:36:47.6730000Z,2019-01-17T12:15:02.4830000Z,2019-01-17T13:00:00.0000000Z,2019-01-17T12:00:00.0000000Z,14,13.94464237
3414,128.14753171,128.14753171,128.14753171,128.14753171,2019-01-17T13:27:13.4730000Z,2019-01-17T13:00:24.7430000Z,2019-01-17T14:00:00.0000000Z,2019-01-17T13:00:00.0000000Z,8,14.54966214
3415,127.8953823,127.8953982,126.756,127.67974,2019-01-17T14:38:05.2230000Z,2019-01-17T14:09:25.9330000Z,2019-01-17T15:00:00.0000000Z,2019-01-17T14:00:00.0000000Z,22,33.77475382
3416,129.28639231,129.28639231,127.9,128.09789472,2019-01-17T15:55:43.6700000Z,2019-01-17T15:00:17.2200000Z,2019-01-17T16:00:00.0000000Z,2019-01-17T15:00:00.0000000Z,5,18.17300555
3417,127.73307976,130.0,127.73307976,129.47740431,2019-01-17T16:34:59.6600000Z,2019-01-17T16:01:42.3470000Z,2019-01-17T17:00:00.0000000Z,2019-01-17T16:00:00.0000000Z,15,74.42125983
3418,128.09353726,128.09353726,127.0,127.0,2019-01-17T17:58:34.9030000Z,2019-01-17T17:04:10.0800000Z,2019-01-17T18:00:00.0000000Z,2019-01-17T17:00:00.0000000Z,5,4.35159073
3419,128.75308954,128.93635344,127.89021636,128.93634738,2019-01-17T18:54:35.9970000Z,2019-01-17T18:22:33.1870000Z,2019-01-17T19:00:00.0000000Z,2019-01-17T18:00:00.0000000Z,7,44.00398774
3420,128.8910335,128.8910335,128.09009307,128.09009307,2019-01-17T19:39:21.2800000Z,2019-01-17T19:07:49.6300000Z,2019-01-17T20:00:00.0000000Z,2019-01-17T19:00:00.0000000Z,2,5.0415175
3421,127.54883002,127.54883002,127.54883002,127.54883002,2019-01-17T20:33:23.8870000Z,2019-01-17T20:33:23.8870000Z,2019-01-17T21:00:00.0000000Z,2019-01-17T20:00:00.0000000Z,1,5.0
3422,128.10465,128.67454165,128.10465,128.67454165,2019-01-17T21:59:11.4300000Z,2019-01-17T21:16:11.2130000Z,2019-01-17T22:00:00.0000000Z,2019-01-17T21:00:00.0000000Z,4,2.43064806
3423,127.92659757,128.64537346,127.46111459,128.39399489,2019-01-17T22:44:41.8670000Z,2019-01-17T22:04:07.4500000Z,2019-01-17T23:00:00.0000000Z,2019-01-17T22:00:00.0000000Z,10,19.04322584
3424,128.19260998,128.19260998,128.19260998,128.19260998,2019-01-17T23:10:05.1100000Z,2019-01-17T23:10:05.1100000Z,2019-01-18T00:00:00.0000000Z,2019-01-17T23:00:00.0000000Z,1,0.03055387
3425,128.11682156,128.9405642,128.11682156,128.9405642,2019-01-18T00:29:32.4430000Z,2019-01-18T00:10:50.4830000Z,2019-01-18T01:00:00.0000000Z,2019-01-18T00:00:00.0000000Z,2,0.06590143
3426,127.13306092,128.34991923,127.13306092,128.34991923,2019-01-18T01:34:32.4900000Z,2019-01-18T01:05:33.6930000Z,2019-01-18T02:00:00.0000000Z,2019-01-18T01:00:00.0000000Z,2,0.62975993
3427,128.10725796,128.10725796,128.10725796,128.10725796,2019-01-18T02:46:13.7100000Z,2019-01-18T02:46:13.7100000Z,2019-01-18T03:00:00.0000000Z,2019-01-18T02:00:00.0000000Z,1,1.686735
3428,126.89202364,126.89202364,126.89202364,126.89202364,2019-01-18T04:53:28.7500000Z,2019-01-18T04:53:28.7500000Z,2019-01-18T05:00:00.0000000Z,2019-01-18T04:00:00.0000000Z,2,5.0
3429,127.7632657,127.7632657,127.7632657,127.7632657,2019-01-18T06:43:28.0870000Z,2019-01-18T06:43:28.0870000Z,2019-01-18T07:00:00.0000000Z,2019-01-18T06:00:00.0000000Z,1,0.78074084
3430,127.55460114,127.55460114,127.32494846,127.32494846,2019-01-18T07:46:16.4300000Z,2019-01-18T07:24:31.6430000Z,2019-01-18T08:00:00.0000000Z,2019-01-18T07:00:00.0000000Z,2,0.05813691
3431,127.35937615,127.76326561,127.35937615,127.56549626,2019-01-18T08:37:48.0000000Z,2019-01-18T08:19:03.8030000Z,2019-01-18T09:00:00.0000000Z,2019-01-18T08:00:00.0000000Z,3,13.03295313
3432,127.66926639,127.67629937,127.02895014,127.02895014,2019-01-18T09:51:10.6530000Z,2019-01-18T09:21:02.6330000Z,2019-01-18T10:00:00.0000000Z,2019-01-18T09:00:00.0000000Z,4,2.54282452
3433,127.02895041,127.72612725,127.02895041,127.72612725,2019-01-18T10:58:53.5130000Z,2019-01-18T10:22:26.3900000Z,2019-01-18T11:00:00.0000000Z,2019-01-18T10:00:00.0000000Z,5,2.01580629
3434,127.50467939,127.50467939,126.8454826,126.8454826,2019-01-18T11:34:11.2200000Z,2019-01-18T11:16:52.6500000Z,2019-01-18T12:00:00.0000000Z,2019-01-18T11:00:00.0000000Z,2,12.63795985
3435,127.08805989,127.08805989,127.08805989,127.08805989,2019-01-18T12:17:45.1070000Z,2019-01-18T12:17:45.1070000Z,2019-01-18T13:00:00.0000000Z,2019-01-18T12:00:00.0000000Z,1,0.01995678
3436,126.50142711,126.50142711,126.50142711,126.50142711,2019-01-18T13:47:13.0600000Z,2019-01-18T13:47:13.0600000Z,2019-01-18T14:00:00.0000000Z,2019-01-18T13:00:00.0000000Z,1,0.34800000000000003
3437,127.0588614,127.0588614,127.0588614,127.0588614,2019-01-18T14:41:08.0100000Z,2019-01-18T14:41:08.0100000Z,2019-01-18T15:00:00.0000000Z,2019-01-18T14:00:00.0000000Z,1,0.2666213
3438,127.16557995,127.16557995,127.11955529,127.11955529,2019-01-18T15:55:00.7930000Z,2019-01-18T15:11:31.6130000Z,2019-01-18T16:00:00.0000000Z,2019-01-18T15:00:00.0000000Z,3,2.08326144
3439,125.79734398,126.62389318,125.79734314,126.62389318,2019-01-18T16:51:54.5700000Z,2019-01-18T16:06:40.3270000Z,2019-01-18T17:00:00.0000000Z,2019-01-18T16:00:00.0000000Z,7,24.83483076
3440,126.0,126.44670745,126.0,126.44670744,2019-01-18T17:55:00.9800000Z,2019-01-18T17:12:17.0200000Z,2019-01-18T18:00:00.0000000Z,2019-01-18T17:00:00.0000000Z,7,47.07620315
3441,125.33972532,125.33972532,125.33972532,125.33972532,2019-01-18T18:58:05.7170000Z,2019-01-18T18:58:05.7170000Z,2019-01-18T19:00:00.0000000Z,2019-01-18T18:00:00.0000000Z,1,0.06152101
3442,124.5,125.96400445,124.5,125.96400445,2019-01-18T19:47:15.7730000Z,2019-01-18T19:04:03.0930000Z,2019-01-18T20:00:00.0000000Z,2019-01-18T19:00:00.0000000Z,8,5.02991602
3443,125.99999962,125.99999962,125.45354674,125.45354674,2019-01-18T20:20:11.2600000Z,2019-01-18T20:11:18.8670000Z,2019-01-18T21:00:00.0000000Z,2019-01-18T20:00:00.0000000Z,2,3.91082822
3444,126.0,126.0,125.99,125.99,2019-01-18T23:15:59.3300000Z,2019-01-18T23:15:46.4870000Z,2019-01-19T00:00:00.0000000Z,2019-01-18T23:00:00.0000000Z,3,1.04537993
3445,126.74353041,126.74353041,126.59997897,126.59997897,2019-01-19T00:24:06.7100000Z,2019-01-19T00:01:08.4170000Z,2019-01-19T01:00:00.0000000Z,2019-01-19T00:00:00.0000000Z,5,18.44567398
3446,127.018,127.018,126.5171176,126.5171176,2019-01-19T02:50:00.5770000Z,2019-01-19T02:01:03.1300000Z,2019-01-19T03:00:00.0000000Z,2019-01-19T02:00:00.0000000Z,8,32.14647033
3447,127.01442899,127.01799951,127.01442899,127.01799951,2019-01-19T03:31:36.7100000Z,2019-01-19T03:23:51.7530000Z,2019-01-19T04:00:00.0000000Z,2019-01-19T03:00:00.0000000Z,2,1.3198781
3448,126.04452178,126.04452178,126.04452178,126.04452178,2019-01-19T05:36:32.1130000Z,2019-01-19T05:36:32.1130000Z,2019-01-19T06:00:00.0000000Z,2019-01-19T05:00:00.0000000Z,1,1.58674092
3449,126.26731581,126.26731581,126.26731581,126.26731581,2019-01-19T06:41:17.0230000Z,2019-01-19T06:40:56.3330000Z,2019-01-19T07:00:00.0000000Z,2019-01-19T06:00:00.0000000Z,2,0.5642579999999999
3450,126.81139336,126.81139336,126.58024797,126.58024797,2019-01-19T08:59:26.8430000Z,2019-01-19T08:42:30.0500000Z,2019-01-19T09:00:00.0000000Z,2019-01-19T08:00:00.0000000Z,3,4.01924946
3451,126.38700955,127.28662648,126.38700955,126.81139,2019-01-19T09:50:09.8370000Z,2019-01-19T09:17:30.9300000Z,2019-01-19T10:00:00.0000000Z,2019-01-19T09:00:00.0000000Z,22,57.34955611
3452,128.06651418,130.07379375,127.09130622,127.09130622,2019-01-19T10:49:09.8370000Z,2019-01-19T10:02:23.1400000Z,2019-01-19T11:00:00.0000000Z,2019-01-19T10:00:00.0000000Z,52,49.74445748
3453,128.70986822,129.11049501,128.29802064,128.29802064,2019-01-19T11:57:51.4300000Z,2019-01-19T11:15:25.9900000Z,2019-01-19T12:00:00.0000000Z,2019-01-19T11:00:00.0000000Z,3,0.68806387
3454,129.43264921,129.43264921,128.00046442,128.70986741,2019-01-19T12:48:27.6100000Z,2019-01-19T12:07:52.6700000Z,2019-01-19T13:00:00.0000000Z,2019-01-19T12:00:00.0000000Z,9,15.60645278
3455,129.3330342,129.43249599,129.3330342,129.43249579,2019-01-19T13:23:14.4530000Z,2019-01-19T13:01:03.6470000Z,2019-01-19T14:00:00.0000000Z,2019-01-19T13:00:00.0000000Z,13,0.34030142
3456,128.58950712,128.961,128.58950712,128.58950771,2019-01-19T14:41:16.8330000Z,2019-01-19T14:07:12.6900000Z,2019-01-19T15:00:00.0000000Z,2019-01-19T14:00:00.0000000Z,8,17.30887436
3457,128.14855512,129.24067654,128.14855512,128.58950712,2019-01-19T15:45:03.8670000Z,2019-01-19T15:02:12.9500000Z,2019-01-19T16:00:00.0000000Z,2019-01-19T15:00:00.0000000Z,4,13.99427314
3458,129.33303322,129.33303322,128.8951627,129.24067482,2019-01-19T16:36:01.7630000Z,2019-01-19T16:17:36.9930000Z,2019-01-19T17:00:00.0000000Z,2019-01-19T16:00:00.0000000Z,9,11.57540784
3459,128.84472712,128.84472714,128.77504616,128.77504616,2019-01-19T17:35:56.5730000Z,2019-01-19T17:20:13.2870000Z,2019-01-19T18:00:00.0000000Z,2019-01-19T17:00:00.0000000Z,3,18.428841
3460,128.12415465,129.28609456,128.12415465,128.91358983,2019-01-19T18:27:43.6170000Z,2019-01-19T18:09:07.1200000Z,2019-01-19T19:00:00.0000000Z,2019-01-19T18:00:00.0000000Z,4,8.4794102
3461,128.76610739,128.81681422,128.76610739,128.81681422,2019-01-19T19:59:56.0370000Z,2019-01-19T19:24:29.4570000Z,2019-01-19T20:00:00.0000000Z,2019-01-19T19:00:00.0000000Z,2,0.0397213
3462,129.0579448,129.0579448,128.0,128.12415474,2019-01-19T20:58:29.2030000Z,2019-01-19T20:10:36.5570000Z,2019-01-19T21:00:00.0000000Z,2019-01-19T20:00:00.0000000Z,18,65.05462986
3463,129.05794481,129.05794481,129.05794481,129.05794481,2019-01-19T21:01:10.8130000Z,2019-01-19T21:01:10.8130000Z,2019-01-19T22:00:00.0000000Z,2019-01-19T21:00:00.0000000Z,1,0.69877565
3464,128.36652263,128.36652263,128.36652263,128.36652263,2019-01-20T00:59:05.0600000Z,2019-01-20T00:59:05.0600000Z,2019-01-20T01:00:00.0000000Z,2019-01-20T00:00:00.0000000Z,1,0.18122048000000002
3465,128.75922588,128.75922588,128.13808161,128.36652665,2019-01-20T01:41:16.9430000Z,2019-01-20T01:00:47.4700000Z,2019-01-20T02:00:00.0000000Z,2019-01-20T01:00:00.0000000Z,16,1.7316148
3466,128.94020896,128.94131234,128.94020896,128.94131234,2019-01-20T02:38:14.2370000Z,2019-01-20T02:00:55.5770000Z,2019-01-20T03:00:00.0000000Z,2019-01-20T02:00:00.0000000Z,2,0.05865617
3467,128.87634512,128.87634512,128.87634512,128.87634512,2019-01-20T03:26:23.4170000Z,2019-01-20T03:26:23.4170000Z,2019-01-20T04:00:00.0000000Z,2019-01-20T03:00:00.0000000Z,1,0.42827073
3468,128.66986723,128.66986723,128.66986723,128.66986723,2019-01-20T04:10:39.1130000Z,2019-01-20T04:10:39.1130000Z,2019-01-20T05:00:00.0000000Z,2019-01-20T04:00:00.0000000Z,1,5.36329607
3469,127.60235105,128.10909054,126.69400715,127.90884996,2019-01-20T05:50:52.2230000Z,2019-01-20T05:14:59.5800000Z,2019-01-20T06:00:00.0000000Z,2019-01-20T05:00:00.0000000Z,10,10.34648803
3470,128.23230668,128.23230668,127.60235105,127.60235105,2019-01-20T06:07:24.8730000Z,2019-01-20T06:00:22.3870000Z,2019-01-20T07:00:00.0000000Z,2019-01-20T06:00:00.0000000Z,10,10.39339353
3471,127.33027537,127.33027537,127.33027537,127.33027537,2019-01-20T07:13:56.0330000Z,2019-01-20T07:13:56.0330000Z,2019-01-20T08:00:00.0000000Z,2019-01-20T07:00:00.0000000Z,1,1.2371159600000001
3472,127.89688561,127.89688561,127.89688561,127.89688561,2019-01-20T08:24:27.4430000Z,2019-01-20T08:24:27.4430000Z,2019-01-20T09:00:00.0000000Z,2019-01-20T08:00:00.0000000Z,1,0.73589622
3473,128.41835521,128.49628693,127.35817128,127.35817128,2019-01-20T09:58:11.5870000Z,2019-01-20T09:12:16.2970000Z,2019-01-20T10:00:00.0000000Z,2019-01-20T09:00:00.0000000Z,6,3.1425704899999998
3474,128.75112706,128.75112706,128.75112706,128.75112706,2019-01-20T10:44:17.7800000Z,2019-01-20T10:44:17.7800000Z,2019-01-20T11:00:00.0000000Z,2019-01-20T10:00:00.0000000Z,1,0.53510791
3475,125.97246318,128.13638411,125.071,128.13638411,2019-01-20T11:54:02.8930000Z,2019-01-20T11:10:34.0600000Z,2019-01-20T12:00:00.0000000Z,2019-01-20T11:00:00.0000000Z,8,5.64731259
3476,120.0,124.14208751,120.0,124.14208751,2019-01-20T12:55:28.0770000Z,2019-01-20T12:13:59.1670000Z,2019-01-20T13:00:00.0000000Z,2019-01-20T12:00:00.0000000Z,41,138.86318255
3477,121.22521513,121.24499187,121.22521513,121.24499187,2019-01-20T13:46:09.6000000Z,2019-01-20T13:19:26.3400000Z,2019-01-20T14:00:00.0000000Z,2019-01-20T13:00:00.0000000Z,2,3.99196308
3478,121.22521513,121.22521513,121.22521513,121.22521513,2019-01-20T14:26:00.8030000Z,2019-01-20T14:26:00.8030000Z,2019-01-20T15:00:00.0000000Z,2019-01-20T14:00:00.0000000Z,1,0.85
3479,122.0902837,122.0902837,121.80328649,121.80328649,2019-01-20T15:14:24.2800000Z,2019-01-20T15:01:01.2730000Z,2019-01-20T16:00:00.0000000Z,2019-01-20T15:00:00.0000000Z,4,31.23918238
3480,121.124943,121.62179184,120.978,120.978,2019-01-20T16:36:10.0800000Z,2019-01-20T16:01:43.4100000Z,2019-01-20T17:00:00.0000000Z,2019-01-20T16:00:00.0000000Z,8,9.89344347
3481,121.22885195,121.40169176,121.22885195,121.33532433,2019-01-20T17:54:00.8400000Z,2019-01-20T17:17:41.2570000Z,2019-01-20T18:00:00.0000000Z,2019-01-20T17:00:00.0000000Z,3,1.0105367
3482,121.57087555,121.57087555,121.1,121.1,2019-01-20T18:57:40.5430000Z,2019-01-20T18:38:20.5470000Z,2019-01-20T19:00:00.0000000Z,2019-01-20T18:00:00.0000000Z,4,6.42813585
3483,121.24375198,121.42237572,121.24375195,121.42237572,2019-01-20T19:56:37.1200000Z,2019-01-20T19:26:31.9970000Z,2019-01-20T20:00:00.0000000Z,2019-01-20T19:00:00.0000000Z,10,37.26441397
3484,121.59999997,121.6,120.60000004,120.8,2019-01-20T20:55:10.2700000Z,2019-01-20T20:47:41.3170000Z,2019-01-20T21:00:00.0000000Z,2019-01-20T20:00:00.0000000Z,5,6.43511198
3485,121.98410249,121.98410249,121.63077876,121.63077876,2019-01-20T21:45:28.6930000Z,2019-01-20T21:18:58.3470000Z,2019-01-20T22:00:00.0000000Z,2019-01-20T21:00:00.0000000Z,3,0.47022768000000004
3486,122.42263152,122.49,121.97252794,121.9725281,2019-01-20T22:44:25.3570000Z,2019-01-20T22:17:05.3430000Z,2019-01-20T23:00:00.0000000Z,2019-01-20T22:00:00.0000000Z,5,5.90958382
3487,122.04372515,122.45,122.04372515,122.45,2019-01-20T23:50:12.8900000Z,2019-01-20T23:09:28.7300000Z,2019-01-21T00:00:00.0000000Z,2019-01-20T23:00:00.0000000Z,3,4.0
3488,122.40968579,122.49,122.40968579,122.40968581,2019-01-21T00:04:32.0070000Z,2019-01-21T00:04:30.7570000Z,2019-01-21T01:00:00.0000000Z,2019-01-21T00:00:00.0000000Z,7,37.72384808
3489,122.71734312,122.71734312,122.03183853,122.03183853,2019-01-21T01:41:09.8430000Z,2019-01-21T01:02:40.1100000Z,2019-01-21T02:00:00.0000000Z,2019-01-21T01:00:00.0000000Z,4,13.77361784
3490,122.14967108,122.14967108,121.61531694,121.61531694,2019-01-21T02:28:23.0400000Z,2019-01-21T02:17:52.0200000Z,2019-01-21T03:00:00.0000000Z,2019-01-21T02:00:00.0000000Z,6,6.52961339
3491,121.02026262,122.03839283,121.02026262,122.03839283,2019-01-21T03:43:24.9670000Z,2019-01-21T03:32:37.0700000Z,2019-01-21T04:00:00.0000000Z,2019-01-21T03:00:00.0000000Z,3,26.305
3492,121.61487808,121.61487808,120.45396152000001,120.7020329,2019-01-21T04:53:27.9070000Z,2019-01-21T04:21:20.2030000Z,2019-01-21T05:00:00.0000000Z,2019-01-21T04:00:00.0000000Z,8,33.24853314
3493,121.61529368,121.61529368,121.41378629,121.41378629,2019-01-21T05:52:38.7430000Z,2019-01-21T05:46:37.9300000Z,2019-01-21T06:00:00.0000000Z,2019-01-21T05:00:00.0000000Z,2,1.02478436
3494,121.27368935,121.27368935,120.5,120.5,2019-01-21T06:50:20.4570000Z,2019-01-21T06:35:14.6400000Z,2019-01-21T07:00:00.0000000Z,2019-01-21T06:00:00.0000000Z,3,1.05282547
3495,120.45396161,120.45396161,120.45396161,120.45396161,2019-01-21T07:14:17.9700000Z,2019-01-21T07:14:17.9700000Z,2019-01-21T08:00:00.0000000Z,2019-01-21T07:00:00.0000000Z,1,1.0
3496,121.16295259,121.16295259,120.45396152000001,120.45396153,2019-01-21T08:13:05.6130000Z,2019-01-21T08:10:03.0500000Z,2019-01-21T09:00:00.0000000Z,2019-01-21T08:00:00.0000000Z,3,1.1239479
3497,121.61529368,121.61529368,121.61528702,121.61528702,2019-01-21T09:31:09.1400000Z,2019-01-21T09:31:09.1400000Z,2019-01-21T10:00:00.0000000Z,2019-01-21T09:00:00.0000000Z,2,8.79821764
3498,121.54569319,121.54569319,120.76587737,120.76587737,2019-01-21T10:56:31.2600000Z,2019-01-21T10:22:27.6330000Z,2019-01-21T11:00:00.0000000Z,2019-01-21T10:00:00.0000000Z,2,1.01930469
3499,122.90635737,122.90635737,121.08181803,121.08181803,2019-01-21T11:58:56.1470000Z,2019-01-21T11:30:30.9000000Z,2019-01-21T12:00:00.0000000Z,2019-01-21T11:00:00.0000000Z,4,16.99427993
3500,122.72584508,122.90636,122.72584506,122.90636,2019-01-21T12:43:25.3230000Z,2019-01-21T12:07:15.8530000Z,2019-01-21T13:00:00.0000000Z,2019-01-21T12:00:00.0000000Z,4,42.19514112
3501,122.56388901,122.56388901,122.56388901,122.56388901,2019-01-21T13:29:11.1730000Z,2019-01-21T13:29:11.1730000Z,2019-01-21T14:00:00.0000000Z,2019-01-21T13:00:00.0000000Z,2,0.053481970000000004
3502,121.45248072,121.45248072,121.45248072,121.45248072,2019-01-21T14:19:08.3670000Z,2019-01-21T14:19:08.3670000Z,2019-01-21T15:00:00.0000000Z,2019-01-21T14:00:00.0000000Z,1,0.82317339
3503,121.25642331,121.28582622,121.25642331,121.28582617,2019-01-21T15:37:12.8600000Z,2019-01-21T15:04:19.4200000Z,2019-01-21T16:00:00.0000000Z,2019-01-21T15:00:00.0000000Z,8,107.16672051
3504,122.28557154,122.28557154,120.91458012,120.91458012,2019-01-21T16:58:41.8030000Z,2019-01-21T16:05:36.9030000Z,2019-01-21T17:00:00.0000000Z,2019-01-21T16:00:00.0000000Z,3,16.87984978
3505,122.09968864,122.09968911,122.09968864,122.09968911,2019-01-21T17:40:45.5730000Z,2019-01-21T17:34:37.6200000Z,2019-01-21T18:00:00.0000000Z,2019-01-21T17:00:00.0000000Z,3,3.33927981
3506,121.56507063,121.56507063,121.56507063,121.56507063,2019-01-21T19:44:07.1670000Z,2019-01-21T19:44:07.1670000Z,2019-01-21T20:00:00.0000000Z,2019-01-21T19:00:00.0000000Z,1,3.971543
3507,121.23750177,121.23750177,121.23750177,121.23750177,2019-01-21T20:42:24.4570000Z,2019-01-21T20:42:24.4570000Z,2019-01-21T21:00:00.0000000Z,2019-01-21T20:00:00.0000000Z,1,21.78854899
3508,120.95503397,121.05939366,120.95503397,121.05939366,2019-01-21T21:43:53.1770000Z,2019-01-21T21:38:03.9830000Z,2019-01-21T22:00:00.0000000Z,2019-01-21T21:00:00.0000000Z,3,5.95042909
3509,120.36792944,121.07922636,120.24219791,120.61386398,2019-01-21T22:46:31.8130000Z,2019-01-21T22:24:47.0400000Z,2019-01-21T23:00:00.0000000Z,2019-01-21T22:00:00.0000000Z,12,50.35029948
3510,121.46341321,121.46341321,120.48384691,120.48384691,2019-01-21T23:22:52.8630000Z,2019-01-21T23:13:37.0930000Z,2019-01-22T00:00:00.0000000Z,2019-01-21T23:00:00.0000000Z,2,0.85270715
3511,121.82982773,121.82982773,121.5674167,121.56741736,2019-01-22T00:41:01.9270000Z,2019-01-22T00:01:25.3000000Z,2019-01-22T01:00:00.0000000Z,2019-01-22T00:00:00.0000000Z,5,2.03257418
3512,121.85882182,121.85900533,121.85882182,121.85900533,2019-01-22T01:54:18.2600000Z,2019-01-22T01:14:02.0830000Z,2019-01-22T02:00:00.0000000Z,2019-01-22T01:00:00.0000000Z,2,0.05686542
3513,122.28928412,122.28928412,121.91905049,121.91905049,2019-01-22T02:51:39.9900000Z,2019-01-22T02:34:16.9630000Z,2019-01-22T03:00:00.0000000Z,2019-01-22T02:00:00.0000000Z,3,0.52134932
3514,121.01,121.91125016,121.01,121.91125016,2019-01-22T03:50:02.1470000Z,2019-01-22T03:09:52.6100000Z,2019-01-22T04:00:00.0000000Z,2019-01-22T03:00:00.0000000Z,9,13.89905299
3515,121.2287907,121.636,121.11920399,121.55901608,2019-01-22T04:29:55.8500000Z,2019-01-22T04:03:45.2770000Z,2019-01-22T05:00:00.0000000Z,2019-01-22T04:00:00.0000000Z,8,3.30479832
3516,121.0232306,121.0232306,121.02323058,121.02323058,2019-01-22T05:57:39.3470000Z,2019-01-22T05:56:08.1900000Z,2019-01-22T06:00:00.0000000Z,2019-01-22T05:00:00.0000000Z,4,1.73616857
3517,120.43117141,121.19813,120.43117141,121.19813,2019-01-22T06:56:21.7330000Z,2019-01-22T06:12:32.7600000Z,2019-01-22T07:00:00.0000000Z,2019-01-22T06:00:00.0000000Z,5,12.01340495
3518,120.43117141,120.43117141,120.07730255,120.07730255,2019-01-22T07:27:40.5470000Z,2019-01-22T07:27:10.9830000Z,2019-01-22T08:00:00.0000000Z,2019-01-22T07:00:00.0000000Z,2,0.06
3519,120.51872712,120.51872712,120.51872712,120.51872712,2019-01-22T08:22:20.3070000Z,2019-01-22T08:22:20.3070000Z,2019-01-22T09:00:00.0000000Z,2019-01-22T08:00:00.0000000Z,1,0.02484386
3520,120.78628657,120.86194498,120.78628657,120.86194498,2019-01-22T09:33:14.3430000Z,2019-01-22T09:01:09.8400000Z,2019-01-22T10:00:00.0000000Z,2019-01-22T09:00:00.0000000Z,2,0.08540559
3521,121.17557421,121.39681827,120.19547524,120.19547524,2019-01-22T10:56:35.5830000Z,2019-01-22T10:07:26.1230000Z,2019-01-22T11:00:00.0000000Z,2019-01-22T10:00:00.0000000Z,10,19.15528973
3522,119.99,120.23130173,115.61845428,120.23130173,2019-01-22T11:59:55.5370000Z,2019-01-22T11:32:43.7270000Z,2019-01-22T12:00:00.0000000Z,2019-01-22T11:00:00.0000000Z,27,82.04384117
3523,121.23507823,121.39017569,120.82883746,120.82883746,2019-01-22T12:41:32.6930000Z,2019-01-22T12:07:39.2430000Z,2019-01-22T13:00:00.0000000Z,2019-01-22T12:00:00.0000000Z,7,10.71161955
3524,121.04734327,121.04734327,121.04734327,121.04734327,2019-01-22T13:18:01.9630000Z,2019-01-22T13:10:39.5530000Z,2019-01-22T14:00:00.0000000Z,2019-01-22T13:00:00.0000000Z,2,1.8168832300000002
3525,123.22961925,123.3754963,121.94538568,121.94538568,2019-01-22T14:42:41.6130000Z,2019-01-22T14:24:30.6270000Z,2019-01-22T15:00:00.0000000Z,2019-01-22T14:00:00.0000000Z,11,102.27242744
3526,123.96786924,123.96786924,122.06434923,122.06434923,2019-01-22T15:58:44.8370000Z,2019-01-22T15:06:10.8730000Z,2019-01-22T16:00:00.0000000Z,2019-01-22T15:00:00.0000000Z,17,42.28650945
3527,124.45459068,124.45835277,123.47674054,124.08621932,2019-01-22T16:59:59.5870000Z,2019-01-22T16:00:42.7600000Z,2019-01-22T17:00:00.0000000Z,2019-01-22T16:00:00.0000000Z,11,92.86642947
3528,129.51274882,130.0,124.2047757,124.2047757,2019-01-22T17:58:28.4000000Z,2019-01-22T17:01:18.2270000Z,2019-01-22T18:00:00.0000000Z,2019-01-22T17:00:00.0000000Z,35,106.96493336
3529,127.59078559,131.3587543,127.59078559,130.0,2019-01-22T18:56:17.9400000Z,2019-01-22T18:03:48.4300000Z,2019-01-22T19:00:00.0000000Z,2019-01-22T18:00:00.0000000Z,26,89.6154894
3530,128.69145814,130.1476924,128.69145814,129.45292867,2019-01-22T19:14:58.9200000Z,2019-01-22T19:04:04.2730000Z,2019-01-22T20:00:00.0000000Z,2019-01-22T19:00:00.0000000Z,7,40.07938145
3531,127.6054095,128.89781619,127.6054095,128.69145814,2019-01-22T20:59:00.9030000Z,2019-01-22T20:21:16.2000000Z,2019-01-22T21:00:00.0000000Z,2019-01-22T20:00:00.0000000Z,8,14.0681702
3532,128.87,128.87,128.87,128.87,2019-01-22T21:03:58.0970000Z,2019-01-22T21:03:56.5970000Z,2019-01-22T22:00:00.0000000Z,2019-01-22T21:00:00.0000000Z,3,10.66497308
3533,127.48370933,127.83301101,126.21517845,127.83301101,2019-01-22T23:59:49.0100000Z,2019-01-22T23:01:01.9500000Z,2019-01-23T00:00:00.0000000Z,2019-01-22T23:00:00.0000000Z,6,6.3841285899999995
3534,127.484,127.484,126.84661153,126.84661153,2019-01-23T00:47:38.2230000Z,2019-01-23T00:20:37.7830000Z,2019-01-23T01:00:00.0000000Z,2019-01-23T00:00:00.0000000Z,24,57.43924057
3535,127.02947409,127.02947409,127.02947341,127.02947341,2019-01-23T01:35:04.6070000Z,2019-01-23T01:11:49.6870000Z,2019-01-23T02:00:00.0000000Z,2019-01-23T01:00:00.0000000Z,3,1.3074656
3536,130.49999755,130.49999863,128.0,128.0,2019-01-23T02:26:58.9300000Z,2019-01-23T02:00:30.0070000Z,2019-01-23T03:00:00.0000000Z,2019-01-23T02:00:00.0000000Z,27,69.33926698
3537,130.35299997,130.35338154,129.84603149,129.84603149,2019-01-23T03:58:44.9130000Z,2019-01-23T03:06:57.8700000Z,2019-01-23T04:00:00.0000000Z,2019-01-23T03:00:00.0000000Z,9,56.67430874
3538,129.37457429,130.35299996,129.37446614,130.35299996,2019-01-23T04:57:00.5330000Z,2019-01-23T04:09:22.4200000Z,2019-01-23T05:00:00.0000000Z,2019-01-23T04:00:00.0000000Z,10,11.16404693
3539,129.45,130.13827353,129.37460374,130.13827353,2019-01-23T05:55:03.4200000Z,2019-01-23T05:02:46.0530000Z,2019-01-23T06:00:00.0000000Z,2019-01-23T05:00:00.0000000Z,6,27.37660245
3540,129.45,129.45,129.4,129.4,2019-01-23T06:46:52.3500000Z,2019-01-23T06:16:39.7430000Z,2019-01-23T07:00:00.0000000Z,2019-01-23T06:00:00.0000000Z,9,22.37117556
3541,129.2347315,129.90307729,128.41670154,129.90307723,2019-01-23T07:37:02.5470000Z,2019-01-23T07:03:24.2700000Z,2019-01-23T08:00:00.0000000Z,2019-01-23T07:00:00.0000000Z,10,6.01094912
3542,128.64929197,128.64929197,126.91,127.00636124,2019-01-23T08:19:42.5670000Z,2019-01-23T08:12:09.6700000Z,2019-01-23T09:00:00.0000000Z,2019-01-23T08:00:00.0000000Z,6,18.369386
3543,128.04369104,128.9,128.04369104,128.9,2019-01-23T09:37:24.1500000Z,2019-01-23T09:18:39.5000000Z,2019-01-23T10:00:00.0000000Z,2019-01-23T09:00:00.0000000Z,3,5.14891686
3544,129.43352941,129.43352941,127.37858865,128.34880851,2019-01-23T10:46:11.5630000Z,2019-01-23T10:00:23.3970000Z,2019-01-23T11:00:00.0000000Z,2019-01-23T10:00:00.0000000Z,19,182.32628276
3545,130.7,130.71057787,129.66765712,129.66765712,2019-01-23T11:59:38.0930000Z,2019-01-23T11:22:11.2170000Z,2019-01-23T12:00:00.0000000Z,2019-01-23T11:00:00.0000000Z,30,80.89044278
3546,129.94689355,130.7,129.29342366,130.7,2019-01-23T12:30:51.2970000Z,2019-01-23T12:00:08.8130000Z,2019-01-23T13:00:00.0000000Z,2019-01-23T12:00:00.0000000Z,10,72.23211227
3547,130.05069284,130.05069284,129.78314103,129.78314103,2019-01-23T13:55:15.8230000Z,2019-01-23T13:10:40.0630000Z,2019-01-23T14:00:00.0000000Z,2019-01-23T13:00:00.0000000Z,3,15.65811435
3548,128.5773145,130.71057787,127.92951758,130.4801,2019-01-23T14:50:58.7070000Z,2019-01-23T14:19:48.9100000Z,2019-01-23T15:00:00.0000000Z,2019-01-23T14:00:00.0000000Z,5,22.2417
3549,132.96439722,135.55770143,129.22227315,129.22227315,2019-01-23T16:54:39.0770000Z,2019-01-23T16:04:43.1330000Z,2019-01-23T17:00:00.0000000Z,2019-01-23T16:00:00.0000000Z,39,83.36716913
3550,133.96848712,134.17520022,132.17744077,134.1752002,2019-01-23T17:52:58.0900000Z,2019-01-23T17:03:01.6900000Z,2019-01-23T18:00:00.0000000Z,2019-01-23T17:00:00.0000000Z,11,27.06334
3551,131.25373598,131.95099393,131.25373598,131.95099393,2019-01-23T22:53:04.4930000Z,2019-01-23T22:43:54.8200000Z,2019-01-23T23:00:00.0000000Z,2019-01-23T22:00:00.0000000Z,2,0.78993729
3552,130.37724136,130.37724136,130.37724136,130.37724136,2019-01-23T23:05:56.5170000Z,2019-01-23T23:05:56.5170000Z,2019-01-24T00:00:00.0000000Z,2019-01-23T23:00:00.0000000Z,1,0.59549978
3553,128.8,131.60674874,128.8,131.60674874,2019-01-24T01:51:07.8070000Z,2019-01-24T01:02:32.6630000Z,2019-01-24T02:00:00.0000000Z,2019-01-24T01:00:00.0000000Z,11,8.23970382
3554,129.3867275,129.78644237,128.8,128.80000006,2019-01-24T02:27:27.2470000Z,2019-01-24T02:02:34.9530000Z,2019-01-24T03:00:00.0000000Z,2019-01-24T02:00:00.0000000Z,6,4.05827294
3555,126.50348579999999,130.11803317,126.50348579999999,130.11803317,2019-01-24T03:52:56.4300000Z,2019-01-24T03:33:45.8000000Z,2019-01-24T04:00:00.0000000Z,2019-01-24T03:00:00.0000000Z,10,16.40042065
3556,128.32983833,128.32983833,128.32983833,128.32983833,2019-01-24T04:14:44.2870000Z,2019-01-24T04:14:44.2870000Z,2019-01-24T05:00:00.0000000Z,2019-01-24T04:00:00.0000000Z,1,0.09350904
3557,126.5,127.31086844,126.5,127.31086844,2019-01-24T05:43:52.2530000Z,2019-01-24T05:14:29.8470000Z,2019-01-24T06:00:00.0000000Z,2019-01-24T05:00:00.0000000Z,3,6.27570622
3558,128.07809993,128.07809993,126.5,126.5,2019-01-24T06:51:33.1730000Z,2019-01-24T06:06:43.2000000Z,2019-01-24T07:00:00.0000000Z,2019-01-24T06:00:00.0000000Z,23,114.65472055
3559,127.00004495,128.0,127.00004495,128.0,2019-01-24T07:33:55.0400000Z,2019-01-24T07:32:09.5570000Z,2019-01-24T08:00:00.0000000Z,2019-01-24T07:00:00.0000000Z,14,6.182182
3560,126.86576713,126.86576713,126.86576713,126.86576713,2019-01-24T08:51:40.1730000Z,2019-01-24T08:50:38.7970000Z,2019-01-24T09:00:00.0000000Z,2019-01-24T08:00:00.0000000Z,2,0.09458817
3561,127.96063765,127.96063765,127.96063765,127.96063765,2019-01-24T09:55:59.3870000Z,2019-01-24T09:55:59.3870000Z,2019-01-24T10:00:00.0000000Z,2019-01-24T09:00:00.0000000Z,1,1.5804404600000002
3562,127.5000621,127.50006321,127.50004942,127.50005328,2019-01-24T10:47:42.6000000Z,2019-01-24T10:31:09.4030000Z,2019-01-24T11:00:00.0000000Z,2019-01-24T10:00:00.0000000Z,26,10.40410084
3563,128.24798152,128.86562736,127.5000952,127.5000952,2019-01-24T11:54:44.7870000Z,2019-01-24T11:00:53.7900000Z,2019-01-24T12:00:00.0000000Z,2019-01-24T11:00:00.0000000Z,5,3.91350928
3564,127.86200066,127.86200069,127.86200066,127.86200069,2019-01-24T12:48:27.8900000Z,2019-01-24T12:47:42.0930000Z,2019-01-24T13:00:00.0000000Z,2019-01-24T12:00:00.0000000Z,2,3.34370383
3565,128.65184776,128.65184776,127.86200073,127.86200073,2019-01-24T13:59:12.6270000Z,2019-01-24T13:00:12.8970000Z,2019-01-24T14:00:00.0000000Z,2019-01-24T13:00:00.0000000Z,13,6.19760167
3566,127.48665591,128.10776156,127.48665591,128.10776156,2019-01-24T14:55:22.6370000Z,2019-01-24T14:07:02.6900000Z,2019-01-24T15:00:00.0000000Z,2019-01-24T14:00:00.0000000Z,12,6.64002038
3567,127.99505496,128.02933054,127.99505496,128.02933054,2019-01-24T15:46:54.6570000Z,2019-01-24T15:24:34.2270000Z,2019-01-24T16:00:00.0000000Z,2019-01-24T15:00:00.0000000Z,2,1.05756068
3568,127.23042579,128.48393392,127.23042579,128.48393392,2019-01-24T16:34:31.0870000Z,2019-01-24T16:10:52.3900000Z,2019-01-24T17:00:00.0000000Z,2019-01-24T16:00:00.0000000Z,5,19.31325959
3569,127.05027152,127.69107981,127.05027152,127.50936849,2019-01-24T17:46:45.8100000Z,2019-01-24T17:14:42.4800000Z,2019-01-24T18:00:00.0000000Z,2019-01-24T17:00:00.0000000Z,4,4.57488871
3570,127.79708606,127.79708606,127.79708606,127.79708606,2019-01-24T18:56:43.4630000Z,2019-01-24T18:56:43.4630000Z,2019-01-24T19:00:00.0000000Z,2019-01-24T18:00:00.0000000Z,1,2.89076397
3571,128.56137339,128.58046003,127.79708607,127.79708607,2019-01-24T19:49:00.1930000Z,2019-01-24T19:04:17.5470000Z,2019-01-24T20:00:00.0000000Z,2019-01-24T19:00:00.0000000Z,13,12.63950864
3572,127.87429749,128.56689723,127.87429749,128.56137339,2019-01-24T20:48:54.8800000Z,2019-01-24T20:00:25.2900000Z,2019-01-24T21:00:00.0000000Z,2019-01-24T20:00:00.0000000Z,12,7.73196122
3573,128.47340165,128.62572808,127.9150818,128.62572808,2019-01-24T21:38:59.2930000Z,2019-01-24T21:02:17.6830000Z,2019-01-24T22:00:00.0000000Z,2019-01-24T21:00:00.0000000Z,3,0.61520392
3574,128.91187445,129.058,128.56,128.56,2019-01-24T22:40:17.6800000Z,2019-01-24T22:02:13.3800000Z,2019-01-24T23:00:00.0000000Z,2019-01-24T22:00:00.0000000Z,5,9.59995172
3575,128.43923887,128.7964574,128.43923887,128.7964574,2019-01-24T23:58:38.2670000Z,2019-01-24T23:00:02.8600000Z,2019-01-25T00:00:00.0000000Z,2019-01-24T23:00:00.0000000Z,3,0.08580793
3576,128.43923881,128.43923881,127.97113694,128.4392388,2019-01-25T00:07:52.3630000Z,2019-01-25T00:00:30.6900000Z,2019-01-25T01:00:00.0000000Z,2019-01-25T00:00:00.0000000Z,17,4.93841407
3577,128.18194048,128.18194048,127.64594339,127.64594339,2019-01-25T01:34:04.6800000Z,2019-01-25T01:11:46.5170000Z,2019-01-25T02:00:00.0000000Z,2019-01-25T01:00:00.0000000Z,3,5.06128833
3578,127.99062896,127.99062896,127.99062896,127.99062896,2019-01-25T02:10:01.8400000Z,2019-01-25T02:10:01.8400000Z,2019-01-25T03:00:00.0000000Z,2019-01-25T02:00:00.0000000Z,1,0.08301389
3579,127.71579714,127.71579714,127.19507035,127.52518139,2019-01-25T03:37:03.1300000Z,2019-01-25T03:16:55.3400000Z,2019-01-25T04:00:00.0000000Z,2019-01-25T03:00:00.0000000Z,4,14.87999594
3580,128.0024589,128.0024589,127.12757394,127.12757394,2019-01-25T04:54:14.3400000Z,2019-01-25T04:15:41.8870000Z,2019-01-25T05:00:00.0000000Z,2019-01-25T04:00:00.0000000Z,2,3.03717874
3581,127.01880498,127.60562559,127.01880498,127.60562559,2019-01-25T05:57:16.8570000Z,2019-01-25T05:34:05.9070000Z,2019-01-25T06:00:00.0000000Z,2019-01-25T05:00:00.0000000Z,2,1.64554333
3582,127.01880498,127.01880498,127.01880498,127.01880498,2019-01-25T06:08:18.4900000Z,2019-01-25T06:08:18.4900000Z,2019-01-25T07:00:00.0000000Z,2019-01-25T06:00:00.0000000Z,1,4.29265801
3583,126.24322558,127.42668077,126.24322558,127.29989124,2019-01-25T07:43:10.4830000Z,2019-01-25T07:32:35.5900000Z,2019-01-25T08:00:00.0000000Z,2019-01-25T07:00:00.0000000Z,31,45.8182995
3584,124.677,127.28911298,124.677,127.28911298,2019-01-25T08:54:59.4530000Z,2019-01-25T08:01:09.5100000Z,2019-01-25T09:00:00.0000000Z,2019-01-25T08:00:00.0000000Z,23,101.56163649
3585,125.47741615,126.30626095,125.47741615,126.30626095,2019-01-25T09:45:03.5700000Z,2019-01-25T09:12:23.1470000Z,2019-01-25T10:00:00.0000000Z,2019-01-25T09:00:00.0000000Z,5,2.7795462200000003
3586,125.58421968,125.58421968,125.50000005,125.50000005,2019-01-25T10:22:46.7770000Z,2019-01-25T10:01:50.2330000Z,2019-01-25T11:00:00.0000000Z,2019-01-25T10:00:00.0000000Z,3,4.45759941
3587,126.8357537,126.8357537,124.85272973,124.85272973,2019-01-25T11:20:31.8400000Z,2019-01-25T11:01:00.0170000Z,2019-01-25T12:00:00.0000000Z,2019-01-25T11:00:00.0000000Z,5,16.96317685
3588,126.58118093,126.58118093,126.5810482,126.5810482,2019-01-25T12:05:27.8930000Z,2019-01-25T12:05:27.8930000Z,2019-01-25T13:00:00.0000000Z,2019-01-25T12:00:00.0000000Z,2,3.52095567
3589,126.80876333,126.80876333,126.19668698,126.19668698,2019-01-25T13:19:49.3500000Z,2019-01-25T13:08:08.7670000Z,2019-01-25T14:00:00.0000000Z,2019-01-25T13:00:00.0000000Z,20,1.69918718
3590,126.69026408,126.69026448,126.41420487,126.41420487,2019-01-25T14:59:57.2700000Z,2019-01-25T14:23:32.5800000Z,2019-01-25T15:00:00.0000000Z,2019-01-25T14:00:00.0000000Z,3,1.61420939
3591,126.67510646,126.8087634,126.67510646,126.8087634,2019-01-25T15:38:01.8330000Z,2019-01-25T15:00:50.8800000Z,2019-01-25T16:00:00.0000000Z,2019-01-25T15:00:00.0000000Z,2,2.2042052500000002
3592,126.82786837,126.82786837,126.82786837,126.82786837,2019-01-25T16:02:30.2500000Z,2019-01-25T16:02:30.2500000Z,2019-01-25T17:00:00.0000000Z,2019-01-25T16:00:00.0000000Z,1,0.02317213
3593,126.43642401,126.43642401,126.43642401,126.43642401,2019-01-25T17:43:51.6600000Z,2019-01-25T17:39:51.2330000Z,2019-01-25T18:00:00.0000000Z,2019-01-25T17:00:00.0000000Z,2,5.72239816
3594,126.10209118,126.43642401,126.10209118,126.41379574,2019-01-25T18:53:41.4830000Z,2019-01-25T18:18:20.9370000Z,2019-01-25T19:00:00.0000000Z,2019-01-25T18:00:00.0000000Z,5,10.30272154
3595,126.13165351,126.13165351,125.65118634,125.78683738,2019-01-25T19:45:45.5070000Z,2019-01-25T19:06:32.6130000Z,2019-01-25T20:00:00.0000000Z,2019-01-25T19:00:00.0000000Z,12,9.03681503
3596,126.35366585,126.48090138,126.35366584,126.48090138,2019-01-25T21:58:21.1030000Z,2019-01-25T21:17:32.6400000Z,2019-01-25T22:00:00.0000000Z,2019-01-25T21:00:00.0000000Z,5,49.2417832
3597,126.61521679,126.61521679,125.9830662,125.9830662,2019-01-25T22:43:15.2000000Z,2019-01-25T22:39:47.3670000Z,2019-01-25T23:00:00.0000000Z,2019-01-25T22:00:00.0000000Z,4,0.26237141
3598,126.81706173,126.81706173,126.61521683,126.61521683,2019-01-25T23:44:58.4800000Z,2019-01-25T23:32:24.0070000Z,2019-01-26T00:00:00.0000000Z,2019-01-25T23:00:00.0000000Z,2,0.1693701
3599,126.59033278,126.84183651,126.59033278,126.84183651,2019-01-26T00:54:56.2670000Z,2019-01-26T00:12:12.1370000Z,2019-01-26T01:00:00.0000000Z,2019-01-26T00:00:00.0000000Z,9,1.90133135
3600,126.35380354,126.35380354,126.35380354,126.35380354,2019-01-26T01:26:27.1100000Z,2019-01-26T01:26:04.9370000Z,2019-01-26T02:00:00.0000000Z,2019-01-26T01:00:00.0000000Z,5,18.35743655
3601,126.29225817,126.30026147,126.29225817,126.30026147,2019-01-26T02:16:58.6000000Z,2019-01-26T02:16:58.6000000Z,2019-01-26T03:00:00.0000000Z,2019-01-26T02:00:00.0000000Z,2,0.06334261000000001
3602,126.3665551,126.70545789,126.3665551,126.70545789,2019-01-26T03:12:24.6100000Z,2019-01-26T03:12:14.4370000Z,2019-01-26T04:00:00.0000000Z,2019-01-26T03:00:00.0000000Z,2,17.11214519
3603,126.61524102,126.70545794,126.61524102,126.70545794,2019-01-26T04:50:24.5030000Z,2019-01-26T04:42:14.6870000Z,2019-01-26T05:00:00.0000000Z,2019-01-26T04:00:00.0000000Z,3,0.12722089
3604,126.8871086,126.8871086,126.22675165,126.52675165,2019-01-26T06:50:31.1870000Z,2019-01-26T06:16:37.7170000Z,2019-01-26T07:00:00.0000000Z,2019-01-26T06:00:00.0000000Z,14,101.48811823
3605,128.13394653,128.13394653,126.50771612,126.50771612,2019-01-26T07:43:28.9270000Z,2019-01-26T07:09:01.3500000Z,2019-01-26T08:00:00.0000000Z,2019-01-26T07:00:00.0000000Z,11,11.88706682
3606,127.52989712,128.20602874,127.52989712,128.20602874,2019-01-26T08:50:14.6200000Z,2019-01-26T08:10:47.7830000Z,2019-01-26T09:00:00.0000000Z,2019-01-26T08:00:00.0000000Z,3,3.47161297
3607,127.52478551,127.52478551,127.52478551,127.52478551,2019-01-26T09:29:35.4670000Z,2019-01-26T09:29:35.4670000Z,2019-01-26T10:00:00.0000000Z,2019-01-26T09:00:00.0000000Z,1,0.02316689
3608,127.011,127.011,127.01055357,127.01055358,2019-01-26T10:35:08.6400000Z,2019-01-26T10:31:48.4500000Z,2019-01-26T11:00:00.0000000Z,2019-01-26T10:00:00.0000000Z,17,64.88889703
3609,127.011,127.011,126.95807747,126.95807747,2019-01-26T11:57:34.6970000Z,2019-01-26T11:09:40.2800000Z,2019-01-26T12:00:00.0000000Z,2019-01-26T11:00:00.0000000Z,12,30.07560736
3610,126.82143608,126.88462405,126.82143608,126.88462405,2019-01-26T12:19:56.6900000Z,2019-01-26T12:02:08.2470000Z,2019-01-26T13:00:00.0000000Z,2019-01-26T12:00:00.0000000Z,2,0.0418616
3611,126.5,126.69442502,126.5,126.69442502,2019-01-26T13:31:21.6300000Z,2019-01-26T13:03:45.1000000Z,2019-01-26T14:00:00.0000000Z,2019-01-26T13:00:00.0000000Z,8,10.08812734
3612,126.58119288,126.58119288,126.58119288,126.58119288,2019-01-26T14:22:35.9000000Z,2019-01-26T14:22:35.9000000Z,2019-01-26T15:00:00.0000000Z,2019-01-26T14:00:00.0000000Z,1,0.58054804
3613,126.12834503,126.19194766,126.12834503,126.1919473,2019-01-26T15:28:26.8400000Z,2019-01-26T15:23:40.4000000Z,2019-01-26T16:00:00.0000000Z,2019-01-26T15:00:00.0000000Z,6,35.15944643
3614,125.5,125.95459678,125.5,125.87703472,2019-01-26T16:30:10.8700000Z,2019-01-26T16:00:30.5900000Z,2019-01-26T17:00:00.0000000Z,2019-01-26T16:00:00.0000000Z,9,7.9693374200000004
3615,125.83016432,125.83016432,125.83016432,125.83016432,2019-01-26T17:31:24.7770000Z,2019-01-26T17:31:24.7770000Z,2019-01-26T18:00:00.0000000Z,2019-01-26T17:00:00.0000000Z,1,0.99087641
3616,125.73013008,125.73013008,125.73013007,125.73013008,2019-01-26T18:11:34.2000000Z,2019-01-26T18:11:32.2970000Z,2019-01-26T19:00:00.0000000Z,2019-01-26T18:00:00.0000000Z,6,60.05220568
3617,126.03865243,126.03865243,126.03865243,126.03865243,2019-01-26T19:02:05.4900000Z,2019-01-26T19:02:05.4900000Z,2019-01-26T20:00:00.0000000Z,2019-01-26T19:00:00.0000000Z,1,0.03931313
3618,125.45870999,125.45870999,125.45870999,125.45870999,2019-01-26T20:23:08.1830000Z,2019-01-26T20:23:08.1830000Z,2019-01-26T21:00:00.0000000Z,2019-01-26T20:00:00.0000000Z,1,1.51490211
3619,125.54998485,125.9271367,125.54998485,125.9271367,2019-01-26T23:47:10.9900000Z,2019-01-26T23:00:15.6700000Z,2019-01-27T00:00:00.0000000Z,2019-01-26T23:00:00.0000000Z,3,1.65825253
3620,125.54673414,125.61402361,125.19151592,125.46883748,2019-01-27T00:46:04.6270000Z,2019-01-27T00:28:33.4170000Z,2019-01-27T01:00:00.0000000Z,2019-01-27T00:00:00.0000000Z,4,3.27568418
3621,125.38418889,125.38418889,125.38418889,125.38418889,2019-01-27T01:36:33.0700000Z,2019-01-27T01:36:33.0700000Z,2019-01-27T02:00:00.0000000Z,2019-01-27T01:00:00.0000000Z,1,0.02530003
3622,126.0,126.0,125.8821171,125.8821171,2019-01-27T02:13:57.1630000Z,2019-01-27T02:06:40.8200000Z,2019-01-27T03:00:00.0000000Z,2019-01-27T02:00:00.0000000Z,5,3.36809633
3623,125.98515372,125.98515372,125.98515372,125.98515372,2019-01-27T03:29:40.4700000Z,2019-01-27T03:29:33.5330000Z,2019-01-27T04:00:00.0000000Z,2019-01-27T03:00:00.0000000Z,2,3.81306768
3624,123.88432313,125.95002778,123.88432313,125.68564127,2019-01-27T04:59:10.9930000Z,2019-01-27T04:00:39.8100000Z,2019-01-27T05:00:00.0000000Z,2019-01-27T04:00:00.0000000Z,13,25.27704344
3625,123.09377608,123.45165529,123.09377608,123.33527096,2019-01-27T05:55:06.9700000Z,2019-01-27T05:15:38.3000000Z,2019-01-27T06:00:00.0000000Z,2019-01-27T05:00:00.0000000Z,7,25.10953325
3626,123.90791035,124.0449143,123.34138072,123.34138072,2019-01-27T06:24:06.3000000Z,2019-01-27T06:14:13.5430000Z,2019-01-27T07:00:00.0000000Z,2019-01-27T06:00:00.0000000Z,4,0.99067638
3627,123.25395969,123.90787035,122.82817079,123.90787035,2019-01-27T08:58:03.7000000Z,2019-01-27T08:18:26.0530000Z,2019-01-27T09:00:00.0000000Z,2019-01-27T08:00:00.0000000Z,7,8.74791509
3628,122.4,123.05395969,121.0,123.05395969,2019-01-27T09:55:50.8070000Z,2019-01-27T09:17:06.3970000Z,2019-01-27T10:00:00.0000000Z,2019-01-27T09:00:00.0000000Z,11,35.96202378
3629,122.0,122.0,122.0,122.0,2019-01-27T10:29:14.0400000Z,2019-01-27T10:29:14.0400000Z,2019-01-27T11:00:00.0000000Z,2019-01-27T10:00:00.0000000Z,1,1.11
3630,122.14933332,122.14933332,122.14933332,122.14933332,2019-01-27T12:03:37.4000000Z,2019-01-27T12:00:55.8330000Z,2019-01-27T13:00:00.0000000Z,2019-01-27T12:00:00.0000000Z,2,1.19124796
3631,121.82023596,121.8277228,121.16299083,121.8277228,2019-01-27T13:58:04.5600000Z,2019-01-27T13:00:50.5330000Z,2019-01-27T14:00:00.0000000Z,2019-01-27T13:00:00.0000000Z,8,8.128244
3632,121.85092314,121.92100719,118.64523445,121.82023596,2019-01-27T14:57:44.0730000Z,2019-01-27T14:00:54.8600000Z,2019-01-27T15:00:00.0000000Z,2019-01-27T14:00:00.0000000Z,27,67.19993844
3633,122.0,122.87760692,122.0,122.0444765,2019-01-27T15:40:04.2500000Z,2019-01-27T15:13:03.7670000Z,2019-01-27T16:00:00.0000000Z,2019-01-27T15:00:00.0000000Z,18,111.4119623
3634,122.00000001,123.38415984,122.00000001,122.52326385,2019-01-27T16:15:28.0170000Z,2019-01-27T16:14:12.6730000Z,2019-01-27T17:00:00.0000000Z,2019-01-27T16:00:00.0000000Z,35,515.47912426
3635,123.12091691,123.12091691,123.12091691,123.12091691,2019-01-27T17:17:19.3270000Z,2019-01-27T17:17:18.5770000Z,2019-01-27T18:00:00.0000000Z,2019-01-27T17:00:00.0000000Z,3,5.7963000000000005
3636,122.43571613,122.79449395,122.43571613,122.79449395,2019-01-27T18:59:20.6530000Z,2019-01-27T18:12:55.9300000Z,2019-01-27T19:00:00.0000000Z,2019-01-27T18:00:00.0000000Z,11,17.44654716
3637,122.24402375,123.12552198,122.24402375,122.69999998,2019-01-27T19:35:15.1230000Z,2019-01-27T19:03:50.9230000Z,2019-01-27T20:00:00.0000000Z,2019-01-27T19:00:00.0000000Z,5,0.32808529999999997
3638,122.66788049,122.66788049,122.24402369,122.24402369,2019-01-27T21:13:48.7970000Z,2019-01-27T21:03:50.8070000Z,2019-01-27T22:00:00.0000000Z,2019-01-27T21:00:00.0000000Z,2,0.11905779999999999
3639,122.63162085,122.63162468,122.0,122.05515442,2019-01-27T22:33:59.8200000Z,2019-01-27T22:07:37.9500000Z,2019-01-27T23:00:00.0000000Z,2019-01-27T22:00:00.0000000Z,10,31.66428805
3640,121.95806932,122.63162085,121.95806932,122.63162085,2019-01-27T23:33:07.7870000Z,2019-01-27T23:05:37.6200000Z,2019-01-28T00:00:00.0000000Z,2019-01-27T23:00:00.0000000Z,33,185.29100017
3641,121.40219883,121.78759222,121.40219883,121.43483249,2019-01-28T00:13:56.3400000Z,2019-01-28T00:03:49.1000000Z,2019-01-28T01:00:00.0000000Z,2019-01-28T00:00:00.0000000Z,3,0.34437217000000003
3642,120.40448468,120.78979821,120.40448468,120.78979821,2019-01-28T01:45:52.9900000Z,2019-01-28T01:00:56.5070000Z,2019-01-28T02:00:00.0000000Z,2019-01-28T01:00:00.0000000Z,6,3.00956667
3643,119.13359474,119.91978929,119.04983899,119.91978929,2019-01-28T02:55:28.8800000Z,2019-01-28T02:38:22.2930000Z,2019-01-28T03:00:00.0000000Z,2019-01-28T02:00:00.0000000Z,3,22.91757152
3644,113.45208877,118.2,112.50000049,118.2,2019-01-28T03:56:31.3300000Z,2019-01-28T03:03:50.6000000Z,2019-01-28T04:00:00.0000000Z,2019-01-28T03:00:00.0000000Z,30,31.39719648
3645,114.11,115.1088671,113.66262138,115.10886709,2019-01-28T04:57:14.0300000Z,2019-01-28T04:06:19.9900000Z,2019-01-28T05:00:00.0000000Z,2019-01-28T04:00:00.0000000Z,27,47.96919151
3646,113.11,114.71751581,113.11,114.71751581,2019-01-28T05:30:23.4370000Z,2019-01-28T05:04:32.5030000Z,2019-01-28T06:00:00.0000000Z,2019-01-28T05:00:00.0000000Z,12,7.15552458
3647,110.31504301,112.5,108.63379332,112.5,2019-01-28T06:55:29.6130000Z,2019-01-28T06:00:48.9230000Z,2019-01-28T07:00:00.0000000Z,2019-01-28T06:00:00.0000000Z,68,77.83705691
3648,111.0,113.17049621,110.0,113.02909357,2019-01-28T07:59:53.4100000Z,2019-01-28T07:11:00.3530000Z,2019-01-28T08:00:00.0000000Z,2019-01-28T07:00:00.0000000Z,27,21.82089745
3649,110.37057718,110.74764641,110.0,110.5,2019-01-28T08:59:48.3130000Z,2019-01-28T08:00:28.7200000Z,2019-01-28T09:00:00.0000000Z,2019-01-28T08:00:00.0000000Z,49,184.48198447
3650,111.48853599,113.25937044,110.33324958,110.33324958,2019-01-28T09:57:17.4600000Z,2019-01-28T09:08:54.7530000Z,2019-01-28T10:00:00.0000000Z,2019-01-28T09:00:00.0000000Z,9,18.12037114
3651,111.19805721,112.60395855,111.19805721,112.60395855,2019-01-28T10:51:39.7330000Z,2019-01-28T10:00:52.1970000Z,2019-01-28T11:00:00.0000000Z,2019-01-28T10:00:00.0000000Z,21,30.02690053
3652,110.8896656,111.19805036,110.5,110.50002605,2019-01-28T11:59:55.0800000Z,2019-01-28T11:07:42.9300000Z,2019-01-28T12:00:00.0000000Z,2019-01-28T11:00:00.0000000Z,11,30.99769547
3653,110.02676328,110.02676328,109.80875892,109.80875892,2019-01-28T12:23:25.6830000Z,2019-01-28T12:17:32.0700000Z,2019-01-28T13:00:00.0000000Z,2019-01-28T12:00:00.0000000Z,2,10.8993913
3654,112.0,112.0,111.0,111.0,2019-01-28T13:57:42.6670000Z,2019-01-28T13:00:14.0000000Z,2019-01-28T14:00:00.0000000Z,2019-01-28T13:00:00.0000000Z,61,103.16969965
3655,111.78899045,111.964,110.51817364,111.223,2019-01-28T14:40:29.1230000Z,2019-01-28T14:02:37.2470000Z,2019-01-28T15:00:00.0000000Z,2019-01-28T14:00:00.0000000Z,66,394.21333132
3656,107.40400515,110.51817245,106.0,110.51817245,2019-01-28T15:50:54.3000000Z,2019-01-28T15:06:44.6230000Z,2019-01-28T16:00:00.0000000Z,2019-01-28T15:00:00.0000000Z,51,139.14624737
3657,108.69276923,109.36008549,107.36904375,109.36008549,2019-01-28T16:27:23.8170000Z,2019-01-28T16:00:22.7400000Z,2019-01-28T17:00:00.0000000Z,2019-01-28T16:00:00.0000000Z,7,17.19588996
3658,109.6532691,109.6532691,108.06719042,108.06719042,2019-01-28T17:53:45.3730000Z,2019-01-28T17:06:28.2530000Z,2019-01-28T18:00:00.0000000Z,2019-01-28T17:00:00.0000000Z,10,38.35581804
3659,110.08999757,110.08999757,108.52958,109.65309651,2019-01-28T18:52:15.3070000Z,2019-01-28T18:00:07.9400000Z,2019-01-28T19:00:00.0000000Z,2019-01-28T18:00:00.0000000Z,37,227.46079064
3660,109.52566405,109.52566405,109.52566405,109.52566405,2019-01-28T19:09:29.9270000Z,2019-01-28T19:09:29.9270000Z,2019-01-28T20:00:00.0000000Z,2019-01-28T19:00:00.0000000Z,1,0.67121196
3661,109.23855297,109.23855297,109.08716585,109.08716585,2019-01-28T20:34:59.0900000Z,2019-01-28T20:00:20.3530000Z,2019-01-28T21:00:00.0000000Z,2019-01-28T20:00:00.0000000Z,7,24.04730791
3662,109.16758716,109.70148432,109.16758716,109.40539255,2019-01-28T21:44:15.9730000Z,2019-01-28T21:18:24.3300000Z,2019-01-28T22:00:00.0000000Z,2019-01-28T21:00:00.0000000Z,4,0.14940168
3663,110.23663037,110.23663037,109.392112,109.392112,2019-01-28T22:58:11.8100000Z,2019-01-28T22:14:46.1800000Z,2019-01-28T23:00:00.0000000Z,2019-01-28T22:00:00.0000000Z,3,7.00949465
3664,110.85342697,111.5,110.23663037,110.23663037,2019-01-28T23:35:24.4830000Z,2019-01-28T23:08:58.3300000Z,2019-01-29T00:00:00.0000000Z,2019-01-28T23:00:00.0000000Z,11,24.57303605
3665,110.97113316,111.78450816,110.97113316,111.78450816,2019-01-29T00:46:58.2000000Z,2019-01-29T00:14:01.3700000Z,2019-01-29T01:00:00.0000000Z,2019-01-29T00:00:00.0000000Z,8,17.13318909
3666,109.847563,110.38823802,109.847563,110.38823802,2019-01-29T01:16:32.2000000Z,2019-01-29T01:03:24.9930000Z,2019-01-29T02:00:00.0000000Z,2019-01-29T01:00:00.0000000Z,8,21.18395032
3667,107.44135372,108.70617918,107.44135372,108.70617918,2019-01-29T03:46:50.1670000Z,2019-01-29T03:41:53.9300000Z,2019-01-29T04:00:00.0000000Z,2019-01-29T03:00:00.0000000Z,15,34.36014003
3668,108.92718413,108.92718417,108.08015429,108.08015613,2019-01-29T04:51:49.5270000Z,2019-01-29T04:49:09.6030000Z,2019-01-29T05:00:00.0000000Z,2019-01-29T04:00:00.0000000Z,10,100.08013989
3669,108.78002831,108.78002831,108.78002831,108.78002831,2019-01-29T05:23:21.3700000Z,2019-01-29T05:23:21.3700000Z,2019-01-29T06:00:00.0000000Z,2019-01-29T05:00:00.0000000Z,1,0.027572370000000002
3670,107.56100006,108.6294246,107.56100006,108.04691495,2019-01-29T06:44:24.5400000Z,2019-01-29T06:02:23.3970000Z,2019-01-29T07:00:00.0000000Z,2019-01-29T06:00:00.0000000Z,4,1.09893445
3671,106.30037148,108.59541851,106.30037148,107.56100006,2019-01-29T07:23:53.3600000Z,2019-01-29T07:01:20.0700000Z,2019-01-29T08:00:00.0000000Z,2019-01-29T07:00:00.0000000Z,29,41.52787295
3672,109.0,109.0,107.56099577,107.56099577,2019-01-29T08:57:53.6200000Z,2019-01-29T08:13:46.1770000Z,2019-01-29T09:00:00.0000000Z,2019-01-29T08:00:00.0000000Z,11,6.15145111
3673,110.43483624,110.63588964,109.0,109.33293845,2019-01-29T09:47:01.9430000Z,2019-01-29T09:12:03.0500000Z,2019-01-29T10:00:00.0000000Z,2019-01-29T09:00:00.0000000Z,12,4.60890597
3674,110.07348897,110.45929625,110.07348897,110.45929625,2019-01-29T10:52:19.0030000Z,2019-01-29T10:08:46.7970000Z,2019-01-29T11:00:00.0000000Z,2019-01-29T10:00:00.0000000Z,3,0.10005353
3675,109.0,110.45,109.0,109.5338896,2019-01-29T11:56:31.5370000Z,2019-01-29T11:00:32.8830000Z,2019-01-29T12:00:00.0000000Z,2019-01-29T11:00:00.0000000Z,5,9.77904058
3676,110.71793169,110.92891463,109.58704237,109.64360123,2019-01-29T12:53:44.6730000Z,2019-01-29T12:14:10.9170000Z,2019-01-29T13:00:00.0000000Z,2019-01-29T12:00:00.0000000Z,13,2.41699162
3677,110.73406274,112.0,110.27156089,110.78780244,2019-01-29T13:58:50.0130000Z,2019-01-29T13:01:32.9900000Z,2019-01-29T14:00:00.0000000Z,2019-01-29T13:00:00.0000000Z,41,69.90248218
3678,112.35600075,112.35600088,110.95,110.95,2019-01-29T14:55:11.9670000Z,2019-01-29T14:18:12.4170000Z,2019-01-29T15:00:00.0000000Z,2019-01-29T14:00:00.0000000Z,34,89.7114046
3679,111.33286255,112.06411864,111.33286255,112.06411862,2019-01-29T15:56:54.4600000Z,2019-01-29T15:13:53.3800000Z,2019-01-29T16:00:00.0000000Z,2019-01-29T15:00:00.0000000Z,4,39.07301166
3680,110.71135795000001,111.78367836,110.71135795000001,111.45691207,2019-01-29T16:57:10.3330000Z,2019-01-29T16:03:22.7130000Z,2019-01-29T17:00:00.0000000Z,2019-01-29T16:00:00.0000000Z,16,20.22763354
3681,110.42782474,110.982182,109.96428383,110.7,2019-01-29T17:29:36.3970000Z,2019-01-29T17:10:37.7170000Z,2019-01-29T18:00:00.0000000Z,2019-01-29T17:00:00.0000000Z,6,13.10759818
3682,110.33711761,110.76951598,109.91659284,110.6575347,2019-01-29T19:49:24.1970000Z,2019-01-29T19:10:08.9100000Z,2019-01-29T20:00:00.0000000Z,2019-01-29T19:00:00.0000000Z,13,43.94736232
3683,110.64420459,110.64420459,110.64420459,110.64420459,2019-01-29T20:53:34.8200000Z,2019-01-29T20:15:42.2400000Z,2019-01-29T21:00:00.0000000Z,2019-01-29T20:00:00.0000000Z,2,1.31106529
3684,110.00360076,110.08100252,110.00360076,110.08100252,2019-01-29T21:57:12.9100000Z,2019-01-29T21:03:29.3870000Z,2019-01-29T22:00:00.0000000Z,2019-01-29T21:00:00.0000000Z,2,3.4478442
3685,109.56479949,109.56480037,109.56479949,109.56480037,2019-01-29T22:21:23.0600000Z,2019-01-29T22:21:23.0600000Z,2019-01-29T23:00:00.0000000Z,2019-01-29T22:00:00.0000000Z,16,86.07061283
3686,109.4257435,110.07783096,109.4257435,110.07783096,2019-01-29T23:31:17.4570000Z,2019-01-29T23:20:04.4000000Z,2019-01-30T00:00:00.0000000Z,2019-01-29T23:00:00.0000000Z,2,5.06495616
3687,107.90497222,108.75548978,107.90497222,108.75548978,2019-01-30T00:32:02.2370000Z,2019-01-30T00:12:57.2400000Z,2019-01-30T01:00:00.0000000Z,2019-01-30T00:00:00.0000000Z,3,1.97619201
3688,110.68078638,110.68078638,109.14614341,109.14614341,2019-01-30T03:44:46.6630000Z,2019-01-30T03:35:56.6600000Z,2019-01-30T04:00:00.0000000Z,2019-01-30T03:00:00.0000000Z,9,6.24307445
3689,110.5,111.24319728,110.5,110.68078639,2019-01-30T04:48:01.2270000Z,2019-01-30T04:05:01.5630000Z,2019-01-30T05:00:00.0000000Z,2019-01-30T04:00:00.0000000Z,15,33.08815921
3690,110.26466821,110.5,110.26466821,110.5,2019-01-30T05:38:39.0000000Z,2019-01-30T05:35:43.6370000Z,2019-01-30T06:00:00.0000000Z,2019-01-30T05:00:00.0000000Z,2,0.60548102
3691,109.4640596,109.4640596,109.4640596,109.4640596,2019-01-30T06:57:50.3970000Z,2019-01-30T06:57:50.3970000Z,2019-01-30T07:00:00.0000000Z,2019-01-30T06:00:00.0000000Z,1,0.49494771
3692,109.46406003,110.95034482,109.46406003,110.95034482,2019-01-30T08:34:22.6000000Z,2019-01-30T08:17:39.4200000Z,2019-01-30T09:00:00.0000000Z,2019-01-30T08:00:00.0000000Z,4,37.05472361
3693,111.07078907,111.07078907,111.07078907,111.07078907,2019-01-30T10:22:38.9570000Z,2019-01-30T10:22:38.9570000Z,2019-01-30T11:00:00.0000000Z,2019-01-30T10:00:00.0000000Z,1,2.23541371
3694,110.446703,111.2773526,110.446703,111.2773526,2019-01-30T11:33:42.3570000Z,2019-01-30T11:13:47.1770000Z,2019-01-30T12:00:00.0000000Z,2019-01-30T11:00:00.0000000Z,4,2.20153427
3695,113.69936475,115.3612156,111.7967733,111.7967733,2019-01-30T12:55:30.7570000Z,2019-01-30T12:20:01.9730000Z,2019-01-30T13:00:00.0000000Z,2019-01-30T12:00:00.0000000Z,20,32.31452624
3696,117.59982958,120.0,113.35082711,115.36121547,2019-01-30T13:58:30.1630000Z,2019-01-30T13:08:44.8100000Z,2019-01-30T14:00:00.0000000Z,2019-01-30T13:00:00.0000000Z,37,61.25218124
3697,117.61215846,117.61215846,116.05366118,116.05366118,2019-01-30T14:53:50.0800000Z,2019-01-30T14:03:09.6030000Z,2019-01-30T15:00:00.0000000Z,2019-01-30T14:00:00.0000000Z,6,10.76038653
3698,118.15200973,118.21946361,117.32784482,117.32784482,2019-01-30T15:58:53.1430000Z,2019-01-30T15:32:20.5070000Z,2019-01-30T16:00:00.0000000Z,2019-01-30T15:00:00.0000000Z,6,16.23416429
3699,117.67390391,118.27016174,117.67390391,118.15200973,2019-01-30T16:18:05.5930000Z,2019-01-30T16:00:10.8630000Z,2019-01-30T17:00:00.0000000Z,2019-01-30T16:00:00.0000000Z,8,29.74684355
3700,116.48571516,118.10028151,116.48571516,116.86754704,2019-01-30T17:38:04.7600000Z,2019-01-30T17:06:14.9630000Z,2019-01-30T18:00:00.0000000Z,2019-01-30T17:00:00.0000000Z,7,4.7512614
3701,117.69085594,117.69085594,117.69085594,117.69085594,2019-01-30T18:37:54.4330000Z,2019-01-30T18:37:54.4330000Z,2019-01-30T19:00:00.0000000Z,2019-01-30T18:00:00.0000000Z,1,5.99930986
3702,117.10723862,117.10723862,117.10723862,117.10723862,2019-01-30T19:35:09.6630000Z,2019-01-30T19:35:09.6630000Z,2019-01-30T20:00:00.0000000Z,2019-01-30T19:00:00.0000000Z,1,3.5
3703,116.05366118,116.05366118,116.05366118,116.05366118,2019-01-30T20:14:09.3230000Z,2019-01-30T20:14:09.3230000Z,2019-01-30T21:00:00.0000000Z,2019-01-30T20:00:00.0000000Z,1,0.1
3704,115.91248813,115.91248813,115.91248813,115.91248813,2019-01-30T21:35:54.8500000Z,2019-01-30T21:35:54.8500000Z,2019-01-30T22:00:00.0000000Z,2019-01-30T21:00:00.0000000Z,1,0.61628396
3705,117.759,117.759,116.64448325,116.64448325,2019-01-30T22:39:36.9400000Z,2019-01-30T22:02:11.5500000Z,2019-01-30T23:00:00.0000000Z,2019-01-30T22:00:00.0000000Z,5,1.3499083
3706,117.0,117.0,117.0,117.0,2019-01-30T23:59:03.9500000Z,2019-01-30T23:59:03.9500000Z,2019-01-31T00:00:00.0000000Z,2019-01-30T23:00:00.0000000Z,1,0.8525640999999999
3707,118.54584208,118.54584208,117.51850255,117.51850255,2019-01-31T00:22:26.5070000Z,2019-01-31T00:04:15.5130000Z,2019-01-31T01:00:00.0000000Z,2019-01-31T00:00:00.0000000Z,5,6.32528638
3708,120.00896479,120.00896479,118.56822426,118.56822426,2019-01-31T01:40:04.5570000Z,2019-01-31T01:04:36.7300000Z,2019-01-31T02:00:00.0000000Z,2019-01-31T01:00:00.0000000Z,8,21.25516072
3709,118.17628998,118.17628998,118.17628998,118.17628998,2019-01-31T02:16:18.3900000Z,2019-01-31T02:16:18.3900000Z,2019-01-31T03:00:00.0000000Z,2019-01-31T02:00:00.0000000Z,1,1.0
3710,119.0,119.41429189,118.57201405,119.41429189,2019-01-31T03:54:47.6530000Z,2019-01-31T03:09:18.6800000Z,2019-01-31T04:00:00.0000000Z,2019-01-31T03:00:00.0000000Z,14,51.34810089
3711,118.68092468,118.68092475,118.009374,118.10340886,2019-01-31T04:38:04.3500000Z,2019-01-31T04:24:14.5430000Z,2019-01-31T05:00:00.0000000Z,2019-01-31T04:00:00.0000000Z,15,18.18226801
3712,118.03944369,118.03944369,118.00937763,118.00937763,2019-01-31T05:59:08.0130000Z,2019-01-31T05:30:02.2930000Z,2019-01-31T06:00:00.0000000Z,2019-01-31T05:00:00.0000000Z,3,15.9526966
3713,118.009374,118.009374,118.009374,118.009374,2019-01-31T06:02:59.9370000Z,2019-01-31T06:02:36.6230000Z,2019-01-31T07:00:00.0000000Z,2019-01-31T06:00:00.0000000Z,5,9.12091203
3714,117.78,117.78,117.78,117.78,2019-01-31T07:58:03.4970000Z,2019-01-31T07:57:59.8070000Z,2019-01-31T08:00:00.0000000Z,2019-01-31T07:00:00.0000000Z,3,16.85780955
3715,114.885,116.43569221,113.53001723,115.85276791,2019-01-31T08:59:33.1970000Z,2019-01-31T08:12:46.2500000Z,2019-01-31T09:00:00.0000000Z,2019-01-31T08:00:00.0000000Z,15,48.68692136
3716,113.96284084,115.53002,112.94262142,115.53001724,2019-01-31T09:43:00.8270000Z,2019-01-31T09:11:14.9500000Z,2019-01-31T10:00:00.0000000Z,2019-01-31T09:00:00.0000000Z,5,36.17407589
3717,113.25712581,114.75,113.25712581,114.16646626,2019-01-31T10:47:29.1870000Z,2019-01-31T10:04:48.5070000Z,2019-01-31T11:00:00.0000000Z,2019-01-31T10:00:00.0000000Z,9,51.63476627
3718,113.79958778,113.79958778,112.97600077,112.97600077,2019-01-31T11:54:41.7030000Z,2019-01-31T11:00:03.6430000Z,2019-01-31T12:00:00.0000000Z,2019-01-31T11:00:00.0000000Z,11,26.55507288
3719,114.59331478,115.13906846,113.41800172,113.41800172,2019-01-31T12:53:41.4370000Z,2019-01-31T12:11:17.6970000Z,2019-01-31T13:00:00.0000000Z,2019-01-31T12:00:00.0000000Z,5,12.17983856
3720,114.95098087,114.95098087,114.95098087,114.95098087,2019-01-31T13:00:47.9870000Z,2019-01-31T13:00:47.9870000Z,2019-01-31T14:00:00.0000000Z,2019-01-31T13:00:00.0000000Z,1,4.65829616
3721,114.01503913,114.01503913,113.19433252,113.19433252,2019-01-31T14:53:13.5530000Z,2019-01-31T14:50:51.7700000Z,2019-01-31T15:00:00.0000000Z,2019-01-31T14:00:00.0000000Z,2,4.24234513
3722,113.84061312,113.84061312,113.84061312,113.84061312,2019-01-31T15:01:14.1370000Z,2019-01-31T15:01:14.1370000Z,2019-01-31T16:00:00.0000000Z,2019-01-31T15:00:00.0000000Z,1,0.10514699999999999
3723,113.32741265,113.78492715,113.32741265,113.78492715,2019-01-31T16:50:10.2200000Z,2019-01-31T16:18:04.7670000Z,2019-01-31T17:00:00.0000000Z,2019-01-31T16:00:00.0000000Z,2,0.31605737
3724,113.548863,113.548863,113.548863,113.548863,2019-01-31T18:21:15.4870000Z,2019-01-31T18:21:15.4870000Z,2019-01-31T19:00:00.0000000Z,2019-01-31T18:00:00.0000000Z,1,0.03024729
3725,114.2738109,114.44455324,114.2738109,114.44455324,2019-01-31T20:47:01.8430000Z,2019-01-31T20:17:48.8600000Z,2019-01-31T21:00:00.0000000Z,2019-01-31T20:00:00.0000000Z,5,84.87079096
3726,114.65114669,114.65114669,114.56355209,114.56355209,2019-01-31T21:44:39.7200000Z,2019-01-31T21:30:56.8970000Z,2019-01-31T22:00:00.0000000Z,2019-01-31T21:00:00.0000000Z,3,18.01030195
3727,113.34496797,114.17735983,113.34496797,114.17735983,2019-01-31T23:28:06.2800000Z,2019-01-31T23:09:19.1800000Z,2019-02-01T00:00:00.0000000Z,2019-01-31T23:00:00.0000000Z,3,20.75469488
3728,111.18232911,113.43903209,111.18232911,113.43903209,2019-02-01T01:46:55.2830000Z,2019-02-01T01:03:19.3430000Z,2019-02-01T02:00:00.0000000Z,2019-02-01T01:00:00.0000000Z,10,41.32370667
3729,111.11871345,111.97837651,111.11871345,111.18233589,2019-02-01T02:44:03.7930000Z,2019-02-01T02:01:02.2100000Z,2019-02-01T03:00:00.0000000Z,2019-02-01T02:00:00.0000000Z,11,35.11149089
3730,111.33006403,112.18285081,111.33006403,112.18285081,2019-02-01T03:56:06.1230000Z,2019-02-01T03:05:05.1000000Z,2019-02-01T04:00:00.0000000Z,2019-02-01T03:00:00.0000000Z,4,5.83011921
3731,112.11944627,112.11944627,111.092,111.48634595,2019-02-01T04:53:45.5230000Z,2019-02-01T04:25:29.2800000Z,2019-02-01T05:00:00.0000000Z,2019-02-01T04:00:00.0000000Z,24,136.01506092
3732,110.79925001,111.48895025,110.79925001,111.48895025,2019-02-01T07:34:46.8430000Z,2019-02-01T07:17:59.3170000Z,2019-02-01T08:00:00.0000000Z,2019-02-01T07:00:00.0000000Z,10,58.25780955
3733,113.29515621,113.29515621,113.29515621,113.29515621,2019-02-01T09:49:29.0730000Z,2019-02-01T09:49:29.0730000Z,2019-02-01T10:00:00.0000000Z,2019-02-01T09:00:00.0000000Z,1,1.0655345
3734,113.33,113.33,113.33,113.33,2019-02-01T10:56:56.2770000Z,2019-02-01T10:56:56.2770000Z,2019-02-01T11:00:00.0000000Z,2019-02-01T10:00:00.0000000Z,1,17.23681941
3735,117.07086431,117.96341395,112.82948939,113.39610893,2019-02-01T11:28:58.8530000Z,2019-02-01T11:00:37.9230000Z,2019-02-01T12:00:00.0000000Z,2019-02-01T11:00:00.0000000Z,16,8.68048273
3736,118.24407392,118.24407392,115.95907978,115.95907979,2019-02-01T12:31:54.6930000Z,2019-02-01T12:04:32.0570000Z,2019-02-01T13:00:00.0000000Z,2019-02-01T12:00:00.0000000Z,4,20.43696697
3737,116.64122208,117.40842734,116.64122208,117.40842734,2019-02-01T13:18:22.1030000Z,2019-02-01T13:03:08.5200000Z,2019-02-01T14:00:00.0000000Z,2019-02-01T13:00:00.0000000Z,2,2.3596007500000002
3738,116.56915089,116.56915089,116.56915089,116.56915089,2019-02-01T14:12:20.6400000Z,2019-02-01T14:12:20.6400000Z,2019-02-01T15:00:00.0000000Z,2019-02-01T14:00:00.0000000Z,1,0.07131826000000001
3739,115.23229212,115.23229213,115.20233726,115.20233726,2019-02-01T15:45:17.4870000Z,2019-02-01T15:35:42.7500000Z,2019-02-01T16:00:00.0000000Z,2019-02-01T15:00:00.0000000Z,3,18.34304608
3740,115.33004347,115.33004347,115.33004347,115.33004347,2019-02-01T16:13:18.6730000Z,2019-02-01T16:12:29.3600000Z,2019-02-01T17:00:00.0000000Z,2019-02-01T16:00:00.0000000Z,6,12.65233803
3741,115.5,115.5,115.4,115.4,2019-02-01T18:24:31.7370000Z,2019-02-01T18:12:08.5300000Z,2019-02-01T19:00:00.0000000Z,2019-02-01T18:00:00.0000000Z,40,211.0
3742,116.07093063,116.07093063,116.07093063,116.07093063,2019-02-01T19:12:34.5070000Z,2019-02-01T19:12:34.5070000Z,2019-02-01T20:00:00.0000000Z,2019-02-01T19:00:00.0000000Z,1,0.09513332000000001
3743,116.72659982,116.72659982,116.72659982,116.72659982,2019-02-01T20:10:08.8100000Z,2019-02-01T20:10:08.8100000Z,2019-02-01T21:00:00.0000000Z,2019-02-01T20:00:00.0000000Z,1,2.15
3744,116.08551765,116.08551765,116.08551764,116.08551764,2019-02-01T22:47:03.4800000Z,2019-02-01T22:47:03.4800000Z,2019-02-01T23:00:00.0000000Z,2019-02-01T22:00:00.0000000Z,2,10.06356234
3745,115.64,115.64,115.64,115.64,2019-02-02T00:56:32.7200000Z,2019-02-02T00:56:30.7970000Z,2019-02-02T01:00:00.0000000Z,2019-02-02T00:00:00.0000000Z,5,7.76331719
3746,114.49753545,115.82062845,114.49753545,115.82062845,2019-02-02T01:34:08.8300000Z,2019-02-02T01:13:50.9600000Z,2019-02-02T02:00:00.0000000Z,2019-02-02T01:00:00.0000000Z,3,0.9165798700000001
3747,116.52078912,116.52078914,116.18455631,116.18455631,2019-02-02T03:59:31.2430000Z,2019-02-02T03:07:08.0200000Z,2019-02-02T04:00:00.0000000Z,2019-02-02T03:00:00.0000000Z,6,49.76171629
3748,118.01600629,118.01600629,117.02999997,117.02999997,2019-02-02T04:55:53.8930000Z,2019-02-02T04:38:30.1030000Z,2019-02-02T05:00:00.0000000Z,2019-02-02T04:00:00.0000000Z,33,44.44086177
3749,115.84382226,117.41636955,115.84382226,117.41636955,2019-02-02T05:32:43.6570000Z,2019-02-02T05:03:16.2870000Z,2019-02-02T06:00:00.0000000Z,2019-02-02T05:00:00.0000000Z,2,1.53083246
3750,115.88078771,115.88078771,115.88078771,115.88078771,2019-02-02T06:56:58.5200000Z,2019-02-02T06:56:58.5200000Z,2019-02-02T07:00:00.0000000Z,2019-02-02T06:00:00.0000000Z,1,0.4
3751,117.50668961,117.50668961,117.50668961,117.50668961,2019-02-02T07:53:40.3530000Z,2019-02-02T07:53:40.3530000Z,2019-02-02T08:00:00.0000000Z,2019-02-02T07:00:00.0000000Z,1,0.02780224
3752,118.25291741,118.25291741,118.25291741,118.25291741,2019-02-02T08:25:30.3330000Z,2019-02-02T08:25:30.3330000Z,2019-02-02T09:00:00.0000000Z,2019-02-02T08:00:00.0000000Z,1,0.8710289
3753,121.37024231,122.0,119.53001724,119.53001724,2019-02-02T09:53:12.2270000Z,2019-02-02T09:39:58.2530000Z,2019-02-02T10:00:00.0000000Z,2019-02-02T09:00:00.0000000Z,38,143.51413072
3754,120.85602757,120.85602757,119.78348309,119.99769305,2019-02-02T11:59:12.9530000Z,2019-02-02T11:00:15.7400000Z,2019-02-02T12:00:00.0000000Z,2019-02-02T11:00:00.0000000Z,6,4.63128124
3755,119.64,119.64000001,119.64,119.64000001,2019-02-02T12:58:43.5230000Z,2019-02-02T12:10:41.5370000Z,2019-02-02T13:00:00.0000000Z,2019-02-02T12:00:00.0000000Z,27,102.98881704
3756,118.5,119.26213169,118.5,119.26213169,2019-02-02T13:45:23.2000000Z,2019-02-02T13:06:24.3230000Z,2019-02-02T14:00:00.0000000Z,2019-02-02T13:00:00.0000000Z,4,17.10057329
3757,119.4,119.4,119.4,119.4,2019-02-02T14:45:09.3000000Z,2019-02-02T14:45:08.0330000Z,2019-02-02T15:00:00.0000000Z,2019-02-02T14:00:00.0000000Z,4,7.76331719
3758,118.61576978,118.61576978,118.61576978,118.61576978,2019-02-02T16:46:47.7230000Z,2019-02-02T16:46:15.1000000Z,2019-02-02T17:00:00.0000000Z,2019-02-02T16:00:00.0000000Z,2,2.0
3759,119.34409648,119.34409648,118.80108815,118.80108815,2019-02-02T18:33:11.9430000Z,2019-02-02T18:21:07.2500000Z,2019-02-02T19:00:00.0000000Z,2019-02-02T18:00:00.0000000Z,2,2.62577289
3760,118.85958157,118.85958157,118.85958157,118.85958157,2019-02-02T19:03:12.8000000Z,2019-02-02T19:03:12.8000000Z,2019-02-02T20:00:00.0000000Z,2019-02-02T19:00:00.0000000Z,1,0.5
3761,118.61576978,118.61576978,118.61576978,118.61576978,2019-02-02T20:52:37.9230000Z,2019-02-02T20:52:37.6430000Z,2019-02-02T21:00:00.0000000Z,2019-02-02T20:00:00.0000000Z,2,2.2322731
3762,118.00000012,118.00000012,118.0,118.0,2019-02-02T21:23:09.2170000Z,2019-02-02T21:22:36.0600000Z,2019-02-02T22:00:00.0000000Z,2019-02-02T21:00:00.0000000Z,3,2.67901627
3763,118.84415287,118.84415287,118.84415287,118.84415287,2019-02-02T22:46:18.0330000Z,2019-02-02T22:46:18.0330000Z,2019-02-02T23:00:00.0000000Z,2019-02-02T22:00:00.0000000Z,1,1.85630796
3764,121.53,121.53,119.97239808,119.97239808,2019-02-02T23:34:14.3930000Z,2019-02-02T23:21:59.3430000Z,2019-02-03T00:00:00.0000000Z,2019-02-02T23:00:00.0000000Z,3,6.91276981
3765,121.73661506,121.73661506,121.73661506,121.73661506,2019-02-03T00:01:08.2670000Z,2019-02-03T00:01:08.2670000Z,2019-02-03T01:00:00.0000000Z,2019-02-03T00:00:00.0000000Z,1,2.8750594
3766,120.26991309,120.26991309,120.01991312,120.01991312,2019-02-03T02:42:58.7030000Z,2019-02-03T02:10:25.3470000Z,2019-02-03T03:00:00.0000000Z,2019-02-03T02:00:00.0000000Z,2,2.02212951
3767,121.0,121.0,119.33954099,119.7312252,2019-02-03T04:57:39.6200000Z,2019-02-03T04:00:13.2230000Z,2019-02-03T05:00:00.0000000Z,2019-02-03T04:00:00.0000000Z,13,16.60057329
3768,120.0,120.01552069,119.60396142,120.01552069,2019-02-03T06:57:20.3530000Z,2019-02-03T06:44:37.9270000Z,2019-02-03T07:00:00.0000000Z,2019-02-03T06:00:00.0000000Z,4,28.43308365
3769,119.73560597,120.1,119.6039652,119.6039652,2019-02-03T07:57:10.0630000Z,2019-02-03T07:03:25.7170000Z,2019-02-03T08:00:00.0000000Z,2019-02-03T07:00:00.0000000Z,5,11.638427159999999
3770,118.75389541,119.98095882,118.75389541,119.98095882,2019-02-03T08:24:34.8530000Z,2019-02-03T08:08:05.0030000Z,2019-02-03T09:00:00.0000000Z,2019-02-03T08:00:00.0000000Z,2,2.64447228
3771,119.45886385,119.45886385,119.45886385,119.45886385,2019-02-03T09:22:51.6500000Z,2019-02-03T09:22:51.6500000Z,2019-02-03T10:00:00.0000000Z,2019-02-03T09:00:00.0000000Z,2,39.36816099
3772,119.39244489,119.39244489,119.39244489,119.39244489,2019-02-03T10:17:00.0470000Z,2019-02-03T10:17:00.0470000Z,2019-02-03T11:00:00.0000000Z,2019-02-03T10:00:00.0000000Z,1,15.80213297
3773,119.5,119.5,119.5,119.5,2019-02-03T11:31:49.7500000Z,2019-02-03T11:31:47.9500000Z,2019-02-03T12:00:00.0000000Z,2019-02-03T11:00:00.0000000Z,2,8.0
3774,118.0,118.27290761,118.0,118.27290761,2019-02-03T12:05:47.2000000Z,2019-02-03T12:01:06.8700000Z,2019-02-03T13:00:00.0000000Z,2019-02-03T12:00:00.0000000Z,2,6.9750594
3775,118.77539999,119.20584379,118.77539999,119.20584379,2019-02-03T13:45:40.5200000Z,2019-02-03T13:10:11.7400000Z,2019-02-03T14:00:00.0000000Z,2019-02-03T13:00:00.0000000Z,5,5.57103602
3776,118.22209628,118.45879713,118.22209628,118.45879713,2019-02-03T15:58:01.4030000Z,2019-02-03T15:31:08.5770000Z,2019-02-03T16:00:00.0000000Z,2019-02-03T15:00:00.0000000Z,3,1.56639964
3777,118.66534396,118.66534396,118.66534396,118.66534396,2019-02-03T16:15:16.9270000Z,2019-02-03T16:15:16.9270000Z,2019-02-03T17:00:00.0000000Z,2019-02-03T16:00:00.0000000Z,1,1.0
3778,119.16694261,119.16694261,119.16694261,119.16694261,2019-02-03T17:42:32.3270000Z,2019-02-03T17:42:32.3270000Z,2019-02-03T18:00:00.0000000Z,2019-02-03T17:00:00.0000000Z,1,0.03356635
3779,117.47538463,117.47538463,116.305,116.91635516,2019-02-03T20:59:41.2500000Z,2019-02-03T20:22:24.5600000Z,2019-02-03T21:00:00.0000000Z,2019-02-03T20:00:00.0000000Z,40,489.38418128
3780,116.27762682,117.0,116.27762682,116.69307697,2019-02-03T21:30:24.3700000Z,2019-02-03T21:20:36.1300000Z,2019-02-03T22:00:00.0000000Z,2019-02-03T21:00:00.0000000Z,6,55.8729405
3781,117.47538463,117.47538463,117.47538463,117.47538463,2019-02-03T22:44:26.4570000Z,2019-02-03T22:44:26.4570000Z,2019-02-03T23:00:00.0000000Z,2019-02-03T22:00:00.0000000Z,1,0.5
3782,119.09290143,119.09290148,119.09290143,119.09290148,2019-02-03T23:59:34.1830000Z,2019-02-03T23:58:41.3400000Z,2019-02-04T00:00:00.0000000Z,2019-02-03T23:00:00.0000000Z,2,0.39548048
3783,118.10465074,118.68054207,118.10465074,118.68054207,2019-02-04T00:55:51.3930000Z,2019-02-04T00:09:18.8930000Z,2019-02-04T01:00:00.0000000Z,2019-02-04T00:00:00.0000000Z,5,13.77330575
3784,119.03046084,119.03046084,118.38944272,118.38944272,2019-02-04T01:55:22.1130000Z,2019-02-04T01:21:15.5000000Z,2019-02-04T02:00:00.0000000Z,2019-02-04T01:00:00.0000000Z,3,23.27253367
3785,118.31493826,118.78790502,118.31493826,118.78790502,2019-02-04T05:56:04.1170000Z,2019-02-04T05:20:14.7770000Z,2019-02-04T06:00:00.0000000Z,2019-02-04T05:00:00.0000000Z,2,8.46595292
3786,118.82475138,118.96494409,118.82475138,118.96494409,2019-02-04T07:47:29.7400000Z,2019-02-04T07:29:25.0270000Z,2019-02-04T08:00:00.0000000Z,2019-02-04T07:00:00.0000000Z,2,0.1
3787,120.46327301,121.01719052,118.82475,118.82475,2019-02-04T08:58:14.7330000Z,2019-02-04T08:05:17.5270000Z,2019-02-04T09:00:00.0000000Z,2019-02-04T08:00:00.0000000Z,15,6.04519915
3788,118.89333878,119.38874394,118.89333878,119.32471507,2019-02-04T09:30:51.6530000Z,2019-02-04T09:01:57.7070000Z,2019-02-04T10:00:00.0000000Z,2019-02-04T09:00:00.0000000Z,5,65.72912975
3789,118.78026944,118.78026944,117.30324253,117.68014144,2019-02-04T12:58:04.7370000Z,2019-02-04T12:01:31.5300000Z,2019-02-04T13:00:00.0000000Z,2019-02-04T12:00:00.0000000Z,3,0.7166587600000001
3790,118.78026944,118.78026944,118.78026944,118.78026944,2019-02-04T13:01:19.1770000Z,2019-02-04T13:01:19.1770000Z,2019-02-04T14:00:00.0000000Z,2019-02-04T13:00:00.0000000Z,1,0.03420224
3791,118.99274809,118.99274809,118.99274809,118.99274809,2019-02-04T14:49:39.0630000Z,2019-02-04T14:49:39.0630000Z,2019-02-04T15:00:00.0000000Z,2019-02-04T14:00:00.0000000Z,1,0.48510549000000003
3792,118.99275,118.99275,118.99275,118.99275,2019-02-04T15:07:46.0900000Z,2019-02-04T15:07:46.0900000Z,2019-02-04T16:00:00.0000000Z,2019-02-04T15:00:00.0000000Z,1,0.10084648
3793,118.44468796,118.44468796,118.44468796,118.44468796,2019-02-04T18:04:52.7870000Z,2019-02-04T18:04:52.7870000Z,2019-02-04T19:00:00.0000000Z,2019-02-04T18:00:00.0000000Z,1,0.03538911
3794,119.1891709,119.1891709,119.15939598,119.15939598,2019-02-04T21:51:47.3200000Z,2019-02-04T21:45:59.7700000Z,2019-02-04T22:00:00.0000000Z,2019-02-04T21:00:00.0000000Z,2,0.21802983
3795,118.81647958,118.81647958,118.81647958,118.81647958,2019-02-04T22:28:57.4400000Z,2019-02-04T22:28:57.4400000Z,2019-02-04T23:00:00.0000000Z,2019-02-04T22:00:00.0000000Z,1,0.06981893
3796,118.68483853,118.68483853,118.68483658,118.68483658,2019-02-05T00:48:12.1830000Z,2019-02-05T00:37:53.2270000Z,2019-02-05T01:00:00.0000000Z,2019-02-05T00:00:00.0000000Z,4,7.0
3797,119.14149,119.14149293,119.14149,119.14149293,2019-02-05T01:29:30.0600000Z,2019-02-05T01:03:45.6600000Z,2019-02-05T02:00:00.0000000Z,2019-02-05T01:00:00.0000000Z,2,0.26816854
3798,119.1972955,119.1972955,119.13254115,119.13254115,2019-02-05T02:22:32.0570000Z,2019-02-05T02:22:32.0570000Z,2019-02-05T03:00:00.0000000Z,2019-02-05T02:00:00.0000000Z,2,6.93509969
3799,118.38786003,119.1972955,118.38786003,119.1972955,2019-02-05T05:57:13.2500000Z,2019-02-05T05:35:43.8670000Z,2019-02-05T06:00:00.0000000Z,2019-02-05T05:00:00.0000000Z,2,1.38799573
3800,118.61287358,118.61287358,118.61287336,118.61287336,2019-02-05T06:39:59.1630000Z,2019-02-05T06:32:12.4100000Z,2019-02-05T07:00:00.0000000Z,2019-02-05T06:00:00.0000000Z,2,1.90699531
3801,119.20107661,119.20107661,119.2010766,119.2010766,2019-02-05T09:48:59.9130000Z,2019-02-05T09:48:59.9130000Z,2019-02-05T10:00:00.0000000Z,2019-02-05T09:00:00.0000000Z,2,39.27425038
3802,119.10698973,119.10699,119.10698973,119.10699,2019-02-05T10:58:41.7870000Z,2019-02-05T10:55:47.4730000Z,2019-02-05T11:00:00.0000000Z,2019-02-05T10:00:00.0000000Z,2,0.22574975
3803,118.61287358,118.61287358,118.61287358,118.61287358,2019-02-05T11:16:25.5100000Z,2019-02-05T11:16:25.5100000Z,2019-02-05T12:00:00.0000000Z,2019-02-05T11:00:00.0000000Z,1,1.0
3804,117.68014144,118.36748196,117.68014144,118.36748196,2019-02-05T14:40:08.5930000Z,2019-02-05T14:21:35.4470000Z,2019-02-05T15:00:00.0000000Z,2019-02-05T14:00:00.0000000Z,3,4.59080128
3805,117.0,117.0,117.0,117.0,2019-02-05T15:31:27.2870000Z,2019-02-05T15:31:27.1300000Z,2019-02-05T16:00:00.0000000Z,2019-02-05T15:00:00.0000000Z,2,3.3529
3806,117.09203778,117.09203778,116.97506272,116.97506272,2019-02-05T16:54:54.3870000Z,2019-02-05T16:07:30.9730000Z,2019-02-05T17:00:00.0000000Z,2019-02-05T16:00:00.0000000Z,2,5.0167023
3807,117.45541899,117.45541899,117.45541896,117.45541896,2019-02-05T18:49:55.0100000Z,2019-02-05T18:49:55.0100000Z,2019-02-05T19:00:00.0000000Z,2019-02-05T18:00:00.0000000Z,2,8.50116254
3808,117.04902389,117.04902389,117.04902389,117.04902389,2019-02-05T21:07:01.4700000Z,2019-02-05T21:07:01.4700000Z,2019-02-05T22:00:00.0000000Z,2019-02-05T21:00:00.0000000Z,1,0.02593521
3809,117.02625615,117.02625615,117.02625615,117.02625615,2019-02-05T23:18:17.8770000Z,2019-02-05T23:18:17.8770000Z,2019-02-06T00:00:00.0000000Z,2019-02-05T23:00:00.0000000Z,1,23.18021304
3810,115.55,117.14328241,115.40971927,117.14328241,2019-02-06T00:58:18.0700000Z,2019-02-06T00:05:50.8330000Z,2019-02-06T01:00:00.0000000Z,2019-02-06T00:00:00.0000000Z,14,13.00324128
3811,113.40107965,115.0,111.85894763,115.0,2019-02-06T01:59:38.5800000Z,2019-02-06T01:11:34.0130000Z,2019-02-06T02:00:00.0000000Z,2019-02-06T01:00:00.0000000Z,22,60.74584237
3812,112.98436434,113.618,112.06107992,112.571,2019-02-06T02:56:58.3030000Z,2019-02-06T02:10:52.9900000Z,2019-02-06T03:00:00.0000000Z,2019-02-06T02:00:00.0000000Z,64,505.74599019
3813,113.00920858,113.00920858,113.00920858,113.00920858,2019-02-06T05:32:20.7670000Z,2019-02-06T05:32:17.5170000Z,2019-02-06T06:00:00.0000000Z,2019-02-06T05:00:00.0000000Z,5,5.73644624
3814,113.41878957,113.41878957,113.17161551,113.17161551,2019-02-06T06:40:48.7300000Z,2019-02-06T06:27:11.1330000Z,2019-02-06T07:00:00.0000000Z,2019-02-06T06:00:00.0000000Z,2,3.03935693
3815,113.82030251,113.82030251,113.82030251,113.82030251,2019-02-06T07:31:20.4500000Z,2019-02-06T07:31:17.6530000Z,2019-02-06T08:00:00.0000000Z,2019-02-06T07:00:00.0000000Z,5,19.1
3816,114.0711714,114.0711714,114.0711714,114.0711714,2019-02-06T08:00:03.4200000Z,2019-02-06T08:00:03.4200000Z,2019-02-06T09:00:00.0000000Z,2019-02-06T08:00:00.0000000Z,1,0.079
3817,113.69416339,113.69416339,111.67200032,111.67200032,2019-02-06T10:52:53.5430000Z,2019-02-06T10:17:11.2670000Z,2019-02-06T11:00:00.0000000Z,2019-02-06T10:00:00.0000000Z,5,1.3771090799999999
3818,113.67212186,114.19479084,113.55764195,113.55764195,2019-02-06T12:38:49.4470000Z,2019-02-06T12:35:50.8200000Z,2019-02-06T13:00:00.0000000Z,2019-02-06T12:00:00.0000000Z,8,76.72053297
3819,112.22710611,112.77816168,112.22710611,112.77816168,2019-02-06T14:29:45.0830000Z,2019-02-06T14:13:20.6700000Z,2019-02-06T15:00:00.0000000Z,2019-02-06T14:00:00.0000000Z,3,4.16090747
3820,118.58832888,118.58832888,113.28102297,113.28102297,2019-02-06T15:59:21.7530000Z,2019-02-06T15:31:43.2130000Z,2019-02-06T16:00:00.0000000Z,2019-02-06T15:00:00.0000000Z,26,35.33465974
3821,115.92488292,122.72635948,115.92488292,118.33435473,2019-02-06T16:52:27.5100000Z,2019-02-06T16:00:29.3800000Z,2019-02-06T17:00:00.0000000Z,2019-02-06T16:00:00.0000000Z,115,631.30624383
3822,115.85340704,116.63834414,115.85340704,116.41601063,2019-02-06T17:58:35.8330000Z,2019-02-06T17:03:12.3600000Z,2019-02-06T18:00:00.0000000Z,2019-02-06T17:00:00.0000000Z,8,31.2413201
3823,115.66173389,116.755,115.07971038,116.53,2019-02-06T18:23:00.4200000Z,2019-02-06T18:02:34.0700000Z,2019-02-06T19:00:00.0000000Z,2019-02-06T18:00:00.0000000Z,78,506.73146217
3824,116.29947691,116.29947691,115.7733807,115.77338071,2019-02-06T19:47:44.0000000Z,2019-02-06T19:42:26.6570000Z,2019-02-06T20:00:00.0000000Z,2019-02-06T19:00:00.0000000Z,6,5.40173265
3825,115.16541151,115.57719516,115.16541151,115.57719516,2019-02-06T21:44:22.6200000Z,2019-02-06T21:31:08.7430000Z,2019-02-06T22:00:00.0000000Z,2019-02-06T21:00:00.0000000Z,3,16.0794933
3826,115.16541136,115.16541136,115.16541136,115.16541136,2019-02-06T22:47:07.8070000Z,2019-02-06T22:47:07.4630000Z,2019-02-06T23:00:00.0000000Z,2019-02-06T22:00:00.0000000Z,2,2.42350816
3827,115.07765853,115.16541136,115.07765853,115.16541136,2019-02-06T23:47:04.6530000Z,2019-02-06T23:17:53.5830000Z,2019-02-07T00:00:00.0000000Z,2019-02-06T23:00:00.0000000Z,3,6.28450309
3828,113.73323957,114.37533475,113.73323957,114.37533471,2019-02-07T00:47:10.6930000Z,2019-02-07T00:01:42.4700000Z,2019-02-07T01:00:00.0000000Z,2019-02-07T00:00:00.0000000Z,8,29.16177223
3829,116.68622223,116.68622223,116.27431201,116.27431201,2019-02-07T01:42:28.3230000Z,2019-02-07T01:42:01.3070000Z,2019-02-07T02:00:00.0000000Z,2019-02-07T01:00:00.0000000Z,2,1.43845759
3830,115.58666448,116.755,115.58666448,116.546368,2019-02-07T02:51:13.8800000Z,2019-02-07T02:01:27.7670000Z,2019-02-07T03:00:00.0000000Z,2019-02-07T02:00:00.0000000Z,8,11.64265778
3831,115.58666448,115.58666448,115.58666448,115.58666448,2019-02-07T03:07:30.3300000Z,2019-02-07T03:07:30.3300000Z,2019-02-07T04:00:00.0000000Z,2019-02-07T03:00:00.0000000Z,1,0.046536430000000004
3832,117.25425417,117.25425417,117.25425417,117.25425417,2019-02-07T04:06:00.5330000Z,2019-02-07T04:06:00.1730000Z,2019-02-07T05:00:00.0000000Z,2019-02-07T04:00:00.0000000Z,3,4.89597974
3833,116.79042841,116.79042841,116.61314636,116.61314636,2019-02-07T05:25:18.6400000Z,2019-02-07T05:09:39.8530000Z,2019-02-07T06:00:00.0000000Z,2019-02-07T05:00:00.0000000Z,5,5.383498
3834,116.31094706,116.31094706,116.31094706,116.31094706,2019-02-07T06:05:33.2670000Z,2019-02-07T06:05:33.2670000Z,2019-02-07T07:00:00.0000000Z,2019-02-07T06:00:00.0000000Z,1,0.2
3835,116.24927961,116.24927961,116.24927961,116.24927961,2019-02-07T07:49:25.6000000Z,2019-02-07T07:49:25.6000000Z,2019-02-07T08:00:00.0000000Z,2019-02-07T07:00:00.0000000Z,1,1.0
3836,116.57734888,116.57734888,116.22398838,116.22398842,2019-02-07T08:58:15.3930000Z,2019-02-07T08:01:36.4200000Z,2019-02-07T09:00:00.0000000Z,2019-02-07T08:00:00.0000000Z,3,4.80012098
3837,117.7390157,117.96362283,116.421,116.421,2019-02-07T10:50:15.2470000Z,2019-02-07T10:05:00.8700000Z,2019-02-07T11:00:00.0000000Z,2019-02-07T10:00:00.0000000Z,36,349.05485512
3838,115.59578773,117.736,115.59578773,117.7359124,2019-02-07T11:55:25.0530000Z,2019-02-07T11:00:04.4970000Z,2019-02-07T12:00:00.0000000Z,2019-02-07T11:00:00.0000000Z,41,407.40693193
3839,115.58666448,117.33946505,115.58666448,117.33946505,2019-02-07T12:54:46.0000000Z,2019-02-07T12:16:58.0600000Z,2019-02-07T13:00:00.0000000Z,2019-02-07T12:00:00.0000000Z,13,14.40741323
3840,115.049,115.206,115.049,115.206,2019-02-07T13:10:00.5500000Z,2019-02-07T13:08:58.3630000Z,2019-02-07T14:00:00.0000000Z,2019-02-07T13:00:00.0000000Z,15,121.21249062
3841,115.58102766,116.53098706,115.58102766,115.99999995,2019-02-07T14:41:42.1500000Z,2019-02-07T14:17:45.8900000Z,2019-02-07T15:00:00.0000000Z,2019-02-07T14:00:00.0000000Z,5,8.24585249
3842,115.22534001,115.96263919,115.22534001,115.58713388,2019-02-07T15:54:17.0500000Z,2019-02-07T15:06:52.4700000Z,2019-02-07T16:00:00.0000000Z,2019-02-07T15:00:00.0000000Z,67,633.94834664
3843,114.86134789,115.22533983,114.86134789,115.22533983,2019-02-07T16:37:49.9900000Z,2019-02-07T16:37:20.9730000Z,2019-02-07T17:00:00.0000000Z,2019-02-07T16:00:00.0000000Z,3,2.137
3844,114.5,114.50000007,114.5,114.50000007,2019-02-07T19:51:54.8870000Z,2019-02-07T19:44:18.6030000Z,2019-02-07T20:00:00.0000000Z,2019-02-07T19:00:00.0000000Z,2,1.3599999999999999
3845,114.5,114.5,114.5,114.5,2019-02-07T20:12:23.7870000Z,2019-02-07T20:12:21.3330000Z,2019-02-07T21:00:00.0000000Z,2019-02-07T20:00:00.0000000Z,5,8.35179039
3846,114.38997065,114.38997065,114.38997065,114.38997065,2019-02-07T21:50:58.7400000Z,2019-02-07T21:32:28.0700000Z,2019-02-07T22:00:00.0000000Z,2019-02-07T21:00:00.0000000Z,3,0.24543373000000002
3847,114.5102828,114.5102828,114.5102828,114.5102828,2019-02-07T22:18:05.7970000Z,2019-02-07T22:18:05.7970000Z,2019-02-07T23:00:00.0000000Z,2019-02-07T22:00:00.0000000Z,1,1.8710790400000001
3848,115.35275828,115.35275828,115.35275828,115.35275828,2019-02-07T23:45:01.6270000Z,2019-02-07T23:45:01.6270000Z,2019-02-08T00:00:00.0000000Z,2019-02-07T23:00:00.0000000Z,1,0.13957905
3849,114.73716229,115.35276,114.73716229,115.35276,2019-02-08T00:33:03.4730000Z,2019-02-08T00:07:59.6630000Z,2019-02-08T01:00:00.0000000Z,2019-02-08T00:00:00.0000000Z,2,1.49934883
3850,114.05348934,114.05348934,114.05348934,114.05348934,2019-02-08T02:29:19.9470000Z,2019-02-08T02:29:19.6000000Z,2019-02-08T03:00:00.0000000Z,2019-02-08T02:00:00.0000000Z,2,2.49019438
3851,114.90858961,115.02346975,114.90858961,115.02346974,2019-02-08T03:56:33.7770000Z,2019-02-08T03:50:08.4000000Z,2019-02-08T04:00:00.0000000Z,2019-02-08T03:00:00.0000000Z,8,67.45242933
3852,115.26790943,115.85682256,115.26790943,115.85682256,2019-02-08T07:47:39.8330000Z,2019-02-08T07:07:36.9430000Z,2019-02-08T08:00:00.0000000Z,2019-02-08T07:00:00.0000000Z,4,6.93435089
3853,116.15482232,116.15482232,116.15482232,116.15482232,2019-02-08T08:53:10.2200000Z,2019-02-08T08:53:10.2200000Z,2019-02-08T09:00:00.0000000Z,2019-02-08T08:00:00.0000000Z,1,0.08880925
3854,118.07099406,119.0,117.14271612,117.73611234,2019-02-08T09:29:59.4030000Z,2019-02-08T09:10:20.1770000Z,2019-02-08T10:00:00.0000000Z,2019-02-08T09:00:00.0000000Z,18,23.2559431
3855,118.62537468,118.62537486,118.0971269,118.0971269,2019-02-08T10:51:41.2300000Z,2019-02-08T10:33:06.8500000Z,2019-02-08T11:00:00.0000000Z,2019-02-08T10:00:00.0000000Z,8,36.51513317
3856,118.73063521,118.73063521,118.73063521,118.73063521,2019-02-08T11:06:17.5970000Z,2019-02-08T11:06:17.5970000Z,2019-02-08T12:00:00.0000000Z,2019-02-08T11:00:00.0000000Z,2,0.2
3857,118.32338363,118.43270797,118.25475556,118.25475556,2019-02-08T12:31:45.1430000Z,2019-02-08T12:02:31.6300000Z,2019-02-08T13:00:00.0000000Z,2019-02-08T12:00:00.0000000Z,3,19.28918101
3858,119.0,119.0,118.55740271,118.55740272,2019-02-08T13:55:45.8300000Z,2019-02-08T13:34:33.5570000Z,2019-02-08T14:00:00.0000000Z,2019-02-08T13:00:00.0000000Z,6,24.14326559
3859,118.60425376,119.75860826,118.530235,119.75860826,2019-02-08T14:46:01.1930000Z,2019-02-08T14:12:12.2600000Z,2019-02-08T15:00:00.0000000Z,2019-02-08T14:00:00.0000000Z,9,15.81444292
3860,121.0,121.0,119.70532408,119.70532408,2019-02-08T15:54:13.1570000Z,2019-02-08T15:32:51.6800000Z,2019-02-08T16:00:00.0000000Z,2019-02-08T15:00:00.0000000Z,6,4.90990797
3861,126.93512122,132.0,120.34042582,122.0,2019-02-08T16:57:43.3500000Z,2019-02-08T16:00:46.4400000Z,2019-02-08T17:00:00.0000000Z,2019-02-08T16:00:00.0000000Z,132,474.22392673
3862,126.93195057,127.98,124.94354016,127.84699084,2019-02-08T17:57:02.0770000Z,2019-02-08T17:02:30.6500000Z,2019-02-08T18:00:00.0000000Z,2019-02-08T17:00:00.0000000Z,46,274.47360654
3863,128.97857826,129.00275451,127.05453317,128.74960749,2019-02-08T18:53:13.8800000Z,2019-02-08T18:01:40.5300000Z,2019-02-08T19:00:00.0000000Z,2019-02-08T18:00:00.0000000Z,32,216.20449639
3864,130.0,130.0,127.93036401,129.00275397,2019-02-08T19:50:59.1970000Z,2019-02-08T19:08:53.3370000Z,2019-02-08T20:00:00.0000000Z,2019-02-08T19:00:00.0000000Z,45,225.01858056
3865,129.55411594,131.16766931,129.55411327,130.53376856,2019-02-08T20:57:45.5970000Z,2019-02-08T20:23:58.4270000Z,2019-02-08T21:00:00.0000000Z,2019-02-08T20:00:00.0000000Z,9,16.37516052
3866,127.80000287,129.3512501,126.25,129.3512501,2019-02-08T21:59:56.5870000Z,2019-02-08T21:20:00.6500000Z,2019-02-08T22:00:00.0000000Z,2019-02-08T21:00:00.0000000Z,72,470.41862496
3867,126.81417732,126.81417732,126.55946954,126.55946954,2019-02-08T22:12:06.1230000Z,2019-02-08T22:03:00.8530000Z,2019-02-08T23:00:00.0000000Z,2019-02-08T22:00:00.0000000Z,2,16.86367398
3868,130.95799087,130.95799087,126.54177651,126.54177651,2019-02-08T23:46:36.1430000Z,2019-02-08T23:00:12.1400000Z,2019-02-09T00:00:00.0000000Z,2019-02-08T23:00:00.0000000Z,7,7.26773425
3869,129.26979249,129.62499263,128.00325116,129.62499263,2019-02-09T00:38:39.1770000Z,2019-02-09T00:01:15.8670000Z,2019-02-09T01:00:00.0000000Z,2019-02-09T00:00:00.0000000Z,19,89.25109169
3870,126.91153184,128.7743097,126.91153184,128.77430969,2019-02-09T01:54:14.8800000Z,2019-02-09T01:18:39.3970000Z,2019-02-09T02:00:00.0000000Z,2019-02-09T01:00:00.0000000Z,8,40.1381275
3871,128.0,128.0,127.98462075,127.98462075,2019-02-09T02:35:17.4270000Z,2019-02-09T02:09:27.3530000Z,2019-02-09T03:00:00.0000000Z,2019-02-09T02:00:00.0000000Z,3,2.18226241
3872,128.02936727,128.02936727,128.02936727,128.02936727,2019-02-09T03:02:03.4830000Z,2019-02-09T03:02:01.1230000Z,2019-02-09T04:00:00.0000000Z,2019-02-09T03:00:00.0000000Z,3,10.68613271
3873,128.02913671,128.02913671,127.27873666,127.27873666,2019-02-09T05:54:04.5030000Z,2019-02-09T05:23:01.9900000Z,2019-02-09T06:00:00.0000000Z,2019-02-09T05:00:00.0000000Z,5,2.65526391
3874,127.45842881,127.45842881,127.22236153,127.22236153,2019-02-09T06:38:04.4230000Z,2019-02-09T06:19:29.5900000Z,2019-02-09T07:00:00.0000000Z,2019-02-09T06:00:00.0000000Z,2,0.98094264
3875,128.06538608,128.06538608,128.02913543,128.02913543,2019-02-09T07:58:05.3170000Z,2019-02-09T07:22:24.1630000Z,2019-02-09T08:00:00.0000000Z,2019-02-09T07:00:00.0000000Z,3,7.77193387
3876,128.66279588,129.54255259,128.66279588,128.98462075,2019-02-09T08:11:56.1830000Z,2019-02-09T08:03:10.1430000Z,2019-02-09T09:00:00.0000000Z,2019-02-09T08:00:00.0000000Z,12,87.20810966
3877,128.26111469,128.94584782,128.26111469,128.66279588,2019-02-09T09:53:47.1570000Z,2019-02-09T09:18:27.3130000Z,2019-02-09T10:00:00.0000000Z,2019-02-09T09:00:00.0000000Z,3,4.73981482
3878,127.97,127.97,127.97,127.97,2019-02-09T10:12:47.4770000Z,2019-02-09T10:12:47.4770000Z,2019-02-09T11:00:00.0000000Z,2019-02-09T10:00:00.0000000Z,1,0.24
3879,129.27233681,129.27233681,128.20842082,129.25968991,2019-02-09T11:57:56.7970000Z,2019-02-09T11:13:27.0600000Z,2019-02-09T12:00:00.0000000Z,2019-02-09T11:00:00.0000000Z,5,16.39619107
3880,128.0,128.0,128.0,128.0,2019-02-09T12:42:18.0300000Z,2019-02-09T12:42:18.0300000Z,2019-02-09T13:00:00.0000000Z,2019-02-09T12:00:00.0000000Z,1,8.96191406
3881,128.8845625,128.8845625,127.70093074,127.70093074,2019-02-09T13:40:23.8970000Z,2019-02-09T13:20:06.0130000Z,2019-02-09T14:00:00.0000000Z,2019-02-09T13:00:00.0000000Z,2,3.54293764
3882,127.97572890000001,129.721,127.97572890000001,129.27233681,2019-02-09T14:44:52.7170000Z,2019-02-09T14:17:43.5200000Z,2019-02-09T15:00:00.0000000Z,2019-02-09T14:00:00.0000000Z,13,13.7936485
3883,127.77885504,127.77885504,127.62750015,127.68385448,2019-02-09T15:58:56.0900000Z,2019-02-09T15:31:38.1430000Z,2019-02-09T16:00:00.0000000Z,2019-02-09T15:00:00.0000000Z,6,15.64478544
3884,126.2,127.19359998,125.99041932,127.19359998,2019-02-09T16:05:22.1530000Z,2019-02-09T16:01:23.6370000Z,2019-02-09T17:00:00.0000000Z,2019-02-09T16:00:00.0000000Z,30,102.22820386
3885,125.44506438,126.58258682,125.44506438,126.58258682,2019-02-09T17:57:00.4530000Z,2019-02-09T17:01:16.4430000Z,2019-02-09T18:00:00.0000000Z,2019-02-09T17:00:00.0000000Z,15,71.42170966
3886,128.22716647,128.22716647,127.52729134,127.52729134,2019-02-09T21:39:18.5970000Z,2019-02-09T21:34:20.9070000Z,2019-02-09T22:00:00.0000000Z,2019-02-09T21:00:00.0000000Z,3,4.85184316
3887,127.42427277,128.06851565,127.42427277,128.06851565,2019-02-09T22:40:15.5100000Z,2019-02-09T22:34:48.0530000Z,2019-02-09T23:00:00.0000000Z,2019-02-09T22:00:00.0000000Z,2,2.23366399
3888,127.00311767,127.42427,127.00311767,127.42427,2019-02-09T23:05:09.5200000Z,2019-02-09T23:05:09.5200000Z,2019-02-10T00:00:00.0000000Z,2019-02-09T23:00:00.0000000Z,3,2.0
3889,127.76368468,127.76368555,126.44331354,127.28922724,2019-02-10T01:53:58.3670000Z,2019-02-10T01:09:54.8470000Z,2019-02-10T02:00:00.0000000Z,2019-02-10T01:00:00.0000000Z,5,1.36387183
3890,125.43684637,126.67745541,124.6,126.67745541,2019-02-10T06:58:00.3900000Z,2019-02-10T06:11:49.9970000Z,2019-02-10T07:00:00.0000000Z,2019-02-10T06:00:00.0000000Z,33,82.83000161
3891,124.227,124.80292746,122.16001073,124.11513528,2019-02-10T07:56:51.1570000Z,2019-02-10T07:15:34.1170000Z,2019-02-10T08:00:00.0000000Z,2019-02-10T07:00:00.0000000Z,11,16.70403416
3892,124.90097608,124.90097608,124.22700004,124.90097514,2019-02-10T08:19:04.2530000Z,2019-02-10T08:00:57.0470000Z,2019-02-10T09:00:00.0000000Z,2019-02-10T08:00:00.0000000Z,6,8.36294042
3893,123.43813362,123.65490819,123.43813362,123.65490819,2019-02-10T09:58:19.2500000Z,2019-02-10T09:29:29.0970000Z,2019-02-10T10:00:00.0000000Z,2019-02-10T09:00:00.0000000Z,4,18.21731434
3894,124.55755921,124.55755921,124.55755921,124.55755921,2019-02-10T10:03:16.8270000Z,2019-02-10T10:03:16.8270000Z,2019-02-10T11:00:00.0000000Z,2019-02-10T10:00:00.0000000Z,1,0.49903365
3895,123.12996922,124.55755921,123.12996922,124.55755921,2019-02-10T11:30:00.1300000Z,2019-02-10T11:06:45.9500000Z,2019-02-10T12:00:00.0000000Z,2019-02-10T11:00:00.0000000Z,3,2.81100386
3896,123.12996922,123.84233003,123.12996922,123.2,2019-02-10T12:50:26.5530000Z,2019-02-10T12:19:06.1330000Z,2019-02-10T13:00:00.0000000Z,2019-02-10T12:00:00.0000000Z,12,52.00847619
3897,122.30422,122.30422,122.304,122.30422,2019-02-10T13:48:31.3100000Z,2019-02-10T13:17:53.4830000Z,2019-02-10T14:00:00.0000000Z,2019-02-10T13:00:00.0000000Z,24,73.17515965
3898,122.23862367,122.304,121.43898188,122.304,2019-02-10T14:58:05.0830000Z,2019-02-10T14:34:49.7500000Z,2019-02-10T15:00:00.0000000Z,2019-02-10T14:00:00.0000000Z,7,29.87957587
3899,122.04442418,122.35191534,121.91932367,121.91932367,2019-02-10T15:28:39.4900000Z,2019-02-10T15:01:47.3200000Z,2019-02-10T16:00:00.0000000Z,2019-02-10T15:00:00.0000000Z,5,6.12935047
3900,123.81064231,123.81064231,121.6110077,123.02773962,2019-02-10T16:50:14.4100000Z,2019-02-10T16:21:03.0400000Z,2019-02-10T17:00:00.0000000Z,2019-02-10T16:00:00.0000000Z,10,51.26041647
3901,122.97,124.31135962,122.97,124.31135961,2019-02-10T17:28:04.9100000Z,2019-02-10T17:00:04.7900000Z,2019-02-10T18:00:00.0000000Z,2019-02-10T17:00:00.0000000Z,15,106.57072087
3902,123.49275943,123.61625284,123.17546971,123.5,2019-02-10T18:34:20.9800000Z,2019-02-10T18:07:47.2530000Z,2019-02-10T19:00:00.0000000Z,2019-02-10T18:00:00.0000000Z,5,35.56470578
3903,123.89750494,123.89750494,123.59183522,123.59183522,2019-02-10T19:38:08.3670000Z,2019-02-10T19:12:38.3270000Z,2019-02-10T20:00:00.0000000Z,2019-02-10T19:00:00.0000000Z,2,2.40657992
3904,123.36396729,123.36396729,123.36396729,123.36396729,2019-02-10T20:21:18.4470000Z,2019-02-10T20:21:18.4470000Z,2019-02-10T21:00:00.0000000Z,2019-02-10T20:00:00.0000000Z,1,2.598
3905,124.45044014,124.91324464,123.96640084,123.96640084,2019-02-10T22:28:05.1370000Z,2019-02-10T22:11:41.0070000Z,2019-02-10T23:00:00.0000000Z,2019-02-10T22:00:00.0000000Z,6,0.34646491
3906,127.70488204,127.70488204,125.995,125.995,2019-02-10T23:53:21.6400000Z,2019-02-10T23:02:00.6200000Z,2019-02-11T00:00:00.0000000Z,2019-02-10T23:00:00.0000000Z,14,33.92621714
3907,124.54955944,126.28978817,124.54955944,126.28978807,2019-02-11T00:49:32.3970000Z,2019-02-11T00:01:55.5370000Z,2019-02-11T01:00:00.0000000Z,2019-02-11T00:00:00.0000000Z,6,16.54005832
3908,123.98558363,123.98558363,123.98558363,123.98558363,2019-02-11T01:45:28.3070000Z,2019-02-11T01:45:28.3070000Z,2019-02-11T02:00:00.0000000Z,2019-02-11T01:00:00.0000000Z,1,0.69280407
3909,124.3,124.3,124.3,124.3,2019-02-11T02:26:27.2300000Z,2019-02-11T02:26:27.2300000Z,2019-02-11T03:00:00.0000000Z,2019-02-11T02:00:00.0000000Z,1,1.97
3910,124.83257513,124.99065985,124.57204987,124.71666031,2019-02-11T03:42:26.7300000Z,2019-02-11T03:01:41.9200000Z,2019-02-11T04:00:00.0000000Z,2019-02-11T03:00:00.0000000Z,4,32.89769108
3911,123.35720757,123.35720757,123.35720757,123.35720757,2019-02-11T04:10:19.2230000Z,2019-02-11T04:10:19.2230000Z,2019-02-11T05:00:00.0000000Z,2019-02-11T04:00:00.0000000Z,1,0.08325
3912,123.96491082,123.96491082,123.26190207,123.26190207,2019-02-11T05:37:09.8700000Z,2019-02-11T05:21:53.6730000Z,2019-02-11T06:00:00.0000000Z,2019-02-11T05:00:00.0000000Z,4,41.61750102
3913,122.7959015,122.7959015,122.7959015,122.7959015,2019-02-11T06:00:17.4200000Z,2019-02-11T06:00:17.4200000Z,2019-02-11T07:00:00.0000000Z,2019-02-11T06:00:00.0000000Z,1,0.04061618
3914,123.88935329,123.88935329,123.88935329,123.88935329,2019-02-11T08:21:37.9800000Z,2019-02-11T08:21:37.9800000Z,2019-02-11T09:00:00.0000000Z,2019-02-11T08:00:00.0000000Z,1,0.14070637
3915,123.7888452,123.7888452,123.77147,123.77147,2019-02-11T09:54:00.5970000Z,2019-02-11T09:29:25.8200000Z,2019-02-11T10:00:00.0000000Z,2019-02-11T09:00:00.0000000Z,3,2.44218091
3916,123.11122201,123.78884629,123.11122201,123.78884629,2019-02-11T10:12:45.7470000Z,2019-02-11T10:10:47.7000000Z,2019-02-11T11:00:00.0000000Z,2019-02-11T10:00:00.0000000Z,2,2.47594184
3917,123.23088266,123.42875676,122.70782618,123.42875676,2019-02-11T11:45:34.0300000Z,2019-02-11T11:12:06.9070000Z,2019-02-11T12:00:00.0000000Z,2019-02-11T11:00:00.0000000Z,4,3.7933071
3918,123.27095958,123.27095958,123.27095958,123.27095958,2019-02-11T12:34:11.3630000Z,2019-02-11T12:34:11.3630000Z,2019-02-11T13:00:00.0000000Z,2019-02-11T12:00:00.0000000Z,1,1.1912835
3919,123.27096,123.27096,123.27096,123.27096,2019-02-11T13:20:23.2070000Z,2019-02-11T13:20:23.2070000Z,2019-02-11T14:00:00.0000000Z,2019-02-11T13:00:00.0000000Z,1,0.55091799
3920,122.21935434,123.4,122.09371978,123.2,2019-02-11T14:57:55.7930000Z,2019-02-11T14:17:49.8870000Z,2019-02-11T15:00:00.0000000Z,2019-02-11T14:00:00.0000000Z,37,227.70074016
3921,122.33747273,123.05112091,122.33747273,123.05112091,2019-02-11T15:31:18.8400000Z,2019-02-11T15:08:16.7670000Z,2019-02-11T16:00:00.0000000Z,2019-02-11T15:00:00.0000000Z,3,9.12955626
3922,120.37349071,120.37349071,120.37349071,120.37349071,2019-02-12T05:03:27.2370000Z,2019-02-12T05:03:27.2370000Z,2019-02-12T06:00:00.0000000Z,2019-02-12T05:00:00.0000000Z,1,0.21739612
3923,121.71677844,121.71677844,121.71677844,121.71677844,2019-02-12T20:22:57.8770000Z,2019-02-12T20:22:57.8770000Z,2019-02-12T21:00:00.0000000Z,2019-02-12T20:00:00.0000000Z,1,3.927
3924,122.20759457,122.20759457,122.20759457,122.20759457,2019-02-13T00:18:30.1600000Z,2019-02-13T00:18:30.1600000Z,2019-02-13T01:00:00.0000000Z,2019-02-13T00:00:00.0000000Z,1,0.60424877
3925,121.5599641,121.5599641,121.5599641,121.5599641,2019-02-13T22:18:25.1300000Z,2019-02-13T22:18:25.1300000Z,2019-02-13T23:00:00.0000000Z,2019-02-13T22:00:00.0000000Z,1,1.31986763
3926,122.0,122.0,122.0,122.0,2019-02-13T23:36:46.9630000Z,2019-02-13T23:36:46.9630000Z,2019-02-14T00:00:00.0000000Z,2019-02-13T23:00:00.0000000Z,1,0.612
3927,121.05989268,121.05989268,121.05989268,121.05989268,2019-02-14T21:09:02.8800000Z,2019-02-14T21:09:02.8800000Z,2019-02-14T22:00:00.0000000Z,2019-02-14T21:00:00.0000000Z,1,0.02794792
3928,126.34356877,126.34356877,126.34356877,126.34356877,2019-02-18T00:09:43.5200000Z,2019-02-18T00:09:43.5200000Z,2019-02-18T01:00:00.0000000Z,2019-02-18T00:00:00.0000000Z,1,3.7652273
3929,130.37521687,130.37521687,130.37521687,130.37521687,2019-02-18T06:55:57.5170000Z,2019-02-18T06:55:57.5170000Z,2019-02-18T07:00:00.0000000Z,2019-02-18T06:00:00.0000000Z,1,0.19
3930,138.49999921,138.49999921,138.49999921,138.49999921,2019-02-18T15:50:32.1500000Z,2019-02-18T15:50:32.1500000Z,2019-02-18T16:00:00.0000000Z,2019-02-18T15:00:00.0000000Z,1,0.41314903000000003
3931,145.72747661,145.72747661,145.72747661,145.72747661,2019-02-19T01:05:25.4670000Z,2019-02-19T01:05:25.4670000Z,2019-02-19T02:00:00.0000000Z,2019-02-19T01:00:00.0000000Z,1,1.92285032
3932,146.0,146.0,146.0,146.0,2019-02-19T08:35:07.2700000Z,2019-02-19T08:35:07.2700000Z,2019-02-19T09:00:00.0000000Z,2019-02-19T08:00:00.0000000Z,1,0.6968200000000001
3933,143.65188635,143.65188635,143.65188635,143.65188635,2019-02-19T10:14:40.1700000Z,2019-02-19T10:14:40.1700000Z,2019-02-19T11:00:00.0000000Z,2019-02-19T10:00:00.0000000Z,1,4.326e-05
3934,143.999999,143.999999,143.999999,143.999999,2019-02-20T14:46:18.2870000Z,2019-02-20T14:46:18.2870000Z,2019-02-20T15:00:00.0000000Z,2019-02-20T14:00:00.0000000Z,1,2.43670828
3935,145.0,145.0,145.0,145.0,2019-02-20T16:33:54.6100000Z,2019-02-20T16:33:54.6100000Z,2019-02-20T17:00:00.0000000Z,2019-02-20T16:00:00.0000000Z,1,0.165624
3936,140.0,140.0,140.0,140.0,2019-02-21T11:26:20.3500000Z,2019-02-21T11:26:20.3500000Z,2019-02-21T12:00:00.0000000Z,2019-02-21T11:00:00.0000000Z,1,11.0
3937,142.3856742,142.38567431,142.3856742,142.38567431,2019-02-21T13:56:56.1970000Z,2019-02-21T13:41:39.4500000Z,2019-02-21T14:00:00.0000000Z,2019-02-21T13:00:00.0000000Z,2,3.48766656
3938,141.13803884,141.13803884,141.13803884,141.13803884,2019-02-22T07:16:03.2270000Z,2019-02-22T07:16:03.2270000Z,2019-02-22T08:00:00.0000000Z,2019-02-22T07:00:00.0000000Z,1,11.89458258
3939,143.21735064,143.21735064,143.21735064,143.21735064,2019-02-22T10:05:20.4630000Z,2019-02-22T10:05:20.4630000Z,2019-02-22T11:00:00.0000000Z,2019-02-22T10:00:00.0000000Z,1,0.9625205800000001
3940,133.00000006,133.00000006,133.00000006,133.00000006,2019-02-26T06:01:46.0900000Z,2019-02-26T06:01:46.0900000Z,2019-02-26T07:00:00.0000000Z,2019-02-26T06:00:00.0000000Z,1,1.7203280699999999
3941,132.0,132.0,132.0,132.0,2019-02-26T13:46:04.9700000Z,2019-02-26T13:46:04.9700000Z,2019-02-26T14:00:00.0000000Z,2019-02-26T13:00:00.0000000Z,1,0.71735794
3942,132.46972878,132.46972878,132.46972878,132.46972878,2019-02-26T16:16:56.9900000Z,2019-02-26T16:16:56.9900000Z,2019-02-26T17:00:00.0000000Z,2019-02-26T16:00:00.0000000Z,1,14.23283501
3943,132.38468796,132.38468796,132.38468796,132.38468796,2019-02-27T09:47:19.2500000Z,2019-02-27T09:47:19.2500000Z,2019-02-27T10:00:00.0000000Z,2019-02-27T09:00:00.0000000Z,1,5.34825211
3944,131.44932916,131.44932916,131.44932916,131.44932916,2019-02-27T15:30:16.7570000Z,2019-02-27T15:30:16.7570000Z,2019-02-27T16:00:00.0000000Z,2019-02-27T15:00:00.0000000Z,1,33.36239632
3945,132.12465469,132.12465469,132.12465469,132.12465469,2019-02-27T16:45:05.6300000Z,2019-02-27T16:45:05.6300000Z,2019-02-27T17:00:00.0000000Z,2019-02-27T16:00:00.0000000Z,1,44.5814594
3946,129.47230546,129.47230546,129.47230546,129.47230546,2019-02-27T21:24:13.2230000Z,2019-02-27T21:24:13.2230000Z,2019-02-27T22:00:00.0000000Z,2019-02-27T21:00:00.0000000Z,1,0.04419384
3947,132.49996284,132.49996284,132.49996284,132.49996284,2019-02-28T04:21:37.3700000Z,2019-02-28T04:21:37.3700000Z,2019-02-28T05:00:00.0000000Z,2019-02-28T04:00:00.0000000Z,1,0.67229799
3948,131.4,131.4,131.4,131.4,2019-02-28T07:37:47.1200000Z,2019-02-28T07:37:47.1200000Z,2019-02-28T08:00:00.0000000Z,2019-02-28T07:00:00.0000000Z,1,1.80181795
3949,132.25,132.25,132.25,132.25,2019-02-28T08:55:46.9300000Z,2019-02-28T08:55:46.9300000Z,2019-02-28T09:00:00.0000000Z,2019-02-28T08:00:00.0000000Z,1,0.5750000000000001
3950,130.0,130.0,130.0,130.0,2019-02-28T15:31:21.8000000Z,2019-02-28T15:31:21.8000000Z,2019-02-28T16:00:00.0000000Z,2019-02-28T15:00:00.0000000Z,1,1.42840196
3951,130.00968398,130.00968398,130.00968398,130.00968398,2019-02-28T17:49:56.6300000Z,2019-02-28T17:49:56.6300000Z,2019-02-28T18:00:00.0000000Z,2019-02-28T17:00:00.0000000Z,1,4.06526073
3952,131.99228718,131.99228718,131.99228718,131.99228718,2019-02-28T21:07:43.8500000Z,2019-02-28T21:07:43.8500000Z,2019-02-28T22:00:00.0000000Z,2019-02-28T21:00:00.0000000Z,1,0.08312986
3953,129.44527449,129.44527449,129.44527449,129.44527449,2019-03-01T04:29:16.6200000Z,2019-03-01T04:29:16.6200000Z,2019-03-01T05:00:00.0000000Z,2019-03-01T04:00:00.0000000Z,1,0.32189781
3954,131.0,131.0,131.0,131.0,2019-03-01T15:07:43.9700000Z,2019-03-01T15:03:07.0800000Z,2019-03-01T16:00:00.0000000Z,2019-03-01T15:00:00.0000000Z,2,0.26835945
3955,133.99995329,133.99995329,133.99995329,133.99995329,2019-03-01T16:57:08.7500000Z,2019-03-01T16:57:08.7500000Z,2019-03-01T17:00:00.0000000Z,2019-03-01T16:00:00.0000000Z,1,0.21991929000000002
3956,131.70592886,131.70592886,131.70592886,131.70592886,2019-03-01T22:15:01.8300000Z,2019-03-01T22:15:01.8300000Z,2019-03-01T23:00:00.0000000Z,2019-03-01T22:00:00.0000000Z,1,6.909e-05
3957,131.99996209,131.99996209,131.99996209,131.99996209,2019-03-02T01:11:17.8700000Z,2019-03-02T01:11:17.8700000Z,2019-03-02T02:00:00.0000000Z,2019-03-02T01:00:00.0000000Z,1,4.15101324
3958,128.92475596,128.92475596,128.92475596,128.92475596,2019-03-02T10:07:35.6600000Z,2019-03-02T10:07:35.6600000Z,2019-03-02T11:00:00.0000000Z,2019-03-02T10:00:00.0000000Z,1,0.28101111
3959,129.40089903,129.40089903,129.40089903,129.40089903,2019-03-02T17:27:30.2600000Z,2019-03-02T17:27:30.2600000Z,2019-03-02T18:00:00.0000000Z,2019-03-02T17:00:00.0000000Z,1,0.13
3960,130.00803462,130.00803462,130.00803462,130.00803462,2019-03-03T16:41:05.1700000Z,2019-03-03T16:41:05.1700000Z,2019-03-03T17:00:00.0000000Z,2019-03-03T16:00:00.0000000Z,1,16.64895646
3961,129.65391581,129.65391581,129.65391581,129.65391581,2019-03-03T19:47:49.0100000Z,2019-03-03T19:47:49.0100000Z,2019-03-03T20:00:00.0000000Z,2019-03-03T19:00:00.0000000Z,1,8.07015538
3962,125.1947196,125.1947196,125.1947196,125.1947196,2019-03-05T11:05:16.4900000Z,2019-03-05T11:05:16.4900000Z,2019-03-05T12:00:00.0000000Z,2019-03-05T11:00:00.0000000Z,1,0.188
3963,129.90582834,129.90582834,129.90582834,129.90582834,2019-03-05T13:50:48.9200000Z,2019-03-05T13:50:48.9200000Z,2019-03-05T14:00:00.0000000Z,2019-03-05T13:00:00.0000000Z,1,0.16368998
3964,131.27752107,131.27752107,131.27752107,131.27752107,2019-03-05T18:46:45.3700000Z,2019-03-05T18:46:45.3700000Z,2019-03-05T19:00:00.0000000Z,2019-03-05T18:00:00.0000000Z,1,3.0244936
3965,131.50349419,131.50349419,131.50349419,131.50349419,2019-03-05T19:43:03.7600000Z,2019-03-05T19:43:03.7600000Z,2019-03-05T20:00:00.0000000Z,2019-03-05T19:00:00.0000000Z,1,54.98343563
3966,129.50680261,129.50680261,129.50680261,129.50680261,2019-03-06T01:52:36.1200000Z,2019-03-06T01:52:36.1200000Z,2019-03-06T02:00:00.0000000Z,2019-03-06T01:00:00.0000000Z,1,0.09036272000000001
3967,131.62255761,131.62255761,131.62255761,131.62255761,2019-03-06T10:58:38.2400000Z,2019-03-06T10:58:38.2400000Z,2019-03-06T11:00:00.0000000Z,2019-03-06T10:00:00.0000000Z,1,4.2694491
3968,131.708068,131.708068,131.708068,131.708068,2019-03-06T23:21:26.8500000Z,2019-03-06T23:21:26.8500000Z,2019-03-07T00:00:00.0000000Z,2019-03-06T23:00:00.0000000Z,1,0.7434635900000001
3969,131.75000451,131.75000451,131.75000451,131.75000451,2019-03-07T01:38:47.2500000Z,2019-03-07T01:38:47.2500000Z,2019-03-07T02:00:00.0000000Z,2019-03-07T01:00:00.0000000Z,1,1.0
3970,131.71513325,132.53499997,131.71513325,132.2499,2019-03-07T03:52:30.7200000Z,2019-03-07T03:02:26.3500000Z,2019-03-07T04:00:00.0000000Z,2019-03-07T03:00:00.0000000Z,3,10.7069114
3971,132.535,132.535,132.535,132.535,2019-03-07T04:11:16.7600000Z,2019-03-07T04:11:16.7600000Z,2019-03-07T05:00:00.0000000Z,2019-03-07T04:00:00.0000000Z,1,0.133194
3972,130.3,130.3,130.3,130.3,2019-03-07T10:19:09.3200000Z,2019-03-07T10:19:09.3200000Z,2019-03-07T11:00:00.0000000Z,2019-03-07T10:00:00.0000000Z,1,2.0
3973,131.21634424,131.21634424,131.21634424,131.21634424,2019-03-07T12:35:04.3800000Z,2019-03-07T12:35:04.3800000Z,2019-03-07T13:00:00.0000000Z,2019-03-07T12:00:00.0000000Z,1,6.43047494
3974,130.14333352,130.14333352,130.14333352,130.14333352,2019-03-07T17:54:22.2100000Z,2019-03-07T17:54:22.2100000Z,2019-03-07T18:00:00.0000000Z,2019-03-07T17:00:00.0000000Z,1,0.6267508900000001
3975,130.04210547,130.04210547,130.04210547,130.04210547,2019-03-08T00:37:58.7200000Z,2019-03-08T00:37:58.7200000Z,2019-03-08T01:00:00.0000000Z,2019-03-08T00:00:00.0000000Z,1,0.00014317
3976,129.88037311,129.88037311,129.88037311,129.88037311,2019-03-08T17:57:59.5900000Z,2019-03-08T17:57:59.5900000Z,2019-03-08T18:00:00.0000000Z,2019-03-08T17:00:00.0000000Z,1,0.03209881
3977,130.52978128,130.52978128,130.52978128,130.52978128,2019-03-09T07:11:42.2900000Z,2019-03-09T07:11:42.2900000Z,2019-03-09T08:00:00.0000000Z,2019-03-09T07:00:00.0000000Z,1,0.2159159
3978,132.99005947,132.99005947,132.99005947,132.99005947,2019-03-09T14:15:14.0900000Z,2019-03-09T14:15:14.0900000Z,2019-03-09T15:00:00.0000000Z,2019-03-09T14:00:00.0000000Z,1,0.00034208000000000003
3979,130.24878296,130.24878296,130.24878296,130.24878296,2019-03-10T14:42:48.9700000Z,2019-03-10T14:42:48.9700000Z,2019-03-10T15:00:00.0000000Z,2019-03-10T14:00:00.0000000Z,1,0.41558399999999995
3980,131.0,131.0,131.0,131.0,2019-03-11T04:34:58.0300000Z,2019-03-11T04:34:58.0300000Z,2019-03-11T05:00:00.0000000Z,2019-03-11T04:00:00.0000000Z,1,6.02972016
3981,127.440802,127.440802,127.440802,127.440802,2019-03-11T13:09:25.0900000Z,2019-03-11T13:09:25.0900000Z,2019-03-11T14:00:00.0000000Z,2019-03-11T13:00:00.0000000Z,1,5.681
3982,127.99499345,127.99499345,127.99499345,127.99499345,2019-03-13T02:12:46.1700000Z,2019-03-13T02:12:46.1700000Z,2019-03-13T03:00:00.0000000Z,2019-03-13T02:00:00.0000000Z,1,3.085
3983,128.48999996,128.48999996,128.48999996,128.48999996,2019-03-13T03:28:30.3500000Z,2019-03-13T03:28:30.3500000Z,2019-03-13T04:00:00.0000000Z,2019-03-13T03:00:00.0000000Z,1,0.28879739
3984,127.92400018,127.92400018,127.92400018,127.92400018,2019-03-13T08:51:03.2800000Z,2019-03-13T08:51:03.2800000Z,2019-03-13T09:00:00.0000000Z,2019-03-13T08:00:00.0000000Z,1,0.83916
3985,129.37482655,129.37482655,129.37482655,129.37482655,2019-03-13T13:08:08.3200000Z,2019-03-13T13:08:08.3200000Z,2019-03-13T14:00:00.0000000Z,2019-03-13T13:00:00.0000000Z,1,0.6862
3986,127.66,127.66,127.66,127.66,2019-03-13T22:51:12.3100000Z,2019-03-13T22:51:12.3100000Z,2019-03-13T23:00:00.0000000Z,2019-03-13T22:00:00.0000000Z,1,0.055594870000000005
3987,130.17300791,130.17300791,130.17300791,130.17300791,2019-03-14T09:38:01.6400000Z,2019-03-14T09:38:01.6400000Z,2019-03-14T10:00:00.0000000Z,2019-03-14T09:00:00.0000000Z,1,1.37033231
3988,132.10332999,132.10332999,132.10332999,132.10332999,2019-03-15T04:17:10.8900000Z,2019-03-15T04:17:10.8900000Z,2019-03-15T05:00:00.0000000Z,2019-03-15T04:00:00.0000000Z,1,0.994
3989,158.65838792,158.65838792,154.50250566,154.50250566,2019-03-16T06:36:15.9300000Z,2019-03-16T06:20:37.6000000Z,2019-03-16T07:00:00.0000000Z,2019-03-16T06:00:00.0000000Z,3,6.25323593
3990,155.22294445,155.22294445,155.22294445,155.22294445,2019-03-16T09:48:34.5200000Z,2019-03-16T09:48:34.5200000Z,2019-03-16T10:00:00.0000000Z,2019-03-16T09:00:00.0000000Z,1,0.1
3991,155.41519259,155.41519259,155.41519259,155.41519259,2019-03-16T10:07:30.4400000Z,2019-03-16T10:07:30.4400000Z,2019-03-16T11:00:00.0000000Z,2019-03-16T10:00:00.0000000Z,1,3.222
3992,155.78039738,155.78039738,155.78039738,155.78039738,2019-03-16T23:49:42.1300000Z,2019-03-16T23:49:42.1300000Z,2019-03-17T00:00:00.0000000Z,2019-03-16T23:00:00.0000000Z,1,0.28750000000000003
3993,161.59943175,161.59943175,161.59943175,161.59943175,2019-03-18T05:09:15.8000000Z,2019-03-18T05:09:15.8000000Z,2019-03-18T06:00:00.0000000Z,2019-03-18T05:00:00.0000000Z,1,2.07172742
3994,159.98757698,159.98757698,159.98757698,159.98757698,2019-03-18T08:55:57.3600000Z,2019-03-18T08:55:57.3600000Z,2019-03-18T09:00:00.0000000Z,2019-03-18T08:00:00.0000000Z,1,1.4456246400000001
3995,161.80700014,161.80700014,161.80700014,161.80700014,2019-03-18T12:25:06.4200000Z,2019-03-18T12:25:06.4200000Z,2019-03-18T13:00:00.0000000Z,2019-03-18T12:00:00.0000000Z,1,0.062365130000000005
3996,160.25400001,160.25400001,160.25400001,160.25400001,2019-03-18T20:21:30.6800000Z,2019-03-18T20:21:30.6800000Z,2019-03-18T21:00:00.0000000Z,2019-03-18T20:00:00.0000000Z,1,6.17
3997,158.721999,158.721999,158.721999,158.721999,2019-03-19T13:16:19.6800000Z,2019-03-19T13:16:19.6800000Z,2019-03-19T14:00:00.0000000Z,2019-03-19T13:00:00.0000000Z,1,0.64151915
3998,159.31298958,159.31298958,159.31298958,159.31298958,2019-03-19T15:48:33.1700000Z,2019-03-19T15:48:33.1700000Z,2019-03-19T16:00:00.0000000Z,2019-03-19T15:00:00.0000000Z,1,0.28788227
3999,160.451743,160.451743,160.451743,160.451743,2019-03-19T18:18:02.6500000Z,2019-03-19T18:18:02.6500000Z,2019-03-19T19:00:00.0000000Z,2019-03-19T18:00:00.0000000Z,1,0.28282599999999997
4000,157.35058382,157.35058382,157.35058382,157.35058382,2019-03-20T00:57:51.4400000Z,2019-03-20T00:57:51.4400000Z,2019-03-20T01:00:00.0000000Z,2019-03-20T00:00:00.0000000Z,1,0.72460206
4001,156.5564414,156.5564414,156.5564414,156.5564414,2019-03-20T01:20:01.1500000Z,2019-03-20T01:20:01.1500000Z,2019-03-20T02:00:00.0000000Z,2019-03-20T01:00:00.0000000Z,1,0.55424077
4002,157.19475097,157.19475097,157.19475097,157.19475097,2019-03-20T10:23:26.9400000Z,2019-03-20T10:23:26.9400000Z,2019-03-20T11:00:00.0000000Z,2019-03-20T10:00:00.0000000Z,1,3.02654931
4003,158.10782301,158.10782301,158.10782301,158.10782301,2019-03-21T01:58:34.7500000Z,2019-03-21T01:58:34.7500000Z,2019-03-21T02:00:00.0000000Z,2019-03-21T01:00:00.0000000Z,1,0.405
4004,158.83629396,158.83629396,158.83629396,158.83629396,2019-03-21T03:15:06.3400000Z,2019-03-21T03:15:06.3400000Z,2019-03-21T04:00:00.0000000Z,2019-03-21T03:00:00.0000000Z,1,3.05662888
4005,158.08104093,158.08104093,158.08104093,158.08104093,2019-03-21T04:32:17.2600000Z,2019-03-21T04:32:17.2600000Z,2019-03-21T05:00:00.0000000Z,2019-03-21T04:00:00.0000000Z,1,2.1613952100000002
4006,157.72271164,157.72271164,157.72271164,157.72271164,2019-03-21T07:15:22.5700000Z,2019-03-21T07:15:22.5700000Z,2019-03-21T08:00:00.0000000Z,2019-03-21T07:00:00.0000000Z,1,1.675
4007,155.3105148,155.3105148,155.3105148,155.3105148,2019-03-21T13:45:02.5700000Z,2019-03-21T13:45:02.5700000Z,2019-03-21T14:00:00.0000000Z,2019-03-21T13:00:00.0000000Z,1,0.12233556
4008,152.69404773,152.69404773,152.69404773,152.69404773,2019-03-21T23:10:41.8800000Z,2019-03-21T23:10:41.8800000Z,2019-03-22T00:00:00.0000000Z,2019-03-21T23:00:00.0000000Z,1,6.17
4009,152.78214351,152.78214351,152.78214351,152.78214351,2019-03-22T04:09:02.1400000Z,2019-03-22T04:09:02.1400000Z,2019-03-22T05:00:00.0000000Z,2019-03-22T04:00:00.0000000Z,1,0.6377
4010,152.22610609,152.22610609,152.22610609,152.22610609,2019-03-22T08:16:54.0300000Z,2019-03-22T08:16:54.0300000Z,2019-03-22T09:00:00.0000000Z,2019-03-22T08:00:00.0000000Z,1,0.33030454
4011,153.68699913,153.68699913,152.62299745,152.62299745,2019-03-22T09:43:46.1600000Z,2019-03-22T09:30:57.3800000Z,2019-03-22T10:00:00.0000000Z,2019-03-22T09:00:00.0000000Z,2,0.5036499600000001
4012,155.8027357,155.8027357,155.8027357,155.8027357,2019-03-22T13:19:41.2700000Z,2019-03-22T13:19:41.2700000Z,2019-03-22T14:00:00.0000000Z,2019-03-22T13:00:00.0000000Z,1,17.15412
4013,157.0,157.0,157.0,157.0,2019-03-22T20:57:28.7900000Z,2019-03-22T20:57:28.7900000Z,2019-03-22T21:00:00.0000000Z,2019-03-22T20:00:00.0000000Z,1,1.61089722
4014,157.30105613,157.30105613,156.217,156.217,2019-03-23T01:40:06.2100000Z,2019-03-23T01:20:40.8700000Z,2019-03-23T02:00:00.0000000Z,2019-03-23T01:00:00.0000000Z,2,1.77285293
4015,161.34346788,161.34346788,161.34346788,161.34346788,2019-03-23T17:06:04.8200000Z,2019-03-23T17:06:04.8200000Z,2019-03-23T18:00:00.0000000Z,2019-03-23T17:00:00.0000000Z,1,6.151e-05
4016,163.51733548,163.51733548,163.51733548,163.51733548,2019-03-24T01:18:17.5300000Z,2019-03-24T01:18:17.5300000Z,2019-03-24T02:00:00.0000000Z,2019-03-24T01:00:00.0000000Z,1,0.83967077
4017,165.10583706,165.10583706,165.10583706,165.10583706,2019-03-24T10:21:29.6200000Z,2019-03-24T10:21:29.6200000Z,2019-03-24T11:00:00.0000000Z,2019-03-24T10:00:00.0000000Z,1,13.35784504
4018,156.0,156.0,156.0,156.0,2019-03-25T19:07:41.7500000Z,2019-03-25T19:07:41.7500000Z,2019-03-25T20:00:00.0000000Z,2019-03-25T19:00:00.0000000Z,1,0.24132656
4019,158.47447964,158.47447964,158.47447964,158.47447964,2019-03-25T21:39:29.2000000Z,2019-03-25T21:39:29.2000000Z,2019-03-25T22:00:00.0000000Z,2019-03-25T21:00:00.0000000Z,1,1.998002
4020,156.68749479,156.68749479,156.68749479,156.68749479,2019-03-26T20:17:13.1800000Z,2019-03-26T20:17:13.1800000Z,2019-03-26T21:00:00.0000000Z,2019-03-26T20:00:00.0000000Z,1,1.74582673
4021,165.20499999,165.20499999,165.20499999,165.20499999,2019-03-27T02:01:40.1900000Z,2019-03-27T02:01:40.1900000Z,2019-03-27T03:00:00.0000000Z,2019-03-27T02:00:00.0000000Z,1,2.6420997699999997
4022,164.03199999,164.03199999,164.03199999,164.03199999,2019-03-27T03:31:53.3500000Z,2019-03-27T03:31:53.3500000Z,2019-03-27T04:00:00.0000000Z,2019-03-27T03:00:00.0000000Z,1,0.01922772
4023,165.0,165.0,165.0,165.0,2019-03-27T04:10:24.1900000Z,2019-03-27T04:10:24.1900000Z,2019-03-27T05:00:00.0000000Z,2019-03-27T04:00:00.0000000Z,1,10.0
4024,164.66389457,164.66389457,164.66389457,164.66389457,2019-03-27T05:32:27.9100000Z,2019-03-27T05:32:27.9100000Z,2019-03-27T06:00:00.0000000Z,2019-03-27T05:00:00.0000000Z,1,0.686
4025,163.71045488,163.71045488,163.71045488,163.71045488,2019-03-27T06:30:59.4500000Z,2019-03-27T06:30:59.4500000Z,2019-03-27T07:00:00.0000000Z,2019-03-27T06:00:00.0000000Z,1,0.5
4026,167.28532812,167.28532812,164.77444626,164.77444626,2019-03-27T07:59:48.8100000Z,2019-03-27T07:16:38.4700000Z,2019-03-27T08:00:00.0000000Z,2019-03-27T07:00:00.0000000Z,4,0.68081817
4027,168.95668676,168.95668676,166.1889685,166.1889685,2019-03-27T08:59:07.7700000Z,2019-03-27T08:02:02.0800000Z,2019-03-27T09:00:00.0000000Z,2019-03-27T08:00:00.0000000Z,9,6.02473707
4028,167.98583905,170.361,167.11316325,169.0,2019-03-27T09:51:44.3400000Z,2019-03-27T09:00:07.6900000Z,2019-03-27T10:00:00.0000000Z,2019-03-27T09:00:00.0000000Z,22,47.95785373
4029,169.071,169.071,167.985,167.985,2019-03-27T10:18:35.2500000Z,2019-03-27T10:06:27.1200000Z,2019-03-27T11:00:00.0000000Z,2019-03-27T10:00:00.0000000Z,4,1.41568283
4030,168.547,168.547,167.55594954,167.55594954,2019-03-27T11:52:15.4300000Z,2019-03-27T11:07:04.0900000Z,2019-03-27T12:00:00.0000000Z,2019-03-27T11:00:00.0000000Z,3,8.63902062
4031,167.279,168.50281045,167.279,168.50281045,2019-03-27T12:36:24.2000000Z,2019-03-27T12:05:04.1100000Z,2019-03-27T13:00:00.0000000Z,2019-03-27T12:00:00.0000000Z,7,18.44452314
4032,168.03429907,168.03429907,166.91400001,166.91400001,2019-03-27T13:54:46.9400000Z,2019-03-27T13:02:12.5300000Z,2019-03-27T14:00:00.0000000Z,2019-03-27T13:00:00.0000000Z,5,6.519953
4033,167.96400001,168.03429907,167.46400001,168.03429907,2019-03-27T14:29:52.5800000Z,2019-03-27T14:01:13.8000000Z,2019-03-27T15:00:00.0000000Z,2019-03-27T14:00:00.0000000Z,3,3.17887906
4034,167.93043204,167.93043204,167.21900001,167.51267372,2019-03-27T15:44:42.1100000Z,2019-03-27T15:13:30.4800000Z,2019-03-27T16:00:00.0000000Z,2019-03-27T15:00:00.0000000Z,3,15.58247732
4035,166.6943589,166.6943589,166.6943589,166.6943589,2019-03-27T16:34:48.1300000Z,2019-03-27T16:34:48.1300000Z,2019-03-27T17:00:00.0000000Z,2019-03-27T16:00:00.0000000Z,1,0.10030107
4036,166.56398047,166.56398047,166.56398047,166.56398047,2019-03-27T17:31:02.7700000Z,2019-03-27T17:31:02.7700000Z,2019-03-27T18:00:00.0000000Z,2019-03-27T17:00:00.0000000Z,1,0.10720871
4037,166.728066,167.74481435,166.728066,167.74481435,2019-03-27T18:48:04.6200000Z,2019-03-27T18:45:07.2600000Z,2019-03-27T19:00:00.0000000Z,2019-03-27T18:00:00.0000000Z,2,2.59455811
4038,169.19028641,169.19028641,169.1,169.1,2019-03-27T19:51:40.3200000Z,2019-03-27T19:48:44.3800000Z,2019-03-27T20:00:00.0000000Z,2019-03-27T19:00:00.0000000Z,5,18.10278194
4039,166.9283307,168.29477797,166.88952298,168.29477797,2019-03-27T20:43:52.9700000Z,2019-03-27T20:05:42.8100000Z,2019-03-27T21:00:00.0000000Z,2019-03-27T20:00:00.0000000Z,4,0.94462581
4040,171.5850252,173.02200001,169.19028641,169.19028641,2019-03-27T23:55:20.1400000Z,2019-03-27T23:03:52.0500000Z,2019-03-28T00:00:00.0000000Z,2019-03-27T23:00:00.0000000Z,7,6.98263672
4041,169.21481262,169.84400001,169.17400001,169.84400001,2019-03-28T00:54:49.9700000Z,2019-03-28T00:11:26.3000000Z,2019-03-28T01:00:00.0000000Z,2019-03-28T00:00:00.0000000Z,3,2.99899
4042,169.0,169.58,169.0,169.58,2019-03-28T01:47:20.0400000Z,2019-03-28T01:34:51.8500000Z,2019-03-28T02:00:00.0000000Z,2019-03-28T01:00:00.0000000Z,2,10.06
4043,168.62100001,168.99999998,168.62100001,168.99999998,2019-03-28T03:59:07.9200000Z,2019-03-28T03:48:22.5000000Z,2019-03-28T04:00:00.0000000Z,2019-03-28T03:00:00.0000000Z,2,6.33175275
4044,167.62400001,167.95600001,167.62400001,167.95600001,2019-03-28T04:31:30.2900000Z,2019-03-28T04:07:39.1300000Z,2019-03-28T05:00:00.0000000Z,2019-03-28T04:00:00.0000000Z,2,1.43045538
4045,168.73730598,168.73730598,168.73730598,168.73730598,2019-03-28T06:24:12.8700000Z,2019-03-28T06:24:12.8700000Z,2019-03-28T07:00:00.0000000Z,2019-03-28T06:00:00.0000000Z,1,0.026668670000000002
4046,167.5,167.5,167.0,167.38420019,2019-03-28T07:40:58.4500000Z,2019-03-28T07:22:46.7100000Z,2019-03-28T08:00:00.0000000Z,2019-03-28T07:00:00.0000000Z,4,5.43790535
4047,166.18105207,167.0,166.0772797,167.0,2019-03-28T08:20:09.3200000Z,2019-03-28T08:01:38.9100000Z,2019-03-28T09:00:00.0000000Z,2019-03-28T08:00:00.0000000Z,3,1.23773042
4048,167.26774069,167.26774069,166.50523742,166.50523742,2019-03-28T10:46:45.4800000Z,2019-03-28T10:25:03.2900000Z,2019-03-28T11:00:00.0000000Z,2019-03-28T10:00:00.0000000Z,2,0.21956878
4049,165.96887905,165.96887905,165.96887905,165.96887905,2019-03-28T11:51:43.1700000Z,2019-03-28T11:51:43.1700000Z,2019-03-28T12:00:00.0000000Z,2019-03-28T11:00:00.0000000Z,1,0.60342852
4050,168.43482362,168.43482362,167.70547383,167.70547383,2019-03-28T14:55:29.2300000Z,2019-03-28T14:44:14.0700000Z,2019-03-28T15:00:00.0000000Z,2019-03-28T14:00:00.0000000Z,2,1.00070577
4051,168.139,168.139,168.139,168.139,2019-03-28T15:24:19.4500000Z,2019-03-28T15:24:19.4500000Z,2019-03-28T16:00:00.0000000Z,2019-03-28T15:00:00.0000000Z,1,0.05
4052,168.5,168.5,167.90742141,167.90742141,2019-03-28T16:43:56.1100000Z,2019-03-28T16:05:47.8800000Z,2019-03-28T17:00:00.0000000Z,2019-03-28T16:00:00.0000000Z,3,0.68789333
4053,168.96315596,168.96315596,167.89388187,168.2,2019-03-28T17:39:16.5300000Z,2019-03-28T17:05:44.4100000Z,2019-03-28T18:00:00.0000000Z,2019-03-28T17:00:00.0000000Z,5,3.07189637
4054,168.20784306,168.20784306,168.06618431,168.06618431,2019-03-28T18:32:35.2000000Z,2019-03-28T18:12:39.7400000Z,2019-03-28T19:00:00.0000000Z,2019-03-28T18:00:00.0000000Z,2,1.03394182
4055,167.141,167.141,167.141,167.141,2019-03-28T19:58:01.4700000Z,2019-03-28T19:58:01.4700000Z,2019-03-28T20:00:00.0000000Z,2019-03-28T19:00:00.0000000Z,1,0.00011465000000000001
4056,170.69440851,170.69440851,170.69440851,170.69440851,2019-03-29T00:54:34.8300000Z,2019-03-29T00:26:38.5200000Z,2019-03-29T01:00:00.0000000Z,2019-03-29T00:00:00.0000000Z,3,0.25694523
4057,168.58928299,168.58928299,168.58928299,168.58928299,2019-03-29T01:36:27.6800000Z,2019-03-29T01:36:27.6800000Z,2019-03-29T02:00:00.0000000Z,2019-03-29T01:00:00.0000000Z,1,11.871
4058,168.89386466,169.01949278,168.29773337,168.58928299,2019-03-29T03:48:22.6600000Z,2019-03-29T03:03:05.5600000Z,2019-03-29T04:00:00.0000000Z,2019-03-29T03:00:00.0000000Z,5,8.58360669
4059,168.5,168.5,168.5,168.5,2019-03-29T04:49:41.1100000Z,2019-03-29T04:01:15.0900000Z,2019-03-29T05:00:00.0000000Z,2019-03-29T04:00:00.0000000Z,2,0.39848811
4060,168.41582318,168.41582318,168.0,168.0,2019-03-29T05:32:42.9400000Z,2019-03-29T05:06:06.8700000Z,2019-03-29T06:00:00.0000000Z,2019-03-29T05:00:00.0000000Z,5,5.50373892
4061,168.10024777,168.10024777,168.10024777,168.10024777,2019-03-29T06:35:04.8500000Z,2019-03-29T06:35:04.8500000Z,2019-03-29T07:00:00.0000000Z,2019-03-29T06:00:00.0000000Z,1,0.5
4062,169.00291393,169.00291393,169.00291393,169.00291393,2019-03-29T07:45:06.8700000Z,2019-03-29T07:45:06.8700000Z,2019-03-29T08:00:00.0000000Z,2019-03-29T07:00:00.0000000Z,1,2.87345483
4063,170.30886016,170.30886016,169.118497,169.118497,2019-03-29T09:37:31.7600000Z,2019-03-29T09:01:12.8500000Z,2019-03-29T10:00:00.0000000Z,2019-03-29T09:00:00.0000000Z,4,3.16891054
4064,169.12922443,169.12922443,169.12922443,169.12922443,2019-03-29T15:02:56.1200000Z,2019-03-29T15:02:56.1200000Z,2019-03-29T16:00:00.0000000Z,2019-03-29T15:00:00.0000000Z,1,5.77437319
4065,169.61866311,169.61866311,169.61866311,169.61866311,2019-03-29T16:23:25.5500000Z,2019-03-29T16:23:25.5500000Z,2019-03-29T17:00:00.0000000Z,2019-03-29T16:00:00.0000000Z,1,0.04
4066,170.5,170.5,170.0,170.0,2019-03-29T18:49:25.8500000Z,2019-03-29T18:12:21.3900000Z,2019-03-29T19:00:00.0000000Z,2019-03-29T18:00:00.0000000Z,2,1.06562423
4067,169.58360279,169.58360279,169.54991435,169.54991435,2019-03-29T20:32:20.1800000Z,2019-03-29T20:01:20.7700000Z,2019-03-29T21:00:00.0000000Z,2019-03-29T20:00:00.0000000Z,2,1.18214035
4068,170.05937037,170.05937037,170.05937037,170.05937037,2019-03-29T22:01:16.1000000Z,2019-03-29T22:01:16.1000000Z,2019-03-29T23:00:00.0000000Z,2019-03-29T22:00:00.0000000Z,1,2.93837146
4069,170.70563047,170.70563047,170.70563047,170.70563047,2019-03-30T00:41:34.1400000Z,2019-03-30T00:41:34.1400000Z,2019-03-30T01:00:00.0000000Z,2019-03-30T00:00:00.0000000Z,1,0.025
4070,168.37690598,168.37690598,168.37690598,168.37690598,2019-03-30T07:54:48.9700000Z,2019-03-30T07:54:48.9700000Z,2019-03-30T08:00:00.0000000Z,2019-03-30T07:00:00.0000000Z,1,20.28552314
4071,168.04493723,168.04493723,168.04493723,168.04493723,2019-03-30T12:30:20.4300000Z,2019-03-30T12:30:20.4300000Z,2019-03-30T13:00:00.0000000Z,2019-03-30T12:00:00.0000000Z,1,1.0
4072,164.81639502,166.24942013,164.81639502,166.24942013,2019-03-30T15:55:05.4500000Z,2019-03-30T15:41:10.2500000Z,2019-03-30T16:00:00.0000000Z,2019-03-30T15:00:00.0000000Z,2,12.40506759
4073,165.49285913,165.49285913,165.49285913,165.49285913,2019-03-30T16:16:47.4100000Z,2019-03-30T16:16:47.4100000Z,2019-03-30T17:00:00.0000000Z,2019-03-30T16:00:00.0000000Z,1,1.5468932199999998
4074,166.50497036,166.50497036,166.50497036,166.50497036,2019-03-30T17:14:28.3300000Z,2019-03-30T17:14:28.3300000Z,2019-03-30T18:00:00.0000000Z,2019-03-30T17:00:00.0000000Z,1,2.15756613
4075,165.36768557,165.36768557,165.36768557,165.36768557,2019-03-30T18:32:12.6200000Z,2019-03-30T18:32:12.6200000Z,2019-03-30T19:00:00.0000000Z,2019-03-30T18:00:00.0000000Z,1,2.17752608
4076,166.4151658,166.4151658,166.4151658,166.4151658,2019-03-30T19:45:07.6200000Z,2019-03-30T19:45:07.6200000Z,2019-03-30T20:00:00.0000000Z,2019-03-30T19:00:00.0000000Z,1,2.9564751300000003
4077,165.34108269,165.34108269,165.34108269,165.34108269,2019-03-30T21:02:13.6000000Z,2019-03-30T21:02:13.6000000Z,2019-03-30T22:00:00.0000000Z,2019-03-30T21:00:00.0000000Z,1,2.95694944
4078,166.69999992,166.69999992,166.69999992,166.69999992,2019-03-30T22:15:52.7900000Z,2019-03-30T22:15:52.7900000Z,2019-03-30T23:00:00.0000000Z,2019-03-30T22:00:00.0000000Z,1,29.12755727
4079,168.15708505,168.15708505,168.15708505,168.15708505,2019-03-31T16:45:11.1900000Z,2019-03-31T16:45:11.1900000Z,2019-03-31T17:00:00.0000000Z,2019-03-31T16:00:00.0000000Z,1,1.62326182
4080,167.54613938,167.54613938,167.54613938,167.54613938,2019-03-31T18:23:48.7200000Z,2019-03-31T18:23:48.7200000Z,2019-03-31T19:00:00.0000000Z,2019-03-31T18:00:00.0000000Z,1,0.15
4081,168.17086473,168.17086473,168.17086473,168.17086473,2019-04-01T05:14:32.8500000Z,2019-04-01T05:14:32.8500000Z,2019-04-01T06:00:00.0000000Z,2019-04-01T05:00:00.0000000Z,1,0.3161835
4082,167.37139952,167.37139952,167.37139952,167.37139952,2019-04-01T13:41:16.8900000Z,2019-04-01T13:41:16.8900000Z,2019-04-01T14:00:00.0000000Z,2019-04-01T13:00:00.0000000Z,1,2.10345
4083,167.94758763,167.94758763,167.94758763,167.94758763,2019-04-01T16:31:40.9500000Z,2019-04-01T16:31:40.9500000Z,2019-04-01T17:00:00.0000000Z,2019-04-01T16:00:00.0000000Z,1,0.29696765
4084,167.5125978,167.5125978,167.5125978,167.5125978,2019-04-01T19:14:39.3800000Z,2019-04-01T19:14:39.3800000Z,2019-04-01T20:00:00.0000000Z,2019-04-01T19:00:00.0000000Z,1,0.02977388
4085,167.39601452,167.39601452,167.39601452,167.39601452,2019-04-01T20:30:10.8000000Z,2019-04-01T20:30:10.8000000Z,2019-04-01T21:00:00.0000000Z,2019-04-01T20:00:00.0000000Z,1,0.87617168
4086,178.50597295,178.50597295,178.03988658,178.03988658,2019-04-02T05:42:29.7700000Z,2019-04-02T05:39:58.7600000Z,2019-04-02T06:00:00.0000000Z,2019-04-02T05:00:00.0000000Z,2,0.35920421
4087,179.04393258,179.04393258,176.5,176.5,2019-04-02T06:35:00.5700000Z,2019-04-02T06:09:14.8900000Z,2019-04-02T07:00:00.0000000Z,2019-04-02T06:00:00.0000000Z,2,1.17266275
4088,193.96451822,193.96451822,191.82929998,191.82929998,2019-04-02T12:50:04.6800000Z,2019-04-02T12:36:52.5700000Z,2019-04-02T13:00:00.0000000Z,2019-04-02T12:00:00.0000000Z,2,0.856794
4089,202.69655535,202.69655535,202.69655535,202.69655535,2019-04-02T15:44:45.9200000Z,2019-04-02T15:44:45.9200000Z,2019-04-02T16:00:00.0000000Z,2019-04-02T15:00:00.0000000Z,1,0.12546000000000002
4090,217.1774,217.1774,217.1774,217.1774,2019-04-02T16:31:22.6700000Z,2019-04-02T16:31:22.6700000Z,2019-04-02T17:00:00.0000000Z,2019-04-02T16:00:00.0000000Z,1,0.99602058
4091,212.89950036,212.89950036,212.89950036,212.89950036,2019-04-02T17:14:56.9000000Z,2019-04-02T17:14:56.9000000Z,2019-04-02T18:00:00.0000000Z,2019-04-02T17:00:00.0000000Z,1,0.22547659
4092,216.01476721,216.01476721,215.64163463,215.64163463,2019-04-02T19:58:02.2000000Z,2019-04-02T19:45:38.9300000Z,2019-04-02T20:00:00.0000000Z,2019-04-02T19:00:00.0000000Z,2,5.9057954
4093,267.106,267.106,257.11366979,257.11366979,2019-04-03T01:56:29.0600000Z,2019-04-03T01:16:04.1300000Z,2019-04-03T02:00:00.0000000Z,2019-04-03T01:00:00.0000000Z,2,4.0615046
4094,271.0073765,275.07798578,268.54187515,268.54187515,2019-04-03T02:18:11.1100000Z,2019-04-03T02:09:40.2600000Z,2019-04-03T03:00:00.0000000Z,2019-04-03T02:00:00.0000000Z,3,3.6627738
4095,267.8589776,267.8589776,267.5,267.5,2019-04-03T03:06:40.2500000Z,2019-04-03T03:01:37.6100000Z,2019-04-03T04:00:00.0000000Z,2019-04-03T03:00:00.0000000Z,3,6.46361921
4096,259.89991622,259.89991622,259.89991622,259.89991622,2019-04-03T10:50:06.7500000Z,2019-04-03T10:50:06.7500000Z,2019-04-03T11:00:00.0000000Z,2019-04-03T10:00:00.0000000Z,1,1.01707911
4097,282.99049812,282.99049812,282.99049812,282.99049812,2019-04-03T12:19:36.2100000Z,2019-04-03T12:19:36.2100000Z,2019-04-03T13:00:00.0000000Z,2019-04-03T12:00:00.0000000Z,1,0.70895188
4098,306.58828422,306.58828422,301.9,301.9,2019-04-03T16:40:41.4400000Z,2019-04-03T16:31:13.7000000Z,2019-04-03T17:00:00.0000000Z,2019-04-03T16:00:00.0000000Z,2,0.37504185
4099,330.70194095,330.70194095,330.70194095,330.70194095,2019-04-03T17:10:07.1300000Z,2019-04-03T17:10:07.1300000Z,2019-04-03T18:00:00.0000000Z,2019-04-03T17:00:00.0000000Z,1,0.02012386
4100,324.0,324.0,324.0,324.0,2019-04-03T18:28:00.4400000Z,2019-04-03T18:28:00.4400000Z,2019-04-03T19:00:00.0000000Z,2019-04-03T18:00:00.0000000Z,1,0.58681607
4101,330.72357787,330.72357787,330.72357787,330.72357787,2019-04-03T19:21:31.2400000Z,2019-04-03T19:21:31.2400000Z,2019-04-03T20:00:00.0000000Z,2019-04-03T19:00:00.0000000Z,1,0.88553402
4102,334.99999712,341.03213511,334.99999712,341.03213511,2019-04-03T21:39:26.2500000Z,2019-04-03T21:11:16.5000000Z,2019-04-03T22:00:00.0000000Z,2019-04-03T21:00:00.0000000Z,2,0.5842
4103,308.79494965,308.79494965,308.79494965,308.79494965,2019-04-04T04:25:28.6500000Z,2019-04-04T04:25:28.6500000Z,2019-04-04T05:00:00.0000000Z,2019-04-04T04:00:00.0000000Z,1,0.02534495
4104,306.6900271,312.0,306.6900271,309.99999795,2019-04-04T05:58:47.7600000Z,2019-04-04T05:03:09.5700000Z,2019-04-04T06:00:00.0000000Z,2019-04-04T05:00:00.0000000Z,3,4.45014722
4105,302.86597744,302.86597744,302.86597744,302.86597744,2019-04-04T07:57:44.0800000Z,2019-04-04T07:57:44.0800000Z,2019-04-04T08:00:00.0000000Z,2019-04-04T07:00:00.0000000Z,1,0.05459205
4106,307.14484854,307.14484854,307.14484854,307.14484854,2019-04-04T12:13:01.6300000Z,2019-04-04T12:13:01.6300000Z,2019-04-04T13:00:00.0000000Z,2019-04-04T12:00:00.0000000Z,1,0.044
4107,293.13680666,293.13680666,293.13680666,293.13680666,2019-04-04T15:37:28.7800000Z,2019-04-04T15:37:28.7800000Z,2019-04-04T16:00:00.0000000Z,2019-04-04T15:00:00.0000000Z,1,1.01483942
4108,277.77281193,277.77281193,277.77281193,277.77281193,2019-04-04T16:58:56.7800000Z,2019-04-04T16:58:56.7800000Z,2019-04-04T17:00:00.0000000Z,2019-04-04T16:00:00.0000000Z,1,0.4182245
4109,289.27323189,289.27323189,287.01927631,287.01927631,2019-04-04T21:45:08.5200000Z,2019-04-04T21:23:19.2900000Z,2019-04-04T22:00:00.0000000Z,2019-04-04T21:00:00.0000000Z,3,2.95859093
4110,289.4443613,289.4443613,289.4443613,289.4443613,2019-04-04T23:33:03.4300000Z,2019-04-04T23:33:03.4300000Z,2019-04-05T00:00:00.0000000Z,2019-04-04T23:00:00.0000000Z,1,0.041
4111,291.00214266,291.00214266,291.00214266,291.00214266,2019-04-05T00:49:25.2300000Z,2019-04-05T00:49:25.2300000Z,2019-04-05T01:00:00.0000000Z,2019-04-05T00:00:00.0000000Z,1,0.15080056
4112,289.81120431,289.81120431,288.17954622,288.17954622,2019-04-05T01:25:30.6900000Z,2019-04-05T01:18:59.7000000Z,2019-04-05T02:00:00.0000000Z,2019-04-05T01:00:00.0000000Z,2,13.42610384
4113,285.20661187,290.0,285.20661187,290.0,2019-04-05T05:35:03.2500000Z,2019-04-05T05:20:45.0600000Z,2019-04-05T06:00:00.0000000Z,2019-04-05T05:00:00.0000000Z,3,7.44366819
4114,286.89,286.89,286.89,286.89,2019-04-05T06:45:37.2400000Z,2019-04-05T06:45:37.2400000Z,2019-04-05T07:00:00.0000000Z,2019-04-05T06:00:00.0000000Z,1,1.04308271
4115,286.2,286.2,286.2,286.2,2019-04-05T07:14:11.5900000Z,2019-04-05T07:14:11.5900000Z,2019-04-05T08:00:00.0000000Z,2019-04-05T07:00:00.0000000Z,1,1.74266247
4116,289.23128539,289.23128539,289.23128539,289.23128539,2019-04-05T08:53:01.1600000Z,2019-04-05T08:53:01.1600000Z,2019-04-05T09:00:00.0000000Z,2019-04-05T08:00:00.0000000Z,1,0.029
4117,285.92655521,285.92655521,285.92655521,285.92655521,2019-04-05T09:14:04.8200000Z,2019-04-05T09:14:04.8200000Z,2019-04-05T10:00:00.0000000Z,2019-04-05T09:00:00.0000000Z,1,0.17443291
4118,285.34699992,285.34699992,285.34699992,285.34699992,2019-04-05T15:34:30.3700000Z,2019-04-05T15:34:30.3700000Z,2019-04-05T16:00:00.0000000Z,2019-04-05T15:00:00.0000000Z,1,0.08761262
4119,292.6858856,292.6858856,292.6858856,292.6858856,2019-04-05T16:42:24.4500000Z,2019-04-05T16:42:24.4500000Z,2019-04-05T17:00:00.0000000Z,2019-04-05T16:00:00.0000000Z,1,0.10460652000000001
4120,291.38724038,291.38724038,291.38724038,291.38724038,2019-04-05T17:30:02.2900000Z,2019-04-05T17:30:02.2900000Z,2019-04-05T18:00:00.0000000Z,2019-04-05T17:00:00.0000000Z,1,0.12342249
4121,292.0,292.0,292.0,292.0,2019-04-05T18:05:53.3700000Z,2019-04-05T18:05:53.3700000Z,2019-04-05T19:00:00.0000000Z,2019-04-05T18:00:00.0000000Z,1,2.23380928
4122,292.1230273,292.1230273,290.8984506,290.8984506,2019-04-05T19:50:05.0000000Z,2019-04-05T19:03:17.7700000Z,2019-04-05T20:00:00.0000000Z,2019-04-05T19:00:00.0000000Z,2,0.95665747
4123,290.4817995,293.26647525,290.4817995,293.26647525,2019-04-05T20:35:17.1000000Z,2019-04-05T20:27:32.4400000Z,2019-04-05T21:00:00.0000000Z,2019-04-05T20:00:00.0000000Z,3,5.84176722
4124,292.62020767,292.62020767,290.76151874,290.76151874,2019-04-05T21:57:06.3100000Z,2019-04-05T21:00:07.1000000Z,2019-04-05T22:00:00.0000000Z,2019-04-05T21:00:00.0000000Z,2,5.5
4125,295.38338712,295.38338712,295.38338712,295.38338712,2019-04-05T22:50:57.8000000Z,2019-04-05T22:50:57.8000000Z,2019-04-05T23:00:00.0000000Z,2019-04-05T22:00:00.0000000Z,1,0.03635372
4126,292.15190618,292.15190618,292.15190618,292.15190618,2019-04-05T23:17:25.1300000Z,2019-04-05T23:17:25.1300000Z,2019-04-06T00:00:00.0000000Z,2019-04-05T23:00:00.0000000Z,1,1.0
4127,291.90736,291.90736,291.90736,291.90736,2019-04-06T00:24:04.6000000Z,2019-04-06T00:24:04.6000000Z,2019-04-06T01:00:00.0000000Z,2019-04-06T00:00:00.0000000Z,1,0.13025016
4128,287.07439993,287.07439993,287.07439993,287.07439993,2019-04-06T09:27:14.9700000Z,2019-04-06T09:27:14.9700000Z,2019-04-06T10:00:00.0000000Z,2019-04-06T09:00:00.0000000Z,1,0.50933138
4129,286.69199992,286.69199992,286.69199992,286.69199992,2019-04-06T11:34:07.1500000Z,2019-04-06T11:34:07.1500000Z,2019-04-06T12:00:00.0000000Z,2019-04-06T11:00:00.0000000Z,1,1.37593432
4130,312.23827885,312.23827885,312.23827885,312.23827885,2019-04-07T09:18:01.1600000Z,2019-04-07T09:18:01.1600000Z,2019-04-07T10:00:00.0000000Z,2019-04-07T09:00:00.0000000Z,1,0.75
4131,321.43800002,321.43800002,320.0,320.0,2019-04-07T12:54:33.1000000Z,2019-04-07T12:14:47.7400000Z,2019-04-07T13:00:00.0000000Z,2019-04-07T12:00:00.0000000Z,2,1.28
4132,320.65489104,320.65489104,320.65489104,320.65489104,2019-04-07T15:09:40.4500000Z,2019-04-07T15:09:40.4500000Z,2019-04-07T16:00:00.0000000Z,2019-04-07T15:00:00.0000000Z,1,5.96290564
4133,312.45947592,312.45947592,312.45947592,312.45947592,2019-04-07T16:42:13.8500000Z,2019-04-07T16:42:13.8500000Z,2019-04-07T17:00:00.0000000Z,2019-04-07T16:00:00.0000000Z,1,0.93052858
4134,322.14513724,322.14513724,316.98156685,316.98156685,2019-04-07T17:41:04.4600000Z,2019-04-07T17:09:54.1400000Z,2019-04-07T18:00:00.0000000Z,2019-04-07T17:00:00.0000000Z,3,0.46733817
4135,319.36770683,319.36770683,319.36770683,319.36770683,2019-04-07T18:26:03.2800000Z,2019-04-07T18:26:03.2800000Z,2019-04-07T19:00:00.0000000Z,2019-04-07T18:00:00.0000000Z,1,0.0469678
4136,318.17371454,318.17371454,318.17371454,318.17371454,2019-04-07T19:06:31.4800000Z,2019-04-07T19:06:31.4800000Z,2019-04-07T20:00:00.0000000Z,2019-04-07T19:00:00.0000000Z,1,1.5095
4137,319.36093161,319.36093161,319.36093161,319.36093161,2019-04-07T20:50:36.5500000Z,2019-04-07T20:50:36.5500000Z,2019-04-07T21:00:00.0000000Z,2019-04-07T20:00:00.0000000Z,1,0.54925022
4138,319.1,319.1,319.1,319.1,2019-04-07T22:09:56.5300000Z,2019-04-07T22:09:56.5300000Z,2019-04-07T23:00:00.0000000Z,2019-04-07T22:00:00.0000000Z,1,0.1
4139,304.19256901,304.19256901,304.19256901,304.19256901,2019-04-08T08:22:53.9000000Z,2019-04-08T08:22:53.9000000Z,2019-04-08T09:00:00.0000000Z,2019-04-08T08:00:00.0000000Z,1,0.23850911
4140,303.125,303.125,303.125,303.125,2019-04-08T10:33:40.0400000Z,2019-04-08T10:33:40.0400000Z,2019-04-08T11:00:00.0000000Z,2019-04-08T10:00:00.0000000Z,1,5.00320968
4141,298.8,298.8,298.8,298.8,2019-04-08T12:30:01.0600000Z,2019-04-08T12:30:01.0600000Z,2019-04-08T13:00:00.0000000Z,2019-04-08T12:00:00.0000000Z,1,0.08542497
4142,304.85603225,304.85603225,304.85603225,304.85603225,2019-04-08T13:24:03.3700000Z,2019-04-08T13:24:03.3700000Z,2019-04-08T14:00:00.0000000Z,2019-04-08T13:00:00.0000000Z,1,0.0575899
4143,308.50424311,308.50424311,302.20300001,302.20300001,2019-04-08T14:58:54.3100000Z,2019-04-08T14:20:36.9700000Z,2019-04-08T15:00:00.0000000Z,2019-04-08T14:00:00.0000000Z,4,12.94915623
4144,306.78400004,310.00000003,306.78400004,307.0,2019-04-08T15:59:03.9500000Z,2019-04-08T15:02:26.0300000Z,2019-04-08T16:00:00.0000000Z,2019-04-08T15:00:00.0000000Z,8,4.63282357
4145,301.0,303.69900003,301.0,303.14200003,2019-04-08T16:54:08.3600000Z,2019-04-08T16:18:57.6000000Z,2019-04-08T17:00:00.0000000Z,2019-04-08T16:00:00.0000000Z,5,11.76980046
4146,302.05958512,302.26262403,299.0,300.915,2019-04-08T17:58:45.9200000Z,2019-04-08T17:09:25.5500000Z,2019-04-08T18:00:00.0000000Z,2019-04-08T17:00:00.0000000Z,8,6.18092539
4147,305.5,305.5,303.924,303.924,2019-04-08T18:26:48.0400000Z,2019-04-08T18:16:54.9500000Z,2019-04-08T19:00:00.0000000Z,2019-04-08T18:00:00.0000000Z,3,1.6294103199999999
4148,307.07380058,307.07380058,304.909,304.909,2019-04-08T19:54:52.5500000Z,2019-04-08T19:15:43.8900000Z,2019-04-08T20:00:00.0000000Z,2019-04-08T19:00:00.0000000Z,3,0.44316297
4149,306.47046036,306.47046036,305.17984436,305.17984436,2019-04-08T20:41:44.9800000Z,2019-04-08T20:00:37.6900000Z,2019-04-08T21:00:00.0000000Z,2019-04-08T20:00:00.0000000Z,2,0.16527732
4150,307.38048732,307.38048732,307.38048732,307.38048732,2019-04-08T21:54:10.8500000Z,2019-04-08T21:54:10.8500000Z,2019-04-08T22:00:00.0000000Z,2019-04-08T21:00:00.0000000Z,1,0.73460505
4151,293.5,293.5,293.5,293.5,2019-04-09T10:01:28.3100000Z,2019-04-09T10:01:28.3100000Z,2019-04-09T11:00:00.0000000Z,2019-04-09T10:00:00.0000000Z,1,2.8944504
4152,298.57999995,298.57999995,298.57999995,298.57999995,2019-04-09T12:00:11.2500000Z,2019-04-09T12:00:11.2500000Z,2019-04-09T13:00:00.0000000Z,2019-04-09T12:00:00.0000000Z,1,0.19006794
4153,297.18627896,297.18627896,296.5,296.5,2019-04-09T15:28:47.3600000Z,2019-04-09T15:09:57.3400000Z,2019-04-09T16:00:00.0000000Z,2019-04-09T15:00:00.0000000Z,2,0.90073271
4154,298.497,298.49845,295.18921914,297.0,2019-04-09T16:55:37.4300000Z,2019-04-09T16:09:50.6900000Z,2019-04-09T17:00:00.0000000Z,2019-04-09T16:00:00.0000000Z,4,17.94034832
4155,298.49845,298.49845,298.49845,298.49845,2019-04-09T17:05:15.9000000Z,2019-04-09T17:05:15.9000000Z,2019-04-09T18:00:00.0000000Z,2019-04-09T17:00:00.0000000Z,1,17.47845109
4156,295.14845623,295.14845623,295.13954956,295.13954956,2019-04-09T18:55:07.5300000Z,2019-04-09T18:33:37.0400000Z,2019-04-09T19:00:00.0000000Z,2019-04-09T18:00:00.0000000Z,2,1.33259411
4157,296.19269385,296.19269385,294.75086662,294.75086662,2019-04-09T19:57:45.4000000Z,2019-04-09T19:40:19.5900000Z,2019-04-09T20:00:00.0000000Z,2019-04-09T19:00:00.0000000Z,2,7.86774006
4158,298.63765276,298.63765276,295.95093385,295.95093385,2019-04-09T20:37:08.2200000Z,2019-04-09T20:21:39.3600000Z,2019-04-09T21:00:00.0000000Z,2019-04-09T20:00:00.0000000Z,2,0.047667430000000004
4159,295.92397223,297.58562816,295.92397223,297.58562816,2019-04-09T21:41:10.1600000Z,2019-04-09T21:11:20.9100000Z,2019-04-09T22:00:00.0000000Z,2019-04-09T21:00:00.0000000Z,2,3.96639448
4160,292.0,295.92397223,292.0,295.92397223,2019-04-09T22:57:55.3800000Z,2019-04-09T22:03:30.5800000Z,2019-04-09T23:00:00.0000000Z,2019-04-09T22:00:00.0000000Z,2,28.35782158
4161,300.64599999,300.64599999,300.64599999,300.64599999,2019-04-10T02:19:29.1400000Z,2019-04-10T02:19:29.1400000Z,2019-04-10T03:00:00.0000000Z,2019-04-10T02:00:00.0000000Z,1,0.16630854
4162,299.7,299.7,297.9,297.9,2019-04-10T04:50:05.3900000Z,2019-04-10T04:13:26.7700000Z,2019-04-10T05:00:00.0000000Z,2019-04-10T04:00:00.0000000Z,3,4.81733278
4163,298.75400933,298.75400933,298.75400933,298.75400933,2019-04-10T05:04:27.7200000Z,2019-04-10T05:04:27.7200000Z,2019-04-10T06:00:00.0000000Z,2019-04-10T05:00:00.0000000Z,1,0.45614486
4164,298.79518072,300.10999999,298.79518072,300.10999999,2019-04-10T09:58:48.2100000Z,2019-04-10T09:18:26.6000000Z,2019-04-10T10:00:00.0000000Z,2019-04-10T09:00:00.0000000Z,3,0.44343194
4165,297.67,298.79518071,297.67,298.79518071,2019-04-10T10:26:02.4800000Z,2019-04-10T10:02:05.1200000Z,2019-04-10T11:00:00.0000000Z,2019-04-10T10:00:00.0000000Z,2,0.45311819000000003
4166,298.27532099,298.27532099,298.27532099,298.27532099,2019-04-10T11:43:36.6800000Z,2019-04-10T11:43:36.6800000Z,2019-04-10T12:00:00.0000000Z,2019-04-10T11:00:00.0000000Z,1,0.01880577
4167,302.4390226,302.4390226,302.4390226,302.4390226,2019-04-10T13:00:10.2400000Z,2019-04-10T13:00:10.2400000Z,2019-04-10T14:00:00.0000000Z,2019-04-10T13:00:00.0000000Z,1,0.9854653800000001
4168,300.38179607,300.38179607,300.38179607,300.38179607,2019-04-10T14:32:05.2300000Z,2019-04-10T14:32:05.2300000Z,2019-04-10T15:00:00.0000000Z,2019-04-10T14:00:00.0000000Z,1,3.0
4169,300.2586574,300.79987313,300.0,300.79987313,2019-04-10T15:46:56.1100000Z,2019-04-10T15:14:31.2500000Z,2019-04-10T16:00:00.0000000Z,2019-04-10T15:00:00.0000000Z,3,0.1744124
4170,299.77855319,300.74867527,299.77855319,300.74867527,2019-04-10T16:20:42.9100000Z,2019-04-10T16:04:07.2700000Z,2019-04-10T17:00:00.0000000Z,2019-04-10T16:00:00.0000000Z,2,5.02453957
4171,302.46029944,302.46029944,299.67398801,299.67398801,2019-04-10T17:54:30.3300000Z,2019-04-10T17:02:36.9100000Z,2019-04-10T18:00:00.0000000Z,2019-04-10T17:00:00.0000000Z,7,9.89386721
4172,308.32555879,308.32555879,301.62098009,301.62098009,2019-04-10T18:55:50.4300000Z,2019-04-10T18:02:49.1100000Z,2019-04-10T19:00:00.0000000Z,2019-04-10T18:00:00.0000000Z,2,10.23100154
4173,306.7956765,310.68173114,305.43753259,310.68173114,2019-04-10T19:47:17.3100000Z,2019-04-10T19:09:32.8500000Z,2019-04-10T20:00:00.0000000Z,2019-04-10T19:00:00.0000000Z,8,15.598805070000001
4174,302.644,307.69901147,299.38824484,307.69901147,2019-04-10T20:56:19.9200000Z,2019-04-10T20:11:07.2500000Z,2019-04-10T21:00:00.0000000Z,2019-04-10T20:00:00.0000000Z,9,8.22420529
4175,300.25480481,301.47897288,300.17208213,300.87690199,2019-04-10T21:33:07.8000000Z,2019-04-10T21:02:57.8600000Z,2019-04-10T22:00:00.0000000Z,2019-04-10T21:00:00.0000000Z,5,6.6086195
4176,300.11400096,300.11400096,298.43585177,299.56442916,2019-04-10T22:47:28.7800000Z,2019-04-10T22:00:25.7900000Z,2019-04-10T23:00:00.0000000Z,2019-04-10T22:00:00.0000000Z,3,2.93340639
4177,304.20300005,304.20300005,304.20300005,304.20300005,2019-04-10T23:24:23.9900000Z,2019-04-10T23:24:23.9900000Z,2019-04-11T00:00:00.0000000Z,2019-04-10T23:00:00.0000000Z,1,0.16903079999999998
4178,300.0,301.432,300.0,301.432,2019-04-11T01:57:12.6300000Z,2019-04-11T01:32:16.9000000Z,2019-04-11T02:00:00.0000000Z,2019-04-11T01:00:00.0000000Z,2,4.36980857
4179,272.61100005,272.61100005,272.61100005,272.61100005,2019-04-11T09:48:50.1800000Z,2019-04-11T09:48:50.1800000Z,2019-04-11T10:00:00.0000000Z,2019-04-11T09:00:00.0000000Z,1,0.28656395
4180,274.495,274.4954037,273.8,274.4954037,2019-04-11T10:18:46.0600000Z,2019-04-11T10:08:03.2200000Z,2019-04-11T11:00:00.0000000Z,2019-04-11T10:00:00.0000000Z,4,6.45836501
4181,263.04092762,263.04092762,260.20600001,260.20600001,2019-04-11T12:40:04.0100000Z,2019-04-11T12:29:13.4300000Z,2019-04-11T13:00:00.0000000Z,2019-04-11T12:00:00.0000000Z,2,3.9046016100000003
4182,262.46330839,265.48579906,262.46330839,265.48579906,2019-04-11T13:55:39.3400000Z,2019-04-11T13:51:30.1900000Z,2019-04-11T14:00:00.0000000Z,2019-04-11T13:00:00.0000000Z,2,2.26420506
4183,269.99999,271.36569682,264.34100088,264.34100088,2019-04-11T14:57:13.5400000Z,2019-04-11T14:16:38.8800000Z,2019-04-11T15:00:00.0000000Z,2019-04-11T14:00:00.0000000Z,11,12.35808012
4184,273.37340161,274.40892579,269.35401186,269.35401186,2019-04-11T15:48:14.6600000Z,2019-04-11T15:02:28.1000000Z,2019-04-11T16:00:00.0000000Z,2019-04-11T15:00:00.0000000Z,5,15.52008362
4185,272.225,272.225,271.2,271.2,2019-04-11T16:58:46.4800000Z,2019-04-11T16:37:36.0200000Z,2019-04-11T17:00:00.0000000Z,2019-04-11T16:00:00.0000000Z,2,0.10025372
4186,273.50717829,273.50717829,270.839,270.839,2019-04-11T17:45:10.6100000Z,2019-04-11T17:17:41.7200000Z,2019-04-11T18:00:00.0000000Z,2019-04-11T17:00:00.0000000Z,4,2.76138268
4187,273.68900005,275.3781576,273.68900005,275.3781576,2019-04-11T18:42:26.3200000Z,2019-04-11T18:06:04.5500000Z,2019-04-11T19:00:00.0000000Z,2019-04-11T18:00:00.0000000Z,6,2.16293794
4188,273.90900003,273.90900003,273.90900003,273.90900003,2019-04-11T19:44:05.6400000Z,2019-04-11T19:44:05.6400000Z,2019-04-11T20:00:00.0000000Z,2019-04-11T19:00:00.0000000Z,1,2.41341151
4189,273.68405547,273.68405547,273.379,273.379,2019-04-11T20:22:58.7000000Z,2019-04-11T20:05:08.9100000Z,2019-04-11T21:00:00.0000000Z,2019-04-11T20:00:00.0000000Z,2,3.1336333
4190,266.17848625,267.9192021,266.17848625,267.9192021,2019-04-11T21:48:57.9000000Z,2019-04-11T21:15:08.5400000Z,2019-04-11T22:00:00.0000000Z,2019-04-11T21:00:00.0000000Z,2,9.93458009
4191,269.02809441,269.02809441,265.0,265.0,2019-04-11T22:50:07.6600000Z,2019-04-11T22:18:17.9200000Z,2019-04-11T23:00:00.0000000Z,2019-04-11T22:00:00.0000000Z,3,4.90717034
4192,273.017,273.017,270.25299715,270.25299715,2019-04-11T23:25:21.4100000Z,2019-04-11T23:15:24.8500000Z,2019-04-12T00:00:00.0000000Z,2019-04-11T23:00:00.0000000Z,2,2.86166827
4193,270.64867549,270.64867549,270.64867549,270.64867549,2019-04-12T00:45:00.1100000Z,2019-04-12T00:45:00.1100000Z,2019-04-12T01:00:00.0000000Z,2019-04-12T00:00:00.0000000Z,1,25.79114686
4194,266.38501213,268.8803457,266.38501213,268.8803457,2019-04-12T04:59:42.3700000Z,2019-04-12T04:25:39.7900000Z,2019-04-12T05:00:00.0000000Z,2019-04-12T04:00:00.0000000Z,3,5.43212379
4195,264.9179989,264.94798839,264.9179989,264.94798839,2019-04-12T05:30:08.7500000Z,2019-04-12T05:07:07.6600000Z,2019-04-12T06:00:00.0000000Z,2019-04-12T05:00:00.0000000Z,2,2.39964417
4196,263.49379212,263.49379212,263.49379212,263.49379212,2019-04-12T08:26:09.7500000Z,2019-04-12T08:26:09.7500000Z,2019-04-12T09:00:00.0000000Z,2019-04-12T08:00:00.0000000Z,1,1.02777778
4197,279.7725215,279.7725215,279.7725215,279.7725215,2019-04-12T13:54:58.3600000Z,2019-04-12T13:54:58.3600000Z,2019-04-12T14:00:00.0000000Z,2019-04-12T13:00:00.0000000Z,1,0.44913884
4198,278.617,281.9985091,278.617,281.9985091,2019-04-12T14:14:50.2200000Z,2019-04-12T14:02:39.2400000Z,2019-04-12T15:00:00.0000000Z,2019-04-12T14:00:00.0000000Z,2,0.17805028
4199,279.63403071,279.90248959,279.63403071,279.90248959,2019-04-12T15:28:42.7100000Z,2019-04-12T15:23:41.7200000Z,2019-04-12T16:00:00.0000000Z,2019-04-12T15:00:00.0000000Z,2,6.2738299699999995
4200,280.00426553,280.00426553,280.00426553,280.00426553,2019-04-12T19:20:30.9100000Z,2019-04-12T19:20:30.9100000Z,2019-04-12T20:00:00.0000000Z,2019-04-12T19:00:00.0000000Z,1,5.51909215
4201,283.49850998,283.49850998,283.49850998,283.49850998,2019-04-13T00:12:40.3900000Z,2019-04-13T00:12:40.3900000Z,2019-04-13T01:00:00.0000000Z,2019-04-13T00:00:00.0000000Z,1,0.77172875
4202,282.40763548,282.40763548,282.40763548,282.40763548,2019-04-13T02:17:48.2200000Z,2019-04-13T02:17:48.2200000Z,2019-04-13T03:00:00.0000000Z,2019-04-13T02:00:00.0000000Z,1,0.10507034
4203,285.0,285.0,284.51825149,284.51825149,2019-04-13T03:17:07.1300000Z,2019-04-13T03:12:40.4500000Z,2019-04-13T04:00:00.0000000Z,2019-04-13T03:00:00.0000000Z,2,0.056535260000000004
4204,280.67938311,280.67938311,280.67938311,280.67938311,2019-04-13T04:13:00.9300000Z,2019-04-13T04:13:00.9300000Z,2019-04-13T05:00:00.0000000Z,2019-04-13T04:00:00.0000000Z,1,0.02
4205,279.92039872,279.92039872,279.92039872,279.92039872,2019-04-13T05:18:45.7600000Z,2019-04-13T05:18:45.7600000Z,2019-04-13T06:00:00.0000000Z,2019-04-13T05:00:00.0000000Z,1,0.9227000000000001
4206,278.20949769,278.84314989,278.20949769,278.84314989,2019-04-13T06:43:45.9100000Z,2019-04-13T06:01:15.0100000Z,2019-04-13T07:00:00.0000000Z,2019-04-13T06:00:00.0000000Z,3,3.98911055
4207,274.93692504,274.93692504,274.93692504,274.93692504,2019-04-13T08:28:05.8900000Z,2019-04-13T08:28:05.8900000Z,2019-04-13T09:00:00.0000000Z,2019-04-13T08:00:00.0000000Z,1,0.09070262
4208,274.43349709,274.80780216,274.43349709,274.80780216,2019-04-13T09:33:51.7200000Z,2019-04-13T09:32:51.0200000Z,2019-04-13T10:00:00.0000000Z,2019-04-13T09:00:00.0000000Z,2,0.4539
4209,272.52804374,274.47239074,272.21599519,274.47239074,2019-04-13T10:38:31.9000000Z,2019-04-13T10:10:21.7400000Z,2019-04-13T11:00:00.0000000Z,2019-04-13T10:00:00.0000000Z,3,5.90297567
4210,271.52850577,273.82229581,271.0,271.0,2019-04-13T11:47:12.7000000Z,2019-04-13T11:03:35.4300000Z,2019-04-13T12:00:00.0000000Z,2019-04-13T11:00:00.0000000Z,3,9.36559014
4211,272.78683866,272.78683866,272.25425297,272.25425297,2019-04-13T12:31:05.9300000Z,2019-04-13T12:03:01.4600000Z,2019-04-13T13:00:00.0000000Z,2019-04-13T12:00:00.0000000Z,2,1.6489315800000002
4212,279.90393845,280.49935462,279.0,280.49935462,2019-04-13T15:55:11.7600000Z,2019-04-13T15:07:21.7700000Z,2019-04-13T16:00:00.0000000Z,2019-04-13T15:00:00.0000000Z,3,0.92204171
4213,276.76074995,277.84971947,276.76074995,277.84971947,2019-04-13T17:30:09.0100000Z,2019-04-13T17:00:11.9500000Z,2019-04-13T18:00:00.0000000Z,2019-04-13T17:00:00.0000000Z,2,1.72070304
4214,276.76074995,276.76074995,276.76074995,276.76074995,2019-04-13T18:50:06.1300000Z,2019-04-13T18:05:27.9800000Z,2019-04-13T19:00:00.0000000Z,2019-04-13T18:00:00.0000000Z,2,4.21990217
4215,275.83124422,275.83124422,275.83124422,275.83124422,2019-04-13T19:46:04.6300000Z,2019-04-13T19:46:04.6300000Z,2019-04-13T20:00:00.0000000Z,2019-04-13T19:00:00.0000000Z,1,5.44282523
4216,274.0,274.0,274.0,274.0,2019-04-13T20:50:27.0400000Z,2019-04-13T20:50:27.0400000Z,2019-04-13T21:00:00.0000000Z,2019-04-13T20:00:00.0000000Z,1,0.39743062
4217,273.21441179,273.21441179,273.21441179,273.21441179,2019-04-13T21:20:43.0700000Z,2019-04-13T21:20:43.0700000Z,2019-04-13T22:00:00.0000000Z,2019-04-13T21:00:00.0000000Z,1,10.21679925
4218,274.39003796,274.39003796,274.39003796,274.39003796,2019-04-13T22:01:14.9800000Z,2019-04-13T22:01:14.9800000Z,2019-04-13T23:00:00.0000000Z,2019-04-13T22:00:00.0000000Z,1,2.77391472
4219,277.12034781,279.47539222,277.12034781,278.72679263,2019-04-13T23:52:19.1300000Z,2019-04-13T23:05:45.3700000Z,2019-04-14T00:00:00.0000000Z,2019-04-13T23:00:00.0000000Z,3,1.78925123
4220,278.82986003,278.82986003,278.82986003,278.82986003,2019-04-14T00:17:27.8500000Z,2019-04-14T00:17:27.8500000Z,2019-04-14T01:00:00.0000000Z,2019-04-14T00:00:00.0000000Z,1,0.30978044
4221,277.99747406,279.95809745,277.99747406,279.95809745,2019-04-14T01:37:52.3300000Z,2019-04-14T01:18:11.7600000Z,2019-04-14T02:00:00.0000000Z,2019-04-14T01:00:00.0000000Z,2,5.8658909
4222,277.82752514,277.82752514,277.82752514,277.82752514,2019-04-14T02:00:10.5600000Z,2019-04-14T02:00:10.5600000Z,2019-04-14T03:00:00.0000000Z,2019-04-14T02:00:00.0000000Z,1,1.23661846
4223,272.5,272.5,272.5,272.5,2019-04-14T05:29:02.7900000Z,2019-04-14T05:29:02.7900000Z,2019-04-14T06:00:00.0000000Z,2019-04-14T05:00:00.0000000Z,1,1.12367792
4224,272.43697977,273.0774074,272.43697977,273.0774074,2019-04-14T06:44:34.6500000Z,2019-04-14T06:32:19.7800000Z,2019-04-14T07:00:00.0000000Z,2019-04-14T06:00:00.0000000Z,2,22.533
4225,276.61499701,276.61499701,276.61499701,276.61499701,2019-04-14T07:49:32.3400000Z,2019-04-14T07:49:32.3400000Z,2019-04-14T08:00:00.0000000Z,2019-04-14T07:00:00.0000000Z,1,1.36470748
4226,275.26858201,275.26858201,275.26858201,275.26858201,2019-04-14T08:28:34.5300000Z,2019-04-14T08:28:34.5300000Z,2019-04-14T09:00:00.0000000Z,2019-04-14T08:00:00.0000000Z,1,4.0
4227,276.59374822,276.6751756,276.59374822,276.6751756,2019-04-14T09:55:06.2700000Z,2019-04-14T09:47:13.2300000Z,2019-04-14T10:00:00.0000000Z,2019-04-14T09:00:00.0000000Z,2,3.06701441
4228,278.96887914,278.96887914,278.59433886,278.59433886,2019-04-14T10:31:48.1000000Z,2019-04-14T10:00:11.5100000Z,2019-04-14T11:00:00.0000000Z,2019-04-14T10:00:00.0000000Z,2,0.57474552
4229,278.14464417,278.14464417,278.14464417,278.14464417,2019-04-14T11:59:10.5400000Z,2019-04-14T11:59:10.5400000Z,2019-04-14T12:00:00.0000000Z,2019-04-14T11:00:00.0000000Z,1,1.0
4230,276.8696655,276.8696655,276.8696655,276.8696655,2019-04-14T12:36:16.1300000Z,2019-04-14T12:36:16.1300000Z,2019-04-14T13:00:00.0000000Z,2019-04-14T12:00:00.0000000Z,1,1.8510461999999999
4231,281.90066605,281.90066605,281.90066605,281.90066605,2019-04-14T13:24:42.7300000Z,2019-04-14T13:24:42.7300000Z,2019-04-14T14:00:00.0000000Z,2019-04-14T13:00:00.0000000Z,1,0.07232927
4232,276.25349708,277.62347434,276.0,277.62347434,2019-04-14T15:51:27.3600000Z,2019-04-14T15:35:09.6200000Z,2019-04-14T16:00:00.0000000Z,2019-04-14T15:00:00.0000000Z,3,2.16748728
4233,277.6234743,277.6234743,277.6234743,277.6234743,2019-04-14T16:50:09.3200000Z,2019-04-14T16:50:09.3200000Z,2019-04-14T17:00:00.0000000Z,2019-04-14T16:00:00.0000000Z,1,1.22706076
4234,277.67537852,277.67537852,277.67537852,277.67537852,2019-04-14T17:13:01.7600000Z,2019-04-14T17:13:01.7600000Z,2019-04-14T18:00:00.0000000Z,2019-04-14T17:00:00.0000000Z,1,0.019
4235,280.74313696,280.74313696,278.71298609,278.71298609,2019-04-14T21:17:20.9400000Z,2019-04-14T21:02:14.5000000Z,2019-04-14T22:00:00.0000000Z,2019-04-14T21:00:00.0000000Z,2,3.56796572
4236,287.00000007,289.31525256,287.00000007,289.31525256,2019-04-14T23:58:24.9300000Z,2019-04-14T23:04:20.1200000Z,2019-04-15T00:00:00.0000000Z,2019-04-14T23:00:00.0000000Z,2,1.63954614
4237,302.46420844,303.84059191,302.46420844,303.84059191,2019-04-15T01:59:18.3800000Z,2019-04-15T01:36:24.2800000Z,2019-04-15T02:00:00.0000000Z,2019-04-15T01:00:00.0000000Z,2,0.58257878
4238,301.20628759,301.20628759,300.88548701,300.88548701,2019-04-15T02:47:50.9800000Z,2019-04-15T02:19:52.5600000Z,2019-04-15T03:00:00.0000000Z,2019-04-15T02:00:00.0000000Z,2,3.73991939
4239,297.65489127,297.65489127,297.65489127,297.65489127,2019-04-15T03:43:51.9300000Z,2019-04-15T03:43:51.9300000Z,2019-04-15T04:00:00.0000000Z,2019-04-15T03:00:00.0000000Z,1,0.2938
4240,297.90068153,300.39096914,297.90068153,300.39096914,2019-04-15T07:53:54.5100000Z,2019-04-15T07:00:10.4800000Z,2019-04-15T08:00:00.0000000Z,2019-04-15T07:00:00.0000000Z,2,2.92563649
4241,299.21284846,299.21284846,299.21284846,299.21284846,2019-04-15T09:10:57.5700000Z,2019-04-15T09:10:57.5700000Z,2019-04-15T10:00:00.0000000Z,2019-04-15T09:00:00.0000000Z,1,0.08438351
4242,296.64637713,296.64637713,295.29273506,295.66789196,2019-04-15T11:38:54.9600000Z,2019-04-15T11:00:21.7600000Z,2019-04-15T12:00:00.0000000Z,2019-04-15T11:00:00.0000000Z,3,13.63206505
4243,294.0,294.0,291.94816889,291.94816889,2019-04-15T12:37:34.9300000Z,2019-04-15T12:11:19.7400000Z,2019-04-15T13:00:00.0000000Z,2019-04-15T12:00:00.0000000Z,3,6.08257704
4244,295.2,296.4205568,295.2,296.21067303,2019-04-15T13:47:45.3700000Z,2019-04-15T13:02:27.7900000Z,2019-04-15T14:00:00.0000000Z,2019-04-15T13:00:00.0000000Z,4,5.34045299
4245,320.28653721,320.28653721,320.28653721,320.28653721,2019-04-15T16:21:43.3700000Z,2019-04-15T16:21:43.3700000Z,2019-04-15T17:00:00.0000000Z,2019-04-15T16:00:00.0000000Z,1,0.57452052
4246,305.63813913,315.5,305.63813913,315.5,2019-04-15T17:55:22.5000000Z,2019-04-15T17:07:59.9100000Z,2019-04-15T18:00:00.0000000Z,2019-04-15T17:00:00.0000000Z,2,2.29694589
4247,310.80371275,310.80371275,307.33302185,307.33302185,2019-04-15T18:17:50.5200000Z,2019-04-15T18:02:36.7900000Z,2019-04-15T19:00:00.0000000Z,2019-04-15T18:00:00.0000000Z,2,4.06473874
4248,307.82580953,307.82580953,307.82580953,307.82580953,2019-04-15T19:02:10.8700000Z,2019-04-15T19:02:10.8700000Z,2019-04-15T20:00:00.0000000Z,2019-04-15T19:00:00.0000000Z,1,0.22366076000000001
4249,307.62758357,307.62758357,307.62758357,307.62758357,2019-04-15T21:39:16.3500000Z,2019-04-15T21:39:16.3500000Z,2019-04-15T22:00:00.0000000Z,2019-04-15T21:00:00.0000000Z,1,0.02497479
4250,313.07742118,313.07742118,310.0,310.0,2019-04-15T22:32:40.2200000Z,2019-04-15T22:11:35.2600000Z,2019-04-15T23:00:00.0000000Z,2019-04-15T22:00:00.0000000Z,3,0.8948422300000001
4251,316.54792461,316.54792461,313.58097334,313.58097334,2019-04-15T23:23:13.6100000Z,2019-04-15T23:06:47.9900000Z,2019-04-16T00:00:00.0000000Z,2019-04-15T23:00:00.0000000Z,2,0.67268454
4252,317.64127981,317.64127981,317.5,317.5,2019-04-16T00:49:42.4800000Z,2019-04-16T00:32:32.5200000Z,2019-04-16T01:00:00.0000000Z,2019-04-16T00:00:00.0000000Z,2,5.5
4253,318.91284842,319.0,318.35775724,319.0,2019-04-16T01:42:38.1000000Z,2019-04-16T01:24:25.0900000Z,2019-04-16T02:00:00.0000000Z,2019-04-16T01:00:00.0000000Z,3,3.79269305
4254,313.95099246,314.22243789,313.58863904,314.22243789,2019-04-16T02:48:23.2200000Z,2019-04-16T02:02:15.3500000Z,2019-04-16T03:00:00.0000000Z,2019-04-16T02:00:00.0000000Z,3,2.20834546
4255,309.2365954,313.80643626,309.2365954,313.80643626,2019-04-16T03:59:10.9300000Z,2019-04-16T03:14:44.5900000Z,2019-04-16T04:00:00.0000000Z,2019-04-16T03:00:00.0000000Z,6,4.45702655
4256,312.62739748,312.85647488,312.62739748,312.85647488,2019-04-16T04:44:48.8900000Z,2019-04-16T04:31:49.6100000Z,2019-04-16T05:00:00.0000000Z,2019-04-16T04:00:00.0000000Z,2,6.11604279
4257,313.80392541,313.80392541,309.55,309.55,2019-04-16T05:28:58.4500000Z,2019-04-16T05:05:51.2500000Z,2019-04-16T06:00:00.0000000Z,2019-04-16T05:00:00.0000000Z,2,0.5922611600000001
4258,311.51799742,311.51799742,311.51799742,311.51799742,2019-04-16T06:17:32.3900000Z,2019-04-16T06:17:32.3900000Z,2019-04-16T07:00:00.0000000Z,2019-04-16T06:00:00.0000000Z,1,0.724
4259,312.40804488,313.65227118,312.40804488,313.0,2019-04-16T07:42:46.5600000Z,2019-04-16T07:05:37.4800000Z,2019-04-16T08:00:00.0000000Z,2019-04-16T07:00:00.0000000Z,3,13.00922842
4260,319.21766573,319.21766573,315.73379417,315.73379417,2019-04-16T08:51:19.9200000Z,2019-04-16T08:05:39.3600000Z,2019-04-16T09:00:00.0000000Z,2019-04-16T08:00:00.0000000Z,4,1.60265427
4261,321.14494937,321.14494937,318.01180703,320.89142825,2019-04-16T09:51:02.7800000Z,2019-04-16T09:23:52.0500000Z,2019-04-16T10:00:00.0000000Z,2019-04-16T09:00:00.0000000Z,4,8.91414949
4262,311.87960689,314.50505186,311.87960689,313.32798085,2019-04-16T10:58:33.7800000Z,2019-04-16T10:11:13.4500000Z,2019-04-16T11:00:00.0000000Z,2019-04-16T10:00:00.0000000Z,4,6.38306349
4263,313.73413139,314.67619907,313.73413139,314.67619907,2019-04-16T11:59:40.3700000Z,2019-04-16T11:31:31.1700000Z,2019-04-16T12:00:00.0000000Z,2019-04-16T11:00:00.0000000Z,2,1.279
4264,311.2620851,314.24638212,311.2620851,314.24638212,2019-04-16T12:52:04.4600000Z,2019-04-16T12:27:42.3400000Z,2019-04-16T13:00:00.0000000Z,2019-04-16T12:00:00.0000000Z,3,1.53100243
4265,305.7080598,305.7080598,305.7080598,305.7080598,2019-04-16T13:59:47.4300000Z,2019-04-16T13:59:47.4300000Z,2019-04-16T14:00:00.0000000Z,2019-04-16T13:00:00.0000000Z,1,0.01880577
4266,308.23325028,308.23325028,306.93031129,306.93031129,2019-04-16T14:59:00.7900000Z,2019-04-16T14:28:36.5000000Z,2019-04-16T15:00:00.0000000Z,2019-04-16T14:00:00.0000000Z,2,0.81572499
4267,312.14068801,312.14068801,309.05976598,309.05976598,2019-04-16T15:57:06.8100000Z,2019-04-16T15:23:14.0100000Z,2019-04-16T16:00:00.0000000Z,2019-04-16T15:00:00.0000000Z,3,4.78436903
4268,309.0,313.25632825,309.0,313.25632825,2019-04-16T16:59:58.4700000Z,2019-04-16T16:01:15.4400000Z,2019-04-16T17:00:00.0000000Z,2019-04-16T16:00:00.0000000Z,2,1.65
4269,314.97397774,317.21757172,314.97397774,317.21757172,2019-04-16T18:48:21.5900000Z,2019-04-16T18:21:22.0000000Z,2019-04-16T19:00:00.0000000Z,2019-04-16T18:00:00.0000000Z,2,3.15659375
4270,316.45513767,317.19354184,314.34731126,314.34731126,2019-04-16T19:49:57.2000000Z,2019-04-16T19:00:11.4200000Z,2019-04-16T20:00:00.0000000Z,2019-04-16T19:00:00.0000000Z,5,20.87284542
4271,316.46907852,316.46907852,316.1411068,316.1411068,2019-04-16T20:50:26.5300000Z,2019-04-16T20:02:27.4300000Z,2019-04-16T21:00:00.0000000Z,2019-04-16T20:00:00.0000000Z,2,2.8125
4272,317.22076909,317.70402247,316.15602919,316.15602919,2019-04-16T21:43:39.1200000Z,2019-04-16T21:21:36.0100000Z,2019-04-16T22:00:00.0000000Z,2019-04-16T21:00:00.0000000Z,4,8.30285176
4273,316.0,316.0,316.0,316.0,2019-04-16T22:44:47.5000000Z,2019-04-16T22:44:47.5000000Z,2019-04-16T23:00:00.0000000Z,2019-04-16T22:00:00.0000000Z,1,0.5
4274,316.81100829,316.81100829,316.0,316.0,2019-04-16T23:49:18.2700000Z,2019-04-16T23:28:54.1600000Z,2019-04-17T00:00:00.0000000Z,2019-04-16T23:00:00.0000000Z,2,4.10506746
4275,314.50000001,319.99999997,314.50000001,319.99999997,2019-04-17T00:59:28.4800000Z,2019-04-17T00:14:45.2100000Z,2019-04-17T01:00:00.0000000Z,2019-04-17T00:00:00.0000000Z,4,5.84661656
4276,312.24551622,312.24551622,311.11353608,311.11353608,2019-04-17T01:24:04.4100000Z,2019-04-17T01:18:19.0300000Z,2019-04-17T02:00:00.0000000Z,2019-04-17T01:00:00.0000000Z,2,0.38362519
4277,310.96312249,312.43405579,310.96312249,312.43405579,2019-04-17T03:17:25.9900000Z,2019-04-17T03:06:06.8800000Z,2019-04-17T04:00:00.0000000Z,2019-04-17T03:00:00.0000000Z,2,0.22821833
4278,311.555,311.555,311.555,311.555,2019-04-17T04:13:50.0400000Z,2019-04-17T04:13:50.0400000Z,2019-04-17T05:00:00.0000000Z,2019-04-17T04:00:00.0000000Z,1,0.43166795
4279,310.0,312.45722237,310.0,311.74573729,2019-04-17T05:51:11.3900000Z,2019-04-17T05:06:07.6400000Z,2019-04-17T06:00:00.0000000Z,2019-04-17T05:00:00.0000000Z,3,1.39211968
4280,309.2,310.05322675,309.2,310.05322675,2019-04-17T06:40:01.2600000Z,2019-04-17T06:08:44.6400000Z,2019-04-17T07:00:00.0000000Z,2019-04-17T06:00:00.0000000Z,2,12.27432301
4281,313.02903408,313.02903408,313.02903408,313.02903408,2019-04-17T11:42:35.1700000Z,2019-04-17T11:42:35.1700000Z,2019-04-17T12:00:00.0000000Z,2019-04-17T11:00:00.0000000Z,1,0.040031
4282,313.0,313.0,313.0,313.0,2019-04-17T12:01:47.7200000Z,2019-04-17T12:01:47.7200000Z,2019-04-17T13:00:00.0000000Z,2019-04-17T12:00:00.0000000Z,1,2.37100111
4283,308.0,309.17822659,308.0,309.17822659,2019-04-17T13:54:05.8200000Z,2019-04-17T13:27:07.6500000Z,2019-04-17T14:00:00.0000000Z,2019-04-17T13:00:00.0000000Z,2,1.37108265
4284,307.69706687,307.69706687,307.5,307.5,2019-04-17T14:47:52.6900000Z,2019-04-17T14:04:42.3600000Z,2019-04-17T15:00:00.0000000Z,2019-04-17T14:00:00.0000000Z,2,0.39208765
